mid_date,start_date,end_date,volume,elevation,alongshore_centroid_m,alongshore_start_m,alongshore_end_m,width,height,vol_unc,month,qc_flag
2021-01-06,2020-12-17,2021-01-26,887.2474851902382,29.174832967832728,1000.222865312832,985.3788991961628,1018.304137759842,32.92523856367916,31.75,0.91248889207493,1,real
2023-02-04,2023-02-03,2023-02-06,681.7772676147852,7.756074048507712,260.40013328815945,194.42158428486437,317.42029240727425,122.99870812240988,15.5,1.4568064736613728,2,needs_check
2024-12-09,2024-12-03,2024-12-16,319.924644908399,14.299214548685718,27.364069941381796,24.49954040208831,31.748899311758574,7.249358909670264,8.0,0.3325102864899698,12,real
2019-07-05,2019-07-02,2019-07-08,301.0118505977578,27.087345408542394,960.4650795215026,948.2133587868884,980.889159359038,32.675800572149456,21.75,0.7544552165771696,7,real
2021-01-06,2020-12-17,2021-01-26,212.58156550719815,3.7441599081589136,1152.4263513921535,1085.1521770935506,1216.1276775831357,130.9755004895851,4.75,0.6996239582064727,1,real
2023-01-14,2023-01-09,2023-01-20,172.84727778238133,6.172172853359752,1009.6196566385923,982.6351349879988,1034.018428506795,51.38329351879656,8.5,0.6411473986989392,1,real
2023-01-05,2023-01-04,2023-01-06,171.376903263454,4.617873494014749,1006.3159575691558,973.904974377714,1036.5127609670162,62.60778658930212,6.75,0.6499832522320602,1,real
2018-12-22,2018-12-18,2018-12-26,169.77752028851205,4.1454411970862735,1070.9180093603195,1027.782542514149,1109.6019210107625,81.81937849661335,5.5,0.6265522751126095,12,real
2021-11-20,2021-11-18,2021-11-22,150.0482789543098,29.136698334036804,282.2397226916937,278.0008251531981,286.4834944056347,8.482669252436608,8.0,0.2255977316769589,11,needs_check
2021-11-20,2021-11-18,2021-11-22,131.23221544413173,5.103515208579143,125.19060922877176,123.81585405161604,126.560246033594,2.7443919819779694,5.75,0.1359228062080474,11,needs_check
2021-11-24,2021-11-22,2021-11-27,127.90404447373642,18.19076731283825,181.7062150873323,178.70370066864416,184.691465807613,5.987765138968825,3.0,0.1275942094471089,11,needs_check
2023-01-05,2023-01-04,2023-01-06,120.77947163371296,4.464054811575354,936.0788393927204,895.5829621241428,972.6578649911098,77.07490286696702,6.0,0.600711519756853,1,real
2024-12-09,2024-12-03,2024-12-16,119.3043697765745,9.494160946566948,30.876965680706473,28.23280344437808,33.615530950482935,5.382727506104857,15.0,0.2921470661210383,12,real
2023-01-05,2023-01-04,2023-01-06,118.58936005926508,4.35863919491729,1075.6411254947218,1036.0138376327232,1114.0927535444498,78.07891591172665,5.0,0.5898029190766568,1,real
2025-10-11,2025-10-06,2025-10-17,114.0885316547958,10.657034701662088,162.83452554972675,147.7669146116823,171.21899424307048,23.452079631388187,11.0,0.3871319562544358,10,real
2023-03-11,2023-03-06,2023-03-17,107.37493398393345,30.105365731028687,923.9075452395434,914.2904493263924,930.50366141228,16.21321208588779,11.25,0.3829624307989637,3,real
2021-11-20,2021-11-18,2021-11-22,96.44507817557476,28.995459556323443,270.7174659398681,269.0191753380932,272.7615292984992,3.742353960406035,3.75,0.1216335297101488,11,needs_check
2019-01-13,2019-01-07,2019-01-19,96.32126173306249,3.7413222073871273,1005.2161202201762,972.6578081469052,1037.5104939509183,64.85268580401316,5.0,0.526588235422872,1,real
2021-01-06,2020-12-17,2021-01-26,94.19088625678124,42.89976663234753,996.2263668487026,991.115862352308,1004.5853119804524,13.469449628144504,4.0,0.2181775901419776,1,real
2021-11-20,2021-11-18,2021-11-22,91.56992332385954,33.09597291271544,581.4472629483096,580.3831668752246,582.6285811024718,2.245414227247238,3.5,0.1071083730879397,11,needs_check
2021-11-10,2021-11-08,2021-11-12,80.96584606051496,18.499726080678457,181.8551832140893,180.45013229222968,183.69350520009175,3.2433729078620672,2.25,0.1005465499841159,11,needs_check
2020-04-19,2020-04-16,2020-04-23,79.43586979383404,18.957691639048768,1066.858742867216,1060.208857493475,1075.1749060959555,14.96604860248044,8.5,0.4056973964861718,4,real
2023-02-04,2023-02-03,2023-02-06,76.7056597663969,18.701920154454974,447.9299208514131,431.4373829974793,465.1185854608193,33.681202463340014,5.75,0.485260497032078,2,real
2025-05-23,2025-05-19,2025-05-27,74.8620398407803,6.740254392306478,80.08096634765636,78.39852928509936,81.91462491638958,3.516095631290227,2.5,0.1171926573483411,5,needs_check
2021-11-20,2021-11-18,2021-11-22,73.72400327317605,26.339581795149883,207.49207114768,206.3971165176481,208.892019060906,2.494902543257922,3.0,0.1080907583377281,11,needs_check
2021-11-20,2021-11-18,2021-11-22,71.59860281639199,12.698163323789949,124.37453340213922,122.81789269763976,126.560246033594,3.742353335954249,5.75,0.1601625449238136,11,needs_check
2023-01-05,2023-01-04,2023-01-06,71.48033010603537,3.948996910584042,800.6748513604409,757.2172448420897,840.0185979180969,82.80135307600722,3.5,0.4871983960536174,1,real
2021-11-20,2021-11-18,2021-11-22,66.26297159165279,12.1777246710037,133.5990734024567,131.7995409052819,135.5418937439099,3.742352838627994,4.5,0.14738656240462,11,needs_check
2021-11-20,2021-11-18,2021-11-22,62.1068390687249,26.201261143492037,555.7919369878695,554.4361600526609,557.4300448349677,2.99388478230685,2.75,0.1138755912413775,11,needs_check
2021-11-20,2021-11-18,2021-11-22,60.71693040524469,25.136163387863732,195.69865506788585,194.17209419514984,197.41546685481444,3.243372659664601,2.5,0.1036593437844604,11,needs_check
2018-10-22,2018-10-08,2018-11-05,60.558099400901845,13.553300285639274,41.37443561210239,40.83256741473451,42.248702072538435,1.416134657803923,3.25,0.0926352567188528,10,needs_check
2024-12-09,2024-12-03,2024-12-16,59.97106980383163,9.340880731522512,28.07119353078614,26.832830009050667,29.882267438806593,3.049437429755926,2.75,0.124558379307297,12,real
2021-11-24,2021-11-22,2021-11-27,59.21878046654387,20.825606754318606,578.7442725922599,577.6387721817009,580.1336759296246,2.494903747923672,2.0,0.1440063029684256,11,needs_check
2021-11-20,2021-11-18,2021-11-22,58.006956581319045,14.810284918028517,646.2418615720378,644.44653747743,648.1846340256743,3.738096548244357,2.25,0.1095583618813086,11,needs_check
2025-07-25,2025-07-22,2025-07-28,56.746290021322,14.289301956932553,26.51826265381388,25.66618520580232,27.782306699082255,2.116121493279934,3.0,0.1442866020771843,7,needs_check
2023-01-05,2023-01-04,2023-01-06,56.05933028762925,4.056454951981262,1210.0010448264115,1181.954229510855,1239.324970898684,57.370741387829185,2.75,0.412312092606134,1,real
2024-12-09,2024-12-03,2024-12-16,55.2018060306963,11.709348044292758,27.737620520573948,26.599501141812652,28.94895173655823,2.3494505947455764,3.0,0.1221521849261142,12,real
2021-06-22,2021-06-01,2021-07-14,54.806958711747,17.641302004663164,1047.7427775528006,1042.7485332749784,1052.9753512027671,10.226817927788945,9.0,0.3507728686576716,6,real
2022-09-03,2022-08-30,2022-09-08,53.91949227598799,4.220981207165994,63.040290087881694,42.93252838822082,86.58120366046205,43.648675272241235,5.75,0.4218012189838498,9,needs_check
2021-11-20,2021-11-18,2021-11-22,53.181729499146726,12.900844832500256,290.0894123179951,288.9783970382996,290.974319064524,1.9959220262244344,3.0,0.0726769757303836,11,needs_check
2019-12-26,2019-12-22,2019-12-30,52.20399991925333,15.762017766799389,549.489303878366,542.4606182114221,555.4341216925532,12.973503481131049,10.75,0.3617152854646288,12,real
2023-02-04,2023-02-03,2023-02-06,52.15575171699123,16.369737990879983,675.6816570755255,667.8700408586301,683.3198899654672,15.449849106837064,9.0,0.3757123959807892,2,real
2018-10-22,2018-10-08,2018-11-05,50.26739160688493,15.355306891097271,35.359764013911885,32.89938265783712,36.88213625783101,3.982753599993885,8.0,0.2174208762341684,10,real
2024-02-03,2024-01-30,2024-02-08,49.94454831277078,2.9545886035131024,703.0349134504582,676.5915587437339,727.2551197446883,50.66356100095436,2.5,0.3300933405434183,2,real
2019-01-13,2019-01-07,2019-01-19,49.82102302519268,4.695516379702723,1061.2609138101243,1048.4854969312437,1076.1726388302632,27.68714189901948,4.75,0.3737878509090437,1,real
2024-01-03,2023-12-28,2024-01-10,49.79911985364987,7.113964369853461,1013.9428919978982,996.3539595184848,1025.2882668976672,28.934307379182428,6.25,0.3596970248120356,1,real
2019-12-26,2019-12-22,2019-12-30,48.67294042728222,7.173843868210863,80.76991560571517,79.7985029546544,82.14795401832089,2.3494510636664927,2.5,0.0730695119617141,12,needs_check
2024-01-18,2024-01-10,2024-01-26,47.47714771485967,2.6185286494146545,65.20877747836307,44.79915932379663,85.41455932660028,40.61540000280365,3.0,0.3050896309849884,1,real
2021-11-16,2021-11-15,2021-11-18,47.2009857005021,16.917697088991137,130.58127863189236,129.30463851522654,132.04903099453077,2.7443924793042243,2.25,0.2004910123075909,11,needs_check
2021-01-06,2020-12-17,2021-01-26,45.229963473692976,3.984364620889491,1056.3951264487823,1021.54671236407,1085.1522339363582,63.605521572288126,3.5,0.3769305200825908,1,real
2021-11-10,2021-11-08,2021-11-12,43.93897825432517,18.311428390945977,192.92067663292136,191.67719230381772,194.92056446475908,3.2433721609413624,1.5,0.0831096895237984,11,needs_check
2021-11-20,2021-11-18,2021-11-22,43.59175665986529,26.998339983367995,590.984432000506,590.1132950568572,592.109217769932,1.9959227130748332,1.75,0.0787280474315109,11,needs_check
2025-03-03,2025-02-28,2025-03-07,43.109843474647846,2.132615378408493,579.4506462791611,554.6856505698524,607.0689097284339,52.383259158581495,2.0,0.3137274951110314,3,real
2023-02-02,2023-02-02,2023-02-03,42.46191372102712,13.409167662821806,466.6176204523965,441.6664888896048,492.0635485346429,50.3970596450381,5.75,0.3640709043633516,2,real
2023-01-05,2023-01-04,2023-01-06,42.25191379631987,4.335552396967106,1136.909002522741,1121.0784946414642,1152.5143237574955,31.435829116031528,3.25,0.3586098229529796,1,real
2018-01-11,2017-12-21,2018-02-01,41.83267794793119,11.311358091846364,412.8044614791959,407.4863053453155,418.2143915495835,10.728086204268038,9.0,0.33258803086583,1,real
2019-12-26,2019-12-22,2019-12-30,40.98960621526077,8.25511983810683,81.98989253197286,80.96514775883406,83.08126972010359,2.1161219612695277,2.0,0.0826051466668024,12,needs_check
2019-11-29,2019-11-26,2019-12-02,40.848232032462676,25.10794423804804,579.901747182691,578.6367342504673,581.3811285169795,2.744394266512245,2.5,0.1003422256298083,11,needs_check
2019-10-03,2019-09-30,2019-10-07,40.84565604729118,24.762615050412055,580.047499383914,578.8862247671932,581.6306190337054,2.744394266512245,2.5,0.0970968812376064,10,needs_check
2025-02-03,2025-01-28,2025-02-10,40.51586732332749,17.33766625385146,416.371127721034,411.47815116494894,421.7072571706958,10.229106005746871,5.5,0.2421661318422442,2,real
2019-11-24,2019-11-22,2019-11-26,40.1230618312686,2.887741413860669,1008.6505544252294,987.3743646633812,1037.7599271973595,50.38556253397837,2.75,0.3310991100761142,11,real
2022-06-23,2022-06-15,2022-07-01,39.85328027645347,13.540570189678524,1023.1033062535164,1013.5648504928686,1032.0229635392316,18.458113046362996,5.5,0.273645837866151,6,real
2024-11-15,2024-11-12,2024-11-19,38.92667308702282,11.67595770874497,36.96596238515927,35.932659099344164,38.04878106107935,2.116121961735189,2.75,0.0850194976643126,11,needs_check
2024-11-15,2024-11-12,2024-11-19,38.67908230345089,4.366190714919927,272.31619672965206,262.2829377264716,281.7431791140698,19.460241387598217,4.75,0.3015291229681127,11,real
2021-11-20,2021-11-18,2021-11-22,38.48400219794333,16.27930020542867,289.3137578296879,288.7289069038816,290.2258481634781,1.4969412595964968,2.25,0.0683959046430584,11,needs_check
2025-06-28,2025-06-25,2025-07-01,38.088303431691955,12.514668430489726,37.62172909795364,36.63264616858214,38.748768132179976,2.116121963597834,3.0,0.0807202470629305,6,needs_check
2018-10-22,2018-10-08,2018-11-05,38.05559777589232,1.0627157251451085,37.90366946594083,36.63264616858214,39.21542586479336,2.582779696211219,2.25,0.0884100179305267,10,needs_check
2025-05-23,2025-05-19,2025-05-27,37.7731799846644,8.759961962074025,78.86766903353526,78.16520041739568,79.81466394243762,1.6494635250419378,1.75,0.0787054661700833,5,needs_check
2025-01-12,2025-01-10,2025-01-14,37.47728168256164,5.783531592179051,1014.1115988843771,1006.081854112912,1022.5445021917112,16.462648078799248,8.0,0.3313871271135399,1,real
2025-10-11,2025-10-06,2025-10-17,37.35317826407424,0.9528304611725112,37.42827894522795,36.39931730134413,38.748768132179976,2.349450830835849,2.25,0.0931460006861652,10,needs_check
2025-05-23,2025-05-19,2025-05-27,37.09164541296237,14.543832931049252,80.1981614495003,78.39852928509936,82.61461198609322,4.216082700993866,1.5,0.0986067846811744,5,needs_check
2025-05-09,2025-05-05,2025-05-14,36.55837531659828,16.571096684691693,452.07868072482466,442.16546933632344,460.1287780003622,17.963308664038777,3.75,0.2620347420988011,5,real
2025-05-23,2025-05-19,2025-05-27,36.327384917467214,6.180401084360745,82.86889914444222,81.89846392907202,84.24791405536234,2.349450126290322,1.25,0.0693890414582154,5,real
2022-07-15,2022-07-12,2022-07-18,36.06179024295733,17.782235705233724,181.92552854594985,180.69962238240987,183.19452452333644,2.4949021409265697,1.75,0.0555370213091504,7,real
2021-11-20,2021-11-18,2021-11-22,36.04111375181084,16.06758272756787,126.2583284053922,124.3148342310451,128.30667765811086,3.99184342706576,4.0,0.1335767492132415,11,needs_check
2019-11-29,2019-11-26,2019-12-02,35.96436685800654,23.653896285737193,582.4896480308984,581.3811289444566,584.3750137281604,2.993884783703834,2.0,0.0733646074847767,11,needs_check
2024-09-14,2024-09-11,2024-09-17,35.58036668204005,27.180263128693383,538.6959962969497,537.4708093605004,539.9657136066817,2.4949042461812496,2.25,0.0935588057744769,9,real
2023-02-04,2023-02-03,2023-02-06,35.5132057588174,15.855104869033136,328.29072966893335,320.41417663684115,337.8785000294447,17.464323392603546,8.25,0.3574630785382723,2,real
2025-10-11,2025-10-06,2025-10-17,35.21226339083527,12.440512828951611,37.528213573770486,36.86597503628582,38.51543926354498,1.649464227259159,3.75,0.07792201462115,10,needs_check
2019-11-29,2019-11-26,2019-12-02,34.91651846276488,18.793117875993133,183.87036069017455,183.1945247729309,184.94095589779317,1.7464311248622837,2.25,0.0726431819097749,11,unreviewed
2021-11-20,2021-11-18,2021-11-22,34.91015022823681,14.22534571845118,289.1009533072697,288.4794167689979,289.9763577799313,1.4969410109333694,2.0,0.0514031336495369,11,unreviewed
2022-06-23,2022-06-15,2022-07-01,34.880266305346574,30.89672592446173,1015.460713351055,1014.0637167356908,1017.5558382719756,3.492121536284685,4.75,0.1082893128339956,6,unreviewed
2025-10-11,2025-10-06,2025-10-17,34.75884253516274,16.717553328295068,468.01537162666307,460.8772490550764,474.8487109057605,13.971461850684136,6.5,0.2617074364919372,10,unreviewed
2019-12-09,2019-12-09,2019-12-09,34.10517669252757,20.87699193724338,579.6436945032181,578.6367342504673,580.6326569644734,1.9959227140061555,1.75,0.0607038139356316,12,unreviewed
2021-11-20,2021-11-18,2021-11-22,34.010819540773646,6.531805185285575,80.90221949986224,80.03183205518872,82.14795401832089,2.116121963132173,1.25,0.0717101527394586,11,unreviewed
2018-01-11,2017-12-21,2018-02-01,33.91855037157665,6.1390777397414995,1150.5993724231091,1143.532659298275,1160.2485363362357,16.715877037961036,7.25,0.3386606280038468,1,unreviewed
2024-11-15,2024-11-12,2024-11-19,33.82734203423914,15.9123755498497,36.5301918705184,35.46600089687854,37.58212285861373,2.116121961735189,4.25,0.0879146726436281,11,unreviewed
2019-12-26,2019-12-22,2019-12-30,33.63954086445795,8.53673850111443,79.77325557241453,79.09851588588208,80.98130898084491,1.882793094962835,1.75,0.0621095736721905,12,unreviewed
2021-11-20,2021-11-18,2021-11-22,33.409404968882555,27.979324615462172,272.1300361637867,271.2645875415765,273.01101943291724,1.7464318913407624,2.5,0.0672090091543606,11,unreviewed
2024-09-14,2024-09-11,2024-09-17,32.37297947737716,7.014715246606964,80.55291772659962,80.03183205518872,81.44796671532094,1.416134660132229,1.75,0.0623385463246979,9,unreviewed
2024-11-15,2024-11-12,2024-11-19,32.3372088358311,0.8862750042048186,37.70122594391038,36.63264616858214,38.982096997555345,2.349450828973204,2.0,0.0826914342989618,11,unreviewed
2019-07-05,2019-07-02,2019-07-08,32.23380018363923,1.0545385966285117,37.39330877283911,36.39931730134413,38.51543926354498,2.1161219622008502,2.5,0.0750740022830053,7,unreviewed
2021-11-10,2021-11-08,2021-11-12,32.11246192618349,20.640129445595267,579.2391962324966,578.3872437337413,580.1336759296246,1.7464321958832445,1.5,0.0632843308963903,11,unreviewed
2024-11-15,2024-11-12,2024-11-19,31.74747040011686,9.455018156270649,35.42807794954628,34.29935656255111,36.64880739059299,2.3494508280418813,4.25,0.114608489614003,11,unreviewed
2024-06-09,2024-06-07,2024-06-11,31.646102576855046,15.976609394478416,194.7812148559324,194.17209419514984,195.6690354803577,1.4969412852078676,1.75,0.070981254603464,6,unreviewed
2021-11-20,2021-11-18,2021-11-22,31.23163342373903,8.479781056137046,35.39659880654262,34.29935656255111,36.88213625783101,2.5827796952798963,4.25,0.0962533443499847,11,unreviewed
2019-12-08,2019-12-08,2019-12-09,31.15841276048366,16.63822052127889,556.9220517122963,553.4381979829632,560.6734210611321,7.235223078168929,10.0,0.2889305189713486,12,unreviewed
2023-03-29,2023-03-22,2023-04-06,31.104942793026108,5.0541651840423825,1082.9076401926377,1071.4333508131094,1093.1355340615846,21.70218324847519,8.25,0.3501674796865026,3,unreviewed
2021-11-16,2021-11-15,2021-11-18,30.59710172451862,22.002355737735098,529.916712342005,527.2417006432079,533.2294716327451,5.987770989537239,3.0,0.198531476318401,11,unreviewed
2024-11-22,2024-11-19,2024-11-26,30.306228527048475,6.71406789633965,80.87097563067132,80.26516115758568,81.91462491638958,1.649463758803904,2.25,0.0609396382945617,11,unreviewed
2024-05-26,2024-05-24,2024-05-29,30.148728302841693,17.791683899311266,271.60542133673323,263.28089901153,280.2462373119779,16.96533830044791,4.5,0.209147390539974,5,unreviewed
2025-08-01,2025-07-28,2025-08-05,29.86157044940812,25.53070903468184,244.3002984298919,242.82269654469565,246.31556012155488,3.492863576859236,3.25,0.1647806322296012,8,unreviewed
2022-07-15,2022-07-12,2022-07-18,29.723469576580975,18.707647453821497,183.6820269616729,182.69554409524423,184.94095589779317,2.245411802548915,2.0,0.0590296554225218,7,unreviewed
2022-01-04,2022-01-04,2022-01-04,29.203850330450138,18.371773555230632,192.202919147562,191.42770196404308,193.1741330898367,1.746431125793606,1.5,0.0606391037880501,1,unreviewed
2025-10-11,2025-10-06,2025-10-17,29.131836887364113,13.965273485194244,141.2782485014634,136.04087442159653,148.01640470093116,11.975530279334636,9.5,0.2529152732756252,10,unreviewed
2023-03-11,2023-03-06,2023-03-17,29.02215019131143,21.456044257277124,927.57962896778,922.2723104502074,932.748559626285,10.476249176077545,12.25,0.2997411510310077,3,unreviewed
2025-02-03,2025-01-28,2025-02-10,28.940959504782484,2.477411833037268,621.3475211146041,608.8129087593406,634.2302062045783,25.417297445237637,2.25,0.2293282274444962,2,unreviewed
2025-11-07,2025-11-05,2025-11-10,28.583451433942876,12.284725871060315,37.82859181446839,37.332632769364864,38.748768132179976,1.416135362815112,2.75,0.0761158631699882,11,unreviewed
2025-07-25,2025-07-22,2025-07-28,28.213736436761543,12.24372764967423,25.687915364956105,25.199527003336694,26.615662363823503,1.4161353604868054,2.25,0.0657885979934872,7,unreviewed
2025-11-07,2025-11-05,2025-11-10,27.994734036418887,9.350139250569034,35.49654127172987,34.29935656255111,36.64880739059299,2.3494508280418813,4.0,0.1095316614171049,11,unreviewed
2022-11-24,2022-11-21,2022-11-28,27.65352951918647,24.780350531464467,579.85400569798,578.8862247671932,581.1316379988566,2.245413231663406,1.75,0.0991617394421808,11,unreviewed
2022-08-13,2022-08-10,2022-08-17,27.251193069110627,11.696954509396589,38.69009706369938,37.79929097183049,39.68208359880373,1.8827926269732416,1.75,0.0763325079557037,8,unreviewed
2023-01-21,2023-01-20,2023-01-23,27.198518912665257,6.188988700627537,1002.5614460767232,993.1113283205776,1008.5762434154748,15.464915094897153,6.0,0.2867760718240866,1,unreviewed
2019-01-13,2019-01-07,2019-01-19,27.160389155207785,3.6890342591051297,1212.4898284096175,1195.175226630643,1230.8442405569367,35.6690139262937,2.75,0.2878345731006235,1,unreviewed
2022-08-27,2022-08-24,2022-08-30,26.86484955748086,18.907654543213035,184.96687046497703,184.44197571836412,185.6894269147888,1.247451196424663,2.0,0.0633270992255743,8,unreviewed
2019-06-20,2019-06-17,2019-06-24,26.65876575395951,0.9915042515650356,37.5552786182412,36.86597503628582,38.51543926354498,1.649464227259159,2.25,0.0706848876297251,6,unreviewed
2018-03-13,2018-03-01,2018-03-26,26.643581163402597,0.9196501804896368,37.60880716335082,36.39931730134413,38.748768132179976,2.349450830835849,2.25,0.0727888485191359,3,unreviewed
2025-10-11,2025-10-06,2025-10-17,26.628886384263406,17.63180447765509,153.77617615529635,150.01232641469687,157.74652292765677,7.7341965129598975,3.5,0.165221520763554,10,unreviewed
2021-02-22,2021-02-08,2021-03-08,26.593383133720504,20.81899591735939,732.5748111444436,727.25531240087,737.2424305588938,9.987118158023804,7.75,0.2566451296001323,2,unreviewed
2023-01-05,2023-01-04,2023-01-06,26.29005994418919,27.31324320907959,533.1375511909753,532.4810005091131,533.9779424373992,1.4969419282861054,2.0,0.0846968912201824,1,unreviewed
2025-04-18,2025-04-15,2025-04-21,26.20138099974901,33.019635343176134,921.1835060989904,918.7802460053936,925.5149984913878,6.73475248599425,5.5,0.1822885377847297,4,unreviewed
2025-05-16,2025-05-14,2025-05-19,26.02913890514868,17.742950936162856,461.0597163953997,453.392537615262,464.8690949892625,11.47655737400055,4.5,0.2094049819857758,5,unreviewed
2019-12-11,2019-12-11,2019-12-11,25.964764786222943,14.048295614851268,35.1550036348559,34.066027695313096,36.415478290524334,2.3494505952112377,4.5,0.1170272051819636,12,unreviewed
2024-11-22,2024-11-19,2024-11-26,25.955657774240137,7.740443704788277,82.1911705162966,81.43180572567508,83.08126972010359,1.6494639944285154,1.75,0.06231532562024,11,unreviewed
2023-09-03,2023-09-01,2023-09-05,25.888847446965418,11.194004707419731,38.62275188577352,37.56596187129617,39.68208359880373,2.1161217275075614,2.5,0.0848612801266375,9,unreviewed
2021-02-01,2021-01-26,2021-02-08,25.82858872943435,3.688903604531869,996.9561771717352,987.12493141694,1008.0773769239896,20.95244550704956,2.5,0.2401990861151412,2,unreviewed
2021-12-07,2021-12-06,2021-12-08,25.672521451555173,25.107264176426103,580.0639040121167,579.1357150361873,581.1316379988566,1.9959229626692832,2.0,0.1100253932256598,12,unreviewed
2019-02-02,2019-01-30,2019-02-06,25.596157400292835,19.474326927352088,1076.642580337729,1071.932217055466,1081.41073574638,9.478518690913916,7.5,0.2803899394105079,2,unreviewed
2024-01-18,2024-01-10,2024-01-26,25.49577493813851,9.226590602407436,999.3418864756444,995.3562265350484,1003.5875794966704,8.231352961622179,7.25,0.2605513829763713,1,unreviewed
2022-01-27,2022-01-20,2022-02-03,25.464925738092983,11.37777325845441,37.719548843275795,36.63264616858214,38.748768132179976,2.116121963597834,1.75,0.110040635763008,1,unreviewed
2019-10-20,2019-10-17,2019-10-24,25.45551422345624,0.8494218859027196,37.70929137321296,36.63264616858214,38.748768132179976,2.116121963597834,2.0,0.0642943460333914,10,unreviewed
2021-11-10,2021-11-08,2021-11-12,25.44416566776658,20.871168021077672,577.8130155100878,577.1397911468521,578.6367338229902,1.4969426761381328,1.5,0.0621167004878238,11,unreviewed
2024-02-12,2024-02-08,2024-02-16,25.178337720023247,10.834190407072237,400.8298208533198,396.00974767282605,405.739871902857,9.730124230030924,6.5,0.2830430628967328,2,unreviewed
2024-04-06,2024-04-04,2024-04-09,24.99695187602448,2.6215526324033505,319.6787077570525,305.9437372921966,331.1422607153654,25.198523423168808,2.0,0.2285435713633433,4,unreviewed
2024-05-19,2024-05-14,2024-05-24,24.964132390371624,15.040771460360016,36.45466786266518,35.232672029640526,37.81545196054503,2.5827799309045076,2.0,0.0903395818865211,5,unreviewed
2023-12-24,2023-12-21,2023-12-28,24.879498990101137,2.770777882593135,706.9762658403256,691.8003585627303,724.2589263012633,32.45856773853302,1.75,0.2501408340628761,12,unreviewed
2022-01-04,2022-01-04,2022-01-04,24.81699748141278,18.138706116237543,193.7791738410479,193.17413333896548,194.67107437411323,1.4969410351477563,1.5,0.0627980939549803,1,unreviewed
2025-10-11,2025-10-06,2025-10-17,24.768382466346967,14.339175093319994,160.7251215276997,157.4970328384079,162.98581705149263,5.4887842130847275,4.0,0.1129835012957635,10,unreviewed
2025-09-26,2025-09-23,2025-09-30,24.7182093856738,12.393077336982827,37.71220349378613,37.09930390259251,38.51543926354498,1.4161353609524667,2.75,0.0728542278512839,9,unreviewed
2023-02-02,2023-02-02,2023-02-03,24.70693848377441,5.424914461364695,669.1973183265723,665.8765509924851,670.1130210631527,4.236470070667565,2.5,0.0952175953487092,2,unreviewed
2019-01-21,2019-01-19,2019-01-23,24.65075524922376,3.098727170673633,1086.646768698294,1068.440152610652,1105.85956056742,37.41940795676783,2.0,0.257241328436588,1,unreviewed
2021-11-20,2021-11-18,2021-11-22,24.485350305774254,33.46472341105185,586.8783629895322,586.3709382945672,587.6183899543248,1.247451659757644,1.75,0.0663302508523882,11,unreviewed
2021-03-30,2021-03-08,2021-04-21,24.397761071671393,46.90194869334037,995.5242437743116,988.1226644013076,1000.843813790474,12.721149389166383,5.0,0.2451561377100182,3,unreviewed
2018-10-22,2018-10-08,2018-11-05,24.395134065776645,12.20046454298195,37.20979771662656,36.39931730134413,38.28211016301066,1.8827928616665304,2.25,0.0709873887953237,10,unreviewed
2021-11-20,2021-11-18,2021-11-22,24.3458223496366,11.608341056086264,36.96978581302148,36.16598820127547,37.81545196054503,1.6494637592695651,1.75,0.0888379094131212,11,unreviewed
2019-02-02,2019-01-30,2019-02-06,24.21107300192339,7.300991927240826,756.1662219431687,749.726761482656,763.9584873113781,14.23172582872212,4.5,0.2718017139085318,2,unreviewed
2023-02-04,2023-02-03,2023-02-06,24.17352093876757,3.4742545997221597,393.3020992659627,382.0382894342765,403.4944586455822,21.45616921130568,2.0,0.1969275152663181,2,unreviewed
2021-12-19,2021-12-17,2021-12-21,24.16567865441969,6.460581427731853,80.74680418578303,80.03183205518872,81.44796671532094,1.416134660132229,1.5,0.0625128503158135,12,unreviewed
2020-01-30,2020-01-27,2020-02-02,24.16554642467239,17.953303578282185,1020.4632271395524,1017.0569149367512,1024.5399671602063,7.483052223455161,7.75,0.2627593351474178,1,unreviewed
2024-02-03,2024-01-30,2024-02-08,24.01261542433263,3.7863479948235046,115.10993101964402,108.0979704358615,126.31075594434516,18.21278550848365,2.0,0.1945096919444461,2,unreviewed
2021-11-20,2021-11-18,2021-11-22,23.943658671447572,23.19035977558909,785.1628695657334,784.4326670859009,786.1802536468022,1.7475865609012544,1.75,0.0631543306412697,11,unreviewed
2022-07-23,2022-07-18,2022-07-29,23.90545425408089,18.018159112790233,583.7236629913185,583.1275623161346,584.6245042448863,1.496941928751767,1.25,0.0588116462438291,7,unreviewed
2020-06-14,2020-06-10,2020-06-19,23.660197699783968,19.642434978144426,1072.146745635805,1068.440152610652,1075.923205833882,7.483053223229945,7.25,0.253622199851686,6,unreviewed
2023-02-19,2023-02-17,2023-02-21,23.55074496306247,3.1483197922235986,1086.4387573999268,1075.4242824991234,1100.1212735576555,24.69699105853215,2.5,0.1931267402485291,2,unreviewed
2023-10-29,2023-10-26,2023-11-01,23.410354145451155,2.8696807147728576,695.0853523508111,677.0899310247041,717.5174916768447,40.42756065214053,2.0,0.244118470379652,10,unreviewed
2022-12-09,2022-12-06,2022-12-12,23.38146456531163,11.52561124644318,38.38542011150899,37.56596187129617,39.21542586479336,1.6494639934971929,2.0,0.0881580178935473,12,unreviewed
2025-03-03,2025-02-28,2025-03-07,23.2785706735464,2.360081699677784,532.0834372225776,512.7712546256371,553.4381975554861,40.66694292984903,1.75,0.2490294225932806,3,unreviewed
2019-01-13,2019-01-07,2019-01-19,23.20970747944481,18.714554708056102,183.94556103578665,183.44401511084288,184.691465807613,1.2474506967701018,1.75,0.0667084665339954,1,unreviewed
2024-08-17,2024-08-14,2024-08-21,23.161531566936077,27.088367368768047,533.3360115552196,532.4810005091131,534.4769232235849,1.995922714471817,1.5,0.0684000461519867,8,unreviewed
2019-01-13,2019-01-07,2019-01-19,23.012293768387472,4.31074511404652,1035.7557165979483,1025.787076546345,1043.995756347198,18.208679800853133,3.25,0.2553971152543599,1,unreviewed
2022-01-27,2022-01-20,2022-02-03,22.909745545140897,14.955189704689644,387.1257012744989,386.5291151455603,388.02605687687173,1.4969417313113809,1.25,0.0733077565381597,1,unreviewed
2021-01-06,2020-12-17,2021-01-26,22.87605870719277,45.90412426720893,992.6314309302757,990.1181293698028,994.8574171359652,4.739287766162306,5.0,0.1589989667995666,1,unreviewed
2024-11-15,2024-11-12,2024-11-19,22.84837098318568,16.935616778558483,37.57567067545384,36.86597503628582,38.28211016301066,1.4161351267248392,2.5,0.0588626120839529,11,unreviewed
2021-11-20,2021-11-18,2021-11-22,22.814078570418424,6.773205415515104,82.66406539135383,81.89846392907202,83.54792745411396,1.6494635250419378,1.25,0.0604742204285542,11,unreviewed
2025-06-28,2025-06-25,2025-07-01,22.781562527086617,9.353574283563274,35.431623765776756,34.29935656255111,36.64880739059299,2.3494508280418813,3.5,0.0961067706237668,6,unreviewed
2023-02-02,2023-02-02,2023-02-03,22.746649757212445,10.616123934237296,274.4465362705946,264.7778403153643,286.2340040220879,21.4561637067236,7.5,0.2676828680308967,2,unreviewed
2019-10-03,2019-09-30,2019-10-07,22.66576731568876,23.930856751498595,582.8366421140677,581.6306194625795,584.3750137281604,2.7443942655809224,1.25,0.0656989198261908,10,unreviewed
2025-04-18,2025-04-15,2025-04-21,22.610747952404456,23.995818425536186,921.5863079330076,917.5330802751704,926.0138649833387,8.480784708168358,9.25,0.2378786217123123,4,unreviewed
2023-02-04,2023-02-03,2023-02-06,22.57907244118333,22.108017244070034,732.8243081504854,727.5049951467663,738.7405270305462,11.235531883779911,4.75,0.2863782192931444,2,unreviewed
2021-11-24,2021-11-22,2021-11-27,22.453138763401196,23.42156562119376,582.9273178106267,582.129600496497,583.876032942906,1.7464324464090168,1.5,0.1026893012722321,11,unreviewed
2021-11-16,2021-11-15,2021-11-18,22.342708836372637,2.2949116278184243,48.523502840242394,46.89912006352097,49.94855772797018,3.049437664449215,1.5,0.1303945832795022,11,unreviewed
2023-05-27,2023-05-22,2023-06-02,22.28782725399012,25.675902545480763,244.65703650363596,243.32167731085792,246.56505025643855,3.2433729455806315,2.5,0.1147714063144118,5,unreviewed
2020-10-30,2020-10-20,2020-11-09,22.18832000306888,20.88584022486167,579.2222153401983,578.3872437337413,580.1336759296246,1.7464321958832445,1.25,0.0512566379948518,10,unreviewed
2018-10-22,2018-10-08,2018-11-05,22.017307021393243,11.910974359831489,38.33976468765627,37.79929097183049,38.982096997555345,1.182806025724858,2.25,0.0783862130841696,10,unreviewed
2024-11-15,2024-11-12,2024-11-19,21.90486807542101,11.78793079441517,38.31787670867775,37.79929097183049,38.982096997555345,1.182806025724858,2.25,0.0701199099709891,11,unreviewed
2024-07-26,2024-07-23,2024-07-29,21.885110955253392,10.043686607494628,36.618755691354714,35.69932999834418,37.58212285861373,1.8827928602695465,2.5,0.0976470476112703,7,unreviewed
2021-10-11,2021-10-11,2021-10-12,21.863455464996683,3.4524999489059773,52.983815689317595,43.39918612269685,65.3482690374367,21.949082914739847,4.25,0.2849059835052869,10,unreviewed
2019-10-03,2019-09-30,2019-10-07,21.823587697204974,29.635324987415512,1008.43226295281,1005.3335543749854,1011.8188746138476,6.485320238862187,5.0,0.2002541061002783,10,unreviewed
2019-01-13,2019-01-07,2019-01-19,21.684083006018152,4.607571313511766,963.8634671339008,955.1974869254044,972.907298236154,17.7098113107495,3.5,0.262418378175397,1,unreviewed
2021-11-20,2021-11-18,2021-11-22,21.660967187896546,10.181654170691113,115.7751245904167,114.08573557483032,117.57859832467511,3.4928627498447895,3.0,0.1078909844384728,11,unreviewed
2024-11-15,2024-11-12,2024-11-19,21.58838365995659,8.401352738543645,39.17297625558225,38.73260690830648,39.915412466507405,1.1828055582009256,1.5,0.061225558553679,11,unreviewed
2022-09-03,2022-08-30,2022-09-08,21.564687091279737,7.231704317675776,80.53616373648413,79.7985029546544,81.44796671532094,1.6494637606665492,1.25,0.0432945796448349,9,unreviewed
2021-11-20,2021-11-18,2021-11-22,21.433943057459313,3.746806433402008,141.40939177039616,140.78118811594322,142.27812965027988,1.4969415343366563,1.25,0.0516345636964802,11,unreviewed
2022-07-15,2022-07-12,2022-07-18,21.413753071986847,17.54028919932786,180.5208852667242,179.9511521132663,181.44809314841405,1.4969410351477563,1.5,0.0439118020297551,7,unreviewed
2022-12-02,2022-11-28,2022-12-06,21.368753792039477,6.693090218869393,30.490022446798196,29.86610621633008,31.282241577282548,1.4161353609524667,2.5,0.0952331278660363,12,unreviewed
2022-01-04,2022-01-04,2022-01-04,21.17676867346158,18.44766012862835,182.00296804647184,181.4480933980085,182.94503418449312,1.496940786484629,1.25,0.0560012160544779,1,unreviewed
2024-09-14,2024-09-11,2024-09-17,21.09295247797843,8.765259316866612,79.58217475031108,79.09851588588208,80.28132214443758,1.1828062585555017,1.25,0.0591695707623029,9,unreviewed
2021-11-20,2021-11-18,2021-11-22,21.078066277568254,0.6016950033256661,35.46602128284929,31.966066955123097,39.21542586479336,7.249358909670264,1.75,0.1618642515349113,11,unreviewed
2023-11-21,2023-11-16,2023-11-27,20.974925951967375,2.2908259143124425,624.0327535392742,613.7966335495003,634.977765370626,21.181131821125746,2.25,0.2093719837512628,11,unreviewed
2024-11-15,2024-11-12,2024-11-19,20.91247446604191,13.51098312487539,35.61641847868674,34.53268542839214,36.88213625783101,2.349450829438865,3.0,0.0935055832952871,11,unreviewed
2021-06-22,2021-06-01,2021-07-14,20.80548563106932,20.570063721315343,868.2535057618891,864.4321585316211,873.6500307633542,9.217872231733054,7.25,0.191786437915651,6,unreviewed
2025-02-15,2025-02-10,2025-02-20,20.719301774639195,25.27902043361983,244.15981269439516,243.0721869277768,245.56708947010335,2.4949025423265994,2.5,0.1054877493401507,2,unreviewed
2022-08-13,2022-08-10,2022-08-17,20.66018322681601,4.513695756840372,34.98905585492951,34.066027695313096,36.18214918859303,2.116121493279934,3.0,0.1038842195403439,8,unreviewed
2025-09-26,2025-09-23,2025-09-30,20.53079230249462,0.6697304689594084,35.36279800499831,32.19939582189545,38.748768132179976,6.549372310284525,2.0,0.1364570236828761,9,unreviewed
2021-01-06,2020-12-17,2021-01-26,20.46335294833237,3.514511578248784,946.3226262126254,931.0024710614234,958.689608213026,27.687137151602656,2.75,0.2501610285660166,1,unreviewed
2021-05-18,2021-05-04,2021-06-01,20.42903003540171,47.93342271605815,992.1979625616058,986.6260649259202,997.6011825916356,10.975117665715516,5.5,0.2238758900457932,5,unreviewed
2018-01-11,2017-12-21,2018-02-01,20.36078258284038,18.909058453915243,1055.548292524438,1051.4786958834156,1061.2066473206503,9.72795143723488,8.5,0.2666942593646397,1,unreviewed
2025-11-07,2025-11-05,2025-11-10,20.317318976764856,28.846866917479044,270.7421258202114,270.2666267566383,271.51407763082534,1.2474508741870522,1.5,0.0528843922759662,11,unreviewed
2021-11-10,2021-11-08,2021-11-12,20.087385168161763,23.744365303210287,582.8989487628792,582.129600496497,584.1255232105032,1.9959227140061555,1.25,0.0764356590389391,11,unreviewed
2019-01-21,2019-01-19,2019-01-23,19.984596997821857,3.8733529295926767,990.2192762434964,978.893637297675,997.3517493465916,18.45811204891652,3.75,0.2486003265784664,1,unreviewed
2023-12-24,2023-12-21,2023-12-28,19.959747847305195,10.34132203071661,634.2015452938927,629.4953643511981,638.2171861846,8.721821833401918,9.5,0.300070032939295,12,unreviewed
2023-12-24,2023-12-21,2023-12-28,19.956339313705875,3.027135062165698,656.7050083419738,641.4563028039411,672.6048824633472,31.148579659406096,3.0,0.2361118852321179,12,unreviewed
2019-12-11,2019-12-11,2019-12-11,19.95017871730457,25.205558162637633,579.2826061978443,578.6367342504673,580.1336759296246,1.496941679157317,1.75,0.0699961777446415,12,unreviewed
2018-02-15,2018-02-01,2018-03-01,19.89727122525324,7.425303128144522,669.2591418055491,668.8667856683023,669.8638349235989,0.997049255296588,1.75,0.0644238109408588,2,unreviewed
2021-11-20,2021-11-18,2021-11-22,19.872813088078953,8.24161712069496,85.89022982981393,85.16506923735142,86.81453252816573,1.6494632908143103,1.25,0.0635442198758704,11,unreviewed
2023-02-02,2023-02-02,2023-02-03,19.872482388965647,11.077869322650098,302.2928831742782,294.46718298178166,311.6820143070072,17.214831325225532,6.0,0.2526810884188831,2,unreviewed
2023-02-04,2023-02-03,2023-02-06,19.651430739402425,29.724440803840057,529.0310447779982,525.7447577882558,531.9820190458558,6.237261257600039,8.25,0.2704516563517508,2,unreviewed
2018-10-22,2018-10-08,2018-11-05,19.649559376615496,13.699845574551262,37.340814499431765,36.63264616858214,38.28211016301066,1.6494639944285154,1.75,0.0581340745640858,10,unreviewed
2019-11-24,2019-11-22,2019-11-26,19.633186901371147,3.417239243014526,953.8635161042652,947.9639257905072,961.9322394113988,13.968313620891422,3.25,0.2144256507267756,11,unreviewed
2025-01-12,2025-01-10,2025-01-14,19.631305309490557,9.88486983666107,32.10865482758448,31.499409222509712,33.14887274708599,1.6494635245762763,6.75,0.115778960339285,1,unreviewed
2021-11-20,2021-11-18,2021-11-22,19.58487345745071,35.33580355276948,282.849671921613,281.99266929365695,284.4875723356381,2.4949030419811606,3.25,0.0815357674233677,11,unreviewed
2023-01-21,2023-01-20,2023-01-23,19.544855496625285,5.4022357719581695,1066.3491452676992,1057.9639582792297,1074.67603960447,16.712081325240433,4.5,0.2552413588288127,1,unreviewed
2019-03-25,2019-03-23,2019-03-27,19.512728345970096,32.425263232697986,965.8067061889916,963.4287815447896,968.9163675503804,5.487586005590856,6.5,0.2159511089938229,3,unreviewed
2023-01-05,2023-01-04,2023-01-06,19.379438951886637,5.278507908231206,109.59987572509168,108.59695061529057,110.8423624187708,2.2454118034802377,1.75,0.100239498363465,1,unreviewed
2025-09-26,2025-09-23,2025-09-30,19.35573427478188,12.519759585685575,36.63518034375415,35.932659099344164,37.58212285861373,1.6494637592695651,2.75,0.0674430973511097,9,unreviewed
2025-05-30,2025-05-27,2025-06-02,19.326799037956015,24.616784831020404,243.5495002276124,242.57320616114885,245.0681087039411,2.4949025427922606,2.25,0.0963124407825915,5,unreviewed
2021-11-20,2021-11-18,2021-11-22,19.31123709363912,28.260034792335897,199.9600885481903,199.1618984788656,200.90832978254184,1.7464313036762178,2.75,0.0679643846930367,11,unreviewed
2023-10-29,2023-10-26,2023-11-01,19.2050814931921,2.7224652374855456,612.7199498118476,607.8161641992629,620.5249647712335,12.708800571970642,2.5,0.2037609901272244,10,unreviewed
2023-03-19,2023-03-17,2023-03-22,19.179767854501772,2.30341217712321,70.81791963285879,53.432331149466336,84.48124315589666,31.048912006430328,2.0,0.2241550441054048,3,unreviewed
2021-11-20,2021-11-18,2021-11-22,19.15648338107983,12.161131166306456,120.94169015739628,119.8240106254816,122.31891251821072,2.4949018927291036,2.75,0.0953926540313081,11,unreviewed
2024-12-16,2024-12-16,2024-12-17,19.152847063029032,10.177695314455212,36.759019788531845,36.16598820127547,37.58212285861373,1.4161346573382616,2.5,0.0646188856773805,12,unreviewed
2022-09-27,2022-09-26,2022-09-28,19.0703705045801,14.45931812873849,36.69659771147187,35.69932999834418,37.81545196054503,2.1161219622008502,2.75,0.0774948666769628,9,unreviewed
2023-01-05,2023-01-04,2023-01-06,19.057631478250528,3.970011089059208,866.9643880056337,859.9479673355818,876.3903689812869,16.442401645705104,3.0,0.2389554735167397,1,unreviewed
2020-04-12,2020-04-08,2020-04-16,18.90915219194576,17.113096128484028,730.2743169735626,723.5100702214986,737.9914787951857,14.481408573687077,5.75,0.2650442584143809,4,unreviewed
2022-11-17,2022-11-14,2022-11-21,18.892205390515965,6.67879271952994,30.3266256994358,29.86610621633008,31.282241577282548,1.4161353609524667,2.75,0.0833413314791878,11,unreviewed
2023-07-21,2023-07-18,2023-07-24,18.84987877314967,23.687952085815095,582.8320331595032,582.129600496497,583.6265426743776,1.4969421778805554,1.5,0.0731113731740413,7,unreviewed
2021-11-20,2021-11-18,2021-11-22,18.804011891416938,8.21163855139544,39.00157983080531,38.49927804293111,39.68208359880373,1.1828055558726192,1.25,0.0504738147358727,11,unreviewed
2024-11-15,2024-11-12,2024-11-19,18.796078106578825,16.362078437202488,41.363915722000854,41.06589651526883,42.01537320576608,0.9494766904972494,1.5,0.041734208531876,11,unreviewed
2019-07-26,2019-07-22,2019-07-31,18.768216924587183,1.1477813478204646,37.75842745123871,36.86597503628582,38.982096997555345,2.1161219612695277,1.5,0.0673249788397367,7,unreviewed
2021-11-24,2021-11-22,2021-11-27,18.65094348441053,18.43704832371875,193.50153832025467,192.92464300058785,194.67107437411323,1.746431373525411,1.25,0.0584421262438945,11,unreviewed
2020-10-30,2020-10-20,2020-11-09,18.562490515618684,25.423886037102772,579.8675699263786,579.1357150361873,580.8821474821307,1.7464324459433556,1.5,0.0773187521698256,10,unreviewed
2025-07-18,2025-07-14,2025-07-22,18.460203945103206,14.104119504162172,379.2008533275964,378.2959340107627,380.29185634851456,1.9959223377518356,2.0,0.0868854667803363,7,unreviewed
2021-11-24,2021-11-22,2021-11-27,18.450540570221374,18.5939886650981,191.8941515516568,191.17821162519976,192.92464275145903,1.746431126259267,1.0,0.0594286195433829,11,unreviewed
2023-02-04,2023-02-03,2023-02-06,18.353587661206387,30.456499255280026,550.747705443328,546.701956008561,554.9351406591013,8.233184650540352,6.25,0.2580166010630416,2,unreviewed
2023-01-05,2023-01-04,2023-01-06,18.34316340392487,3.9899359280121343,730.7272292102026,723.5100702214986,738.4908442860469,14.980774064548314,3.0,0.2420431059773834,1,unreviewed
2023-01-14,2023-01-09,2023-01-20,18.305350249390653,5.571216471794681,952.3136590537983,945.4695943309924,958.689608213026,13.220013882033529,4.75,0.2385341846552015,1,unreviewed
2022-06-23,2022-06-15,2022-07-01,18.29038539722985,29.530634476484924,1016.8661267634316,1015.560315460898,1018.304137759842,2.7438222989439964,2.75,0.0755969551509644,6,unreviewed
2023-02-02,2023-02-02,2023-02-03,18.2842190625565,11.386105897231202,376.0293589150011,373.8051082990132,377.7969528166577,3.9918445176444943,2.5,0.1262190351629315,2,unreviewed
2024-11-22,2024-11-19,2024-11-26,18.2604415967182,6.210469039588856,81.69366375478609,81.19847662607208,82.38128312025219,1.182806494180113,1.25,0.0541066578866961,11,unreviewed
2023-12-02,2023-11-27,2023-12-08,18.222893338286248,20.526660960931977,583.1997258783791,582.6285815304145,584.1255232105032,1.4969416800886393,1.5,0.0452047372484004,12,unreviewed
2021-11-20,2021-11-18,2021-11-22,18.21396096936591,29.99317845733252,914.2857497670578,913.7915830840356,915.038805407472,1.24722232343629,2.0,0.0601590270623441,11,unreviewed
2023-01-14,2023-01-09,2023-01-20,18.209418066703304,12.815556783065016,520.1610480799663,515.765139836818,524.2478150031529,8.482675166334957,7.5,0.2514383978081065,1,unreviewed
2020-10-30,2020-10-20,2020-11-09,18.188769331329233,20.94761390956778,577.6483263352826,577.1397911468521,578.6367338229902,1.4969426761381328,1.25,0.0490122301356988,10,unreviewed
2019-11-01,2019-10-29,2019-11-05,18.173783085393275,13.575025457758311,37.54155668692746,37.09930390259251,38.28211016301066,1.1828062604181468,2.25,0.0638599634605019,11,unreviewed
2021-11-16,2021-11-15,2021-11-18,18.16679299681775,15.26199691646127,131.43316306950732,130.80157955083996,132.2985210842453,1.4969415334053338,2.0,0.0607525417251496,11,unreviewed
2021-09-21,2021-09-08,2021-10-05,18.078669354943703,1.576376514188896,37.65475299334633,37.09930390259251,38.51543926354498,1.4161353609524667,2.0,0.0646426937771801,9,unreviewed
2019-03-11,2019-03-08,2019-03-15,18.019589478084356,12.104954647532011,376.186069558156,375.3020498710685,377.29797220928594,1.9959223382174969,1.5,0.0922766853219647,3,unreviewed
2021-06-22,2021-06-01,2021-07-14,17.988952718849823,13.902421011298088,37.43384936117705,36.86597503628582,38.28211016301066,1.4161351267248392,2.0,0.0697222953723372,6,unreviewed
2021-11-20,2021-11-18,2021-11-22,17.828893599542656,9.834514519950858,36.7730664311452,35.932659099344164,37.58212285861373,1.6494637592695651,2.25,0.0590949938600574,11,unreviewed
2021-11-10,2021-11-08,2021-11-12,17.806662785140134,19.017204083941618,183.87341938729185,183.44401511084288,184.691465807613,1.2474506967701018,1.5,0.0560048631103654,11,unreviewed
2024-08-17,2024-08-14,2024-08-21,17.734219595375386,27.01071021319645,538.6328434292748,537.9697898970917,539.4667325727642,1.4969426756724715,1.25,0.0682318800704228,8,unreviewed
2025-11-07,2025-11-05,2025-11-10,17.701734114579516,4.088277586276091,34.79844649479566,33.83269882807508,35.94882008759305,2.1161212595179677,3.0,0.1056339066848605,11,unreviewed
2021-11-16,2021-11-15,2021-11-18,17.66909893973009,22.96394078960792,581.9229680599354,581.1316384277306,583.1275621363893,1.9959237086586656,1.25,0.0804388772588654,11,unreviewed
2025-05-02,2025-04-29,2025-05-05,17.600116801228452,7.724794279244396,35.9424800063952,35.46600089687854,36.64880739059299,1.1828064937144518,2.75,0.0664291488959343,5,unreviewed
2022-06-23,2022-06-15,2022-07-01,17.504711791099687,27.517974824033008,1017.6168463961365,1016.0591819523834,1019.3018699940294,3.2426880416460335,2.5,0.0843362453511381,6,unreviewed
2023-01-14,2023-01-09,2023-01-20,17.41866715013936,6.154970534749092,967.2120394861852,961.68274932215,972.907298236154,11.224548914004115,5.75,0.2327984401571976,1,unreviewed
2025-06-28,2025-06-25,2025-07-01,17.31992633277229,10.522901832722807,38.44383872100148,37.79929097183049,39.21542586479336,1.416134892962873,1.75,0.0521422554386309,6,unreviewed
2023-02-04,2023-02-03,2023-02-06,17.311295160762207,27.62126813098153,544.0767463047907,541.4626561431214,546.9514460978098,5.4887899546884,7.75,0.2152534022940118,2,unreviewed
2021-11-16,2021-11-15,2021-11-18,17.293003857241445,29.897301003096224,539.6988455621571,538.7182614486665,541.2131651975214,2.4949037488549948,1.75,0.0752966474236671,11,unreviewed
2018-10-22,2018-10-08,2018-11-05,17.282925705086235,4.88513047183827,34.96836824390453,34.066027695313096,36.18214918859303,2.116121493279934,3.25,0.0897644103162219,10,unreviewed
2023-09-23,2023-09-18,2023-09-29,17.242495212398232,17.452566260581673,425.1132931788708,421.2082766084932,431.1878921422176,9.979615533724427,3.75,0.1951874272026389,9,unreviewed
2018-07-12,2018-06-15,2018-08-08,17.240320282545206,13.9749287197337,41.43999168362133,41.06589651526883,42.01537320576608,0.9494766904972494,1.25,0.0490955547673054,7,unreviewed
2025-04-25,2025-04-21,2025-04-29,17.188371144299197,2.0093344934246185,545.7609587484195,533.9779426176101,557.4300448349677,23.45210221735761,2.0,0.1979378501248344,4,unreviewed
2025-10-19,2025-10-17,2025-10-22,17.06683897067159,28.34547339911994,914.2177248181732,911.0478183780796,918.0320033608004,6.9841849827207625,7.0,0.2087989089592721,10,unreviewed
2021-01-06,2020-12-17,2021-01-26,17.056983051813383,3.5389735259297224,912.9566104529164,904.8119892282411,922.7712337845004,17.959244556259364,2.5,0.226869673088676,1,unreviewed
2020-07-27,2020-07-23,2020-07-31,17.01525464930858,0.9745153591916204,37.6717376572539,37.09930390259251,38.51543926354498,1.4161353609524667,1.75,0.063525259646486,7,unreviewed
2019-06-07,2019-06-05,2019-06-10,16.96404119496325,18.35246961718424,583.1490745526918,582.6285815304145,583.876032942906,1.2474514124915004,1.0,0.0546407415246116,6,unreviewed
2023-07-01,2023-06-26,2023-07-06,16.95544626138862,7.023136359556448,80.59563430960851,80.26516115758568,81.21463784808293,0.9494766904972494,1.25,0.0470446341901745,7,unreviewed
2018-07-12,2018-06-15,2018-08-08,16.955142569577482,17.28919448711293,409.07589919257254,405.9893627595157,413.4740745630115,7.484711803495884,3.75,0.1586738025833154,7,unreviewed
2024-11-15,2024-11-12,2024-11-19,16.948118113742158,4.269608390657715,34.66733237645286,33.83269882807508,35.94882008759305,2.1161212595179677,3.25,0.0941591386844768,11,unreviewed
2019-11-29,2019-11-26,2019-12-02,16.94486413925313,23.283078167734217,580.4135025821298,579.8841858403757,581.3811285169795,1.496942676603794,1.5,0.0572472116934747,11,unreviewed
2022-12-09,2022-12-06,2022-12-12,16.851437585532107,11.651055554704252,37.22631580013668,36.63264616858214,38.04878106107935,1.4161348924972117,3.0,0.0690412736743844,12,unreviewed
2025-01-26,2025-01-24,2025-01-28,16.836317550535792,3.3511195204623005,1049.177063069294,1037.7598703540862,1059.4606145992875,21.70074424520135,2.0,0.1902188805039862,1,unreviewed
2021-11-20,2021-11-18,2021-11-22,16.816842042306416,9.05569806920422,132.3879995825603,131.55005056690425,133.2964816922322,1.7464311253279448,1.75,0.0555643649340763,11,unreviewed
2023-02-25,2023-02-21,2023-03-02,16.73549511260908,2.3728563918533885,314.51075672263266,304.94577607838437,325.6534732929431,20.70769721455872,2.0,0.2043557167576338,2,unreviewed
2021-01-06,2020-12-17,2021-01-26,16.7245918343562,0.4964346287567727,37.12549412895801,34.066027695313096,39.915412466507405,5.849384771194309,1.25,0.1204307448056884,1,unreviewed
2021-06-22,2021-06-01,2021-07-14,16.67152591609819,0.3368409802267271,37.592302493436925,33.83269882807508,40.848728402517736,7.016029574442655,1.0,0.1257410440624577,6,unreviewed
2020-01-04,2019-12-30,2020-01-10,16.594878880702122,18.257163409620187,1057.3071599720076,1052.975294359494,1061.2066473206503,8.231352961156517,6.0,0.2390473451223374,1,unreviewed
2024-08-24,2024-08-21,2024-08-27,16.579982388825776,17.64361326136033,181.7216067325923,181.1986030591652,182.44605400552973,1.2474509463645518,1.0,0.0486527218804176,8,unreviewed
2019-01-13,2019-01-07,2019-01-19,16.535301083997147,4.010931522863925,752.2069156723928,742.7356436131522,766.455314764753,23.719671151600775,2.5,0.226151414987289,1,unreviewed
2021-12-19,2021-12-17,2021-12-21,16.505996102859026,6.916803647429276,79.42069229400231,78.8651870181784,80.28132214443758,1.416135126259178,1.0,0.0408412114694052,12,unreviewed
2023-02-04,2023-02-03,2023-02-06,16.450679472133377,18.76651635509656,704.4955970162472,701.2883038851433,708.7785945893265,7.49029070418328,6.75,0.2502905826980928,2,unreviewed
2024-01-18,2024-01-10,2024-01-26,16.449414432635837,4.776656725017436,1080.7156715395674,1070.6850518258289,1088.6447005332448,17.95964870741591,3.25,0.2340333979685389,1,unreviewed
2023-02-04,2023-02-03,2023-02-06,16.401387403337864,16.89127471482767,581.73999528953,578.6367342504673,585.8719568308443,7.2352225803770125,6.0,0.2002880411931845,2,unreviewed
2021-01-06,2020-12-17,2021-01-26,16.398484586149454,12.416243476904818,37.77782526000022,36.86597503628582,38.982096997555345,2.1161219612695277,1.75,0.0617497568484703,1,unreviewed
2024-09-14,2024-09-11,2024-09-17,16.376793917790156,26.0216869403084,538.0166009538847,537.4708093605004,538.9677515379153,1.496942177414894,1.5,0.0708698502439083,9,unreviewed
2021-11-20,2021-11-18,2021-11-22,16.370622780432587,32.05415268227838,586.8193944688236,586.3709382945672,587.6183899543248,1.247451659757644,1.25,0.043959388487818,11,unreviewed
2024-09-14,2024-09-11,2024-09-17,16.33677882610076,8.881640523392607,31.90284414101795,30.799422620795667,32.68221477884799,1.8827921580523252,5.0,0.1181070980584766,9,unreviewed
2020-02-24,2020-02-24,2020-02-25,16.28373037214899,24.93988269834036,580.3565345222372,579.8841858403757,581.1316379988566,1.2474521584808826,1.75,0.0756055801964883,2,unreviewed
2019-11-29,2019-11-26,2019-12-02,16.278249074888198,22.449196465074714,580.887992648625,580.1336763571016,581.8801095518284,1.7464331947267056,1.25,0.0813823234022671,11,unreviewed
2023-02-25,2023-02-21,2023-03-02,16.17505523366317,12.059697789522271,265.0802348669016,260.53650579135865,269.26866542734206,8.732159635983407,3.5,0.1857946336609642,2,unreviewed
2021-11-20,2021-11-18,2021-11-22,16.12310802896535,26.376683225726012,539.8934158457771,538.9677519663237,540.9636749294586,1.9959229631349444,2.5,0.059381137180697,11,unreviewed
2024-11-08,2024-11-04,2024-11-12,16.109363619948628,9.824019701203294,32.11794006882158,31.732738089747727,32.91554364655167,1.1828055568039415,6.25,0.0884356030871196,11,unreviewed
2023-02-02,2023-02-02,2023-02-03,16.098273972599085,12.759467620062242,336.32232553130035,329.89480941277,342.11983556160703,12.22502614883706,7.5,0.2293136392209463,2,unreviewed
2021-11-20,2021-11-18,2021-11-22,16.05194285218278,20.772992761000324,807.2405216507943,806.8850402240641,807.881895554252,0.9968553301878272,1.25,0.0553868339862734,11,unreviewed
2023-02-02,2023-02-02,2023-02-03,16.012086810425274,16.372637884323982,269.77060796469175,259.7880353881046,279.9967471784912,20.208711790386587,4.75,0.2348530300963681,2,unreviewed
2025-06-28,2025-06-25,2025-07-01,15.948781818904488,4.3875695462746584,34.60379769416677,33.83269882807508,35.715490986127406,1.8827921580523252,3.25,0.090976928138433,6,unreviewed
2018-02-15,2018-02-01,2018-03-01,15.887971728276192,3.732983004164064,318.5319840366069,317.9192733527161,319.41621483443305,1.4969414817169309,1.75,0.0664185534736312,2,unreviewed
2022-07-31,2022-07-29,2022-08-02,15.881117050446605,24.011786069394425,875.306340980023,869.9128362154588,881.3728039199486,11.459967704489827,4.75,0.2577003890492136,7,unreviewed
2019-11-01,2019-10-29,2019-11-05,15.819411851750605,11.991703396984326,38.354498351775455,37.79929097183049,38.982096997555345,1.182806025724858,2.0,0.0583726611681988,11,unreviewed
2024-05-26,2024-05-24,2024-05-29,15.6658850067052,16.15393934878643,274.9194422564935,272.0130584430881,278.7492955108173,6.736237067729235,2.5,0.1152978092005805,5,unreviewed
2021-12-07,2021-12-06,2021-12-08,15.643664795631471,18.39285762700241,182.41392852760825,181.947073827032,183.19452452333644,1.2474506963044405,1.0,0.105169522337239,12,unreviewed
2024-02-03,2024-01-30,2024-02-08,15.601847449909862,3.0119397734278586,362.69748347882165,352.5984298903495,370.3122429652139,17.713813074864447,2.25,0.1945397755084028,2,unreviewed
2025-11-07,2025-11-05,2025-11-10,15.560902695775392,10.813212347279356,38.41258242029935,37.79929097183049,38.982096997555345,1.182806025724858,1.5,0.0504151049432376,11,unreviewed
2023-07-01,2023-06-26,2023-07-06,15.559624059067993,6.941378233548248,79.60466907409022,79.09851588588208,80.28132214443758,1.1828062585555017,1.0,0.0355578729152821,7,unreviewed
2025-07-25,2025-07-22,2025-07-28,15.510686578061826,11.81024864664454,26.509139877509316,26.132843407336622,27.082320098299533,0.9494766909629108,1.75,0.0484799793199572,7,unreviewed
2021-11-20,2021-11-18,2021-11-22,15.477180059075708,27.332120951394565,597.1382815769324,596.6000465136021,597.847498672083,1.2474521584808826,1.25,0.0427006448828293,11,unreviewed
2024-03-15,2024-03-09,2024-03-22,15.448910648925528,2.9506067669511244,460.4089590558636,449.8996719955466,473.10227859253064,23.20260659698397,2.0,0.2090211674599622,3,unreviewed
2021-06-22,2021-06-01,2021-07-14,15.44049254145166,12.16508952837536,38.25582615812515,37.79929097183049,38.982096997555345,1.182806025724858,1.75,0.0620350079230212,6,unreviewed
2023-03-29,2023-03-22,2023-04-06,15.372545287840222,3.3830912787537293,1051.279137519485,1043.247399765998,1060.458347582724,17.21094781672582,3.25,0.2251132123092696,3,unreviewed
2020-10-30,2020-10-20,2020-11-09,15.346097966184349,21.64444536119012,578.8997838445273,578.1377532165498,579.8841856615618,1.746432445012033,1.0,0.0524221716251099,10,unreviewed
2019-09-13,2019-09-11,2019-09-16,15.27905374195095,0.8503119635702318,37.8146289640421,37.332632769364864,38.51543926354498,1.182806494180113,2.25,0.0548051267133747,9,unreviewed
2024-02-03,2024-01-30,2024-02-08,15.214799503013095,3.056791270188205,1097.791329396728,1085.401610339526,1113.593772151973,28.19216181244701,1.5,0.1865377259451528,2,unreviewed
2021-11-20,2021-11-18,2021-11-22,15.200148758874656,31.896892325645062,913.8162660874378,913.2927165925504,914.5399394156412,1.2472228230908513,2.0,0.0629096618929856,11,unreviewed
2025-07-25,2025-07-22,2025-07-28,15.157184070605108,16.20233767580509,27.02710785641099,26.366172274574637,27.782306699082255,1.416134424507618,1.25,0.058722507141878,7,unreviewed
2023-01-05,2023-01-04,2023-01-06,15.15485102640802,4.082493627537803,850.183700656605,843.0076905395836,858.2044834489934,15.19679290940985,3.0,0.2272453830458508,1,unreviewed
2024-09-14,2024-09-11,2024-09-17,15.14464220381857,28.81140465579768,537.5107125723647,537.221319091972,538.2192799863406,0.9979608943685888,1.75,0.0453262239887582,9,unreviewed
2019-12-26,2019-12-22,2019-12-30,15.132650587423868,17.581634274852217,1041.537891916476,1037.2610038616697,1045.7417890694924,8.480785207822919,5.75,0.2261168107098163,12,unreviewed
2019-12-11,2019-12-11,2019-12-11,15.09985561417228,4.620123821380408,34.60740287555018,33.83269882807508,35.715490986127406,1.8827921580523252,3.0,0.0863253146858633,12,unreviewed
2025-10-11,2025-10-06,2025-10-17,15.054120338461626,4.963517807204487,164.7664915763273,161.98785669449717,167.47664115577936,5.488784461282194,3.0,0.1432037424824265,10,unreviewed
2023-02-02,2023-02-02,2023-02-03,15.043174272658446,16.299879999692347,242.9807134620506,230.59767274186015,257.04364187363535,26.4459691317752,3.25,0.2157449109227291,2,unreviewed
2022-11-10,2022-11-07,2022-11-14,15.021966679484452,18.74567342086765,184.81446341587548,184.44197571836412,185.4399365754798,0.997960857115686,1.25,0.0743999029276238,11,unreviewed
2021-04-27,2021-04-21,2021-05-04,14.960153264462248,2.417069430879579,64.91239226585351,51.79902814421803,78.41469050664455,26.61566236242652,1.5,0.2036900714339426,4,unreviewed
2018-07-12,2018-06-15,2018-08-08,14.871083181934642,8.170499931151959,35.45903999954071,34.53268542839214,36.415478290524334,1.8827928621321917,2.25,0.0733272892921177,7,unreviewed
2023-01-05,2023-01-04,2023-01-06,14.789988736207624,4.248151198379703,1170.4627638954616,1162.2444625142962,1179.2098302496595,16.965367735363543,2.5,0.2194702019214158,1,unreviewed
2024-09-14,2024-09-11,2024-09-17,14.688416518190191,27.04714530232681,532.9926141821609,532.4810005091131,533.7284521702677,1.2474516611546278,1.5,0.0461646155906019,9,unreviewed
2021-11-20,2021-11-18,2021-11-22,14.608327080915192,27.962548771205977,538.8804753222574,537.9697898970917,540.2152041234076,2.2454142263159156,1.5,0.0638088080180842,11,unreviewed
2025-07-06,2025-07-01,2025-07-11,14.596715188436324,15.712271472374486,79.9731819603134,79.33184475218877,80.98130898084491,1.649464228656143,1.25,0.0656193537812328,7,unreviewed
2025-02-03,2025-01-28,2025-02-10,14.593940796271356,8.88037762552725,419.8158898163585,414.9710167855956,423.20419925963506,8.233182474039495,5.75,0.2149334725881476,2,unreviewed
2022-08-27,2022-08-24,2022-08-30,14.478003437895154,17.602756745928318,194.14444764361215,193.67311401618645,194.92056446475908,1.2474504485726357,1.0,0.0540645884836149,8,unreviewed
2020-03-26,2020-03-19,2020-04-02,14.469645519905315,19.023110296891,184.29529441978997,183.9429955384694,184.94095589779317,0.9979603593237698,1.25,0.054244290563567,3,unreviewed
2022-07-23,2022-07-18,2022-07-29,14.410522606005566,20.372755579562984,579.2592353934147,578.8862247671932,579.8841856615618,0.9979608943685888,1.0,0.0464748123787154,7,unreviewed
2025-06-28,2025-06-25,2025-07-01,14.404306560431932,14.83335306790155,38.633665521893654,38.26594917429611,39.21542586479336,0.9494766904972494,1.5,0.0565446831470926,6,unreviewed
2019-12-04,2019-12-02,2019-12-06,14.386733102270464,31.601766872010913,519.3584938979026,518.5095345303416,520.5054582399316,1.995923709589988,1.5,0.0534835466775907,12,unreviewed
2020-04-05,2020-04-02,2020-04-08,14.337040040529008,18.749576638496833,913.339962292308,911.2972513744608,916.2859713877552,4.988720013294369,6.0,0.2100416887946575,4,unreviewed
2024-02-03,2024-01-30,2024-02-08,14.318116342004524,3.2550035311761065,1043.5105966352955,1034.517238155939,1056.7168498924002,22.19961173646152,2.25,0.1891261615899485,2,unreviewed
2022-09-27,2022-09-26,2022-09-28,14.290201394898649,15.97394758501842,37.510300534541855,36.86597503628582,38.28211016301066,1.4161351267248392,2.5,0.0622343282638481,9,unreviewed
2019-11-15,2019-11-12,2019-11-18,14.288094076859808,14.3471645135163,37.22295266817733,36.86597503628582,37.81545196054503,0.9494769242592156,2.0,0.054306896497456,11,unreviewed
2018-10-22,2018-10-08,2018-11-05,14.252905370946923,7.399181651145056,35.72088933696399,34.999343163799495,36.64880739059299,1.6494642267934978,3.0,0.0630353868022646,10,unreviewed
2025-10-11,2025-10-06,2025-10-17,14.251159564047406,3.99243096623851,154.84535061588534,153.50518941227347,156.4990717326291,2.993882320355624,1.5,0.0722817404546348,10,unreviewed
2024-10-13,2024-10-09,2024-10-18,14.19871799473774,7.372198034824581,80.6123668377274,80.26516115758568,81.21463784808293,0.9494766904972494,1.0,0.0646756250932364,10,unreviewed
2025-10-31,2025-10-27,2025-11-05,14.162690378399756,9.685110338756743,32.12464645460994,31.732738089747727,32.91554364655167,1.1828055568039415,6.5,0.0903788778913433,10,unreviewed
2025-01-12,2025-01-10,2025-01-14,14.118275528986452,2.166219483818472,48.8068366931897,47.83243576530367,49.94855772797018,2.1161219626665115,1.0,0.0832692008183021,1,unreviewed
2021-06-22,2021-06-01,2021-07-14,14.090913327173308,0.8794020903400123,38.42074687879871,37.56596187129617,39.68208359880373,2.1161217275075614,1.0,0.0526711305900037,6,unreviewed
2023-01-05,2023-01-04,2023-01-06,13.992416323995958,4.072935541748235,748.7991055394682,739.9891334138811,755.7189557156526,15.729822301771492,3.0,0.2201718196332489,1,unreviewed
2019-09-03,2019-09-01,2019-09-05,13.949413151880146,14.096592474820897,381.5555787347687,380.7908372939564,382.5372699503787,1.7464326564222574,1.5,0.0702617770990891,9,unreviewed
2025-11-13,2025-11-10,2025-11-17,13.946404925129023,25.51843290211108,579.4128860635012,578.8862247671932,580.6326569644734,1.746432197280228,1.5,0.0644941348034149,11,unreviewed
2025-03-28,2025-03-24,2025-04-01,13.930842294714385,2.9863185100303253,884.56976062548,874.3970274124295,894.8347197296098,20.437692317180336,1.5,0.1724808795533553,3,unreviewed
2019-12-11,2019-12-11,2019-12-11,13.922744532515107,19.246165764414535,183.5663815531964,183.1945247729309,184.19248562771827,0.9979608547873796,1.25,0.0509471066736128,12,unreviewed
2025-10-31,2025-10-27,2025-11-05,13.922413958146857,7.772101782191878,128.20496815677186,127.80769747821614,128.80565783707425,0.9979603588581084,1.25,0.044674453091746,10,unreviewed
2019-07-26,2019-07-22,2019-07-31,13.915621590467056,11.864095381098586,38.387214148485704,38.03262007376179,38.982096997555345,0.9494769237935544,1.5,0.0598308031855472,7,unreviewed
2023-02-02,2023-02-02,2023-02-03,13.901194950801283,14.235433094075857,434.01579237598025,423.7031803387217,443.4129213159904,19.709740977268662,5.5,0.2067424899156197,2,unreviewed
2021-11-03,2021-11-03,2021-11-04,13.83151473902992,12.118526075938956,114.16794501670996,113.08777447091416,115.33318627253176,2.245411801617593,2.0,0.0623278207831736,11,unreviewed
2024-02-03,2024-01-30,2024-02-08,13.817184153048512,3.210601884471016,1135.8237809425011,1123.8228923012502,1148.023491224274,24.20059892302379,1.25,0.1722071384533484,2,unreviewed
2024-10-19,2024-10-18,2024-10-21,13.805307676329996,27.97767567526295,285.7145984306691,285.23604303086177,286.4834944056347,1.247451374772936,1.25,0.0725380827559125,10,unreviewed
2024-05-12,2024-05-10,2024-05-14,13.76975284371114,1.417495548347432,40.697412649189914,40.365909211337566,41.3153866045177,0.949477393180132,1.5,0.0714208642513564,5,unreviewed
2023-01-21,2023-01-20,2023-01-23,13.70441500694316,5.55277727091777,951.446642040483,945.968460822478,956.4447099985556,10.476249176077545,5.25,0.2035122467884687,1,unreviewed
2020-01-30,2020-01-27,2020-02-02,13.698652534351776,20.148275093522457,578.7864169756291,578.3872437337413,579.3852051254362,0.9979613916948438,1.0,0.0574294194978591,1,unreviewed
2022-04-18,2022-04-15,2022-04-22,13.687722872521965,25.42191144660483,1120.8903920415776,1117.8351155919954,1125.319835871458,7.4847202794626355,3.25,0.1588261833444938,4,unreviewed
2024-01-18,2024-01-10,2024-01-26,13.660832518840108,6.990384050148325,1009.7168128245396,1005.0841211294756,1014.5626398203894,9.478518690913916,6.0,0.2133845333781999,1,unreviewed
2024-05-12,2024-05-10,2024-05-14,13.60707095984075,0.8014724298570624,26.178154402777984,24.966198136564344,27.54897783184424,2.5827796952798963,2.0,0.0951964342456393,5,unreviewed
2023-02-25,2023-02-21,2023-03-02,13.56757493228203,2.7890244293535313,350.9023201251056,340.62289333343506,358.336707402952,17.713814069516957,2.25,0.1791759373043711,2,unreviewed
2025-02-03,2025-01-28,2025-02-10,13.56579756488622,3.306188162647822,1052.6901358388463,1045.4922989802435,1060.2089143367484,14.716615356504915,2.25,0.1709809543952124,2,unreviewed
2025-11-07,2025-11-05,2025-11-10,13.554196712343805,4.0367970429650395,916.214686448981,909.8006523982622,921.7735008005984,11.97284840233624,3.75,0.2205861192337591,11,unreviewed
2023-02-02,2023-02-02,2023-02-03,13.542613324107636,6.023260208063874,670.1471261884703,669.61434483435,670.860579483211,1.246234648860991,1.25,0.0374034690789476,2,unreviewed
2023-10-01,2023-09-29,2023-10-03,13.5351860041507,12.24924231214505,36.8048546188397,36.39931730134413,37.58212285861373,1.182805557269603,2.0,0.0664809214752299,10,unreviewed
2019-11-24,2019-11-22,2019-11-26,13.528836419006792,3.270593152247792,965.449735054126,960.9344495851548,971.660132505931,10.725682920776308,3.25,0.1932704364811109,11,unreviewed
2023-02-04,2023-02-03,2023-02-06,13.50445381495702,18.696788881418456,470.27751891398026,464.3701144270599,474.5992204323411,10.22910600528121,4.75,0.217840142671239,2,unreviewed
2024-07-26,2024-07-23,2024-07-29,13.487449817924263,25.697981515929627,244.7387040507439,244.07014796324071,245.81657985318452,1.7464318899437783,2.25,0.125968775005825,7,unreviewed
2024-08-31,2024-08-27,2024-09-05,13.451278744784965,27.021204386546188,533.2464266084187,532.7304910263047,533.9779424373992,1.2474514110945163,1.25,0.066901682424499,8,unreviewed
2025-03-08,2025-03-07,2025-03-10,13.433000539493891,8.515091390553424,1008.08050579244,1004.3358218912036,1011.569441367872,7.233619476668537,5.0,0.1958776985183777,3,unreviewed
2023-03-11,2023-03-06,2023-03-17,13.41900682750549,11.958633658107203,1194.490101751362,1190.186560723465,1198.417915663682,8.231354940216988,5.0,0.2146740966501684,3,unreviewed
2022-08-13,2022-08-10,2022-08-17,13.395765328751423,13.591647564863484,37.532614166827784,37.09930390259251,38.28211016301066,1.1828062604181468,1.75,0.0509366859828354,8,unreviewed
2025-01-19,2025-01-14,2025-01-24,13.345511787524464,6.899151541890577,80.86998693821083,80.4984900248237,81.44796671532094,0.9494766904972494,1.0,0.047050132656696,1,unreviewed
2023-02-04,2023-02-03,2023-02-06,13.34174111906061,24.811128381541515,644.3344083410259,640.4595574960113,648.1846340256743,7.725076529663056,6.5,0.187773590873351,2,unreviewed
2025-11-13,2025-11-10,2025-11-17,13.296670983927887,24.929638118308084,580.2911636091278,579.6346955723129,581.1316379988566,1.4969424265436828,1.25,0.0563517014711874,11,unreviewed
2023-09-03,2023-09-01,2023-09-05,13.293683963834358,12.650897446231625,37.462383075754715,37.09930390259251,38.28211016301066,1.1828062604181468,1.5,0.0575547020017859,9,unreviewed
2022-01-27,2022-01-20,2022-02-03,13.281180331403997,36.567448179626936,967.0787353332084,964.426514028106,970.6624000226147,6.2358859945088625,6.25,0.2048736656121123,1,unreviewed
2022-08-13,2022-08-10,2022-08-17,13.265204046421378,12.9866016337917,38.55467506644569,38.03262007376179,39.448754732031375,1.4161346582695842,1.5,0.0437552574534963,8,unreviewed
2022-07-15,2022-07-12,2022-07-18,13.24630267725988,27.717956130790203,576.9582674267723,576.391319595743,577.8882622709498,1.4969426752068102,1.75,0.0735203862164761,7,unreviewed
2018-08-22,2018-08-08,2018-09-06,13.218253941093646,18.990108396623658,1061.5541101803567,1059.2111245100386,1064.199845272582,4.98872076254338,7.75,0.2134285657226762,8,unreviewed
2021-11-20,2021-11-18,2021-11-22,13.203458991683622,5.936611976515717,113.98959840030297,113.33726480789484,114.8342058439739,1.496941036079079,1.75,0.060987064891867,11,unreviewed
2023-02-02,2023-02-02,2023-02-03,13.175784490651258,11.394851814858717,381.7690860825922,380.0423662592657,383.03625030908734,2.993884049821645,2.25,0.0867490497887612,2,unreviewed
2022-07-31,2022-07-29,2022-08-02,13.110969397992772,6.22834621347241,40.312625387082385,34.066027695313096,47.6152678867802,13.549240191467106,3.5,0.2349552220150582,7,unreviewed
2019-02-17,2019-02-15,2019-02-19,13.105069206872123,3.200246804697068,1053.4816066006313,1045.7417322252877,1060.458347582724,14.71661535743624,2.0,0.1853386215558082,2,unreviewed
2021-11-20,2021-11-18,2021-11-22,13.031965117860956,27.116323964666964,598.1378961911784,597.5980085828342,598.845460739918,1.2474521570838988,1.25,0.0480840339650295,11,unreviewed
2023-01-21,2023-01-20,2023-01-23,13.010912208542306,4.834982967287186,915.691593891557,910.2995186406188,924.0183992651292,13.718880624510348,4.75,0.2125245568563943,1,unreviewed
2023-02-02,2023-02-02,2023-02-03,12.99023072759402,19.158239591554143,582.4051191890734,581.6306194625795,583.6265426743776,1.995923211798072,1.25,0.0594213068431477,2,unreviewed
2021-11-24,2021-11-22,2021-11-27,12.976490996516471,23.702775005984183,579.0498105718477,578.6367342504673,579.6346953930333,0.9979611425660552,1.25,0.0572658856605723,11,unreviewed
2021-12-19,2021-12-17,2021-12-21,12.949277865031652,6.41387632404501,81.63264549983691,81.43180572567508,82.14795401832089,0.716148292645812,1.5,0.0563918785690222,12,unreviewed
2023-02-04,2023-02-03,2023-02-06,12.937755477122304,16.8235339992715,287.62480757883566,282.7411399455741,293.469222149346,10.72808220377192,4.25,0.222333479103061,2,unreviewed
2019-12-11,2019-12-11,2019-12-11,12.886393264311254,14.752757912987905,36.56456225273466,35.932659099344164,37.348793991841376,1.4161348924972117,1.75,0.0590730297355078,12,unreviewed
2023-06-16,2023-06-12,2023-06-21,12.886144397947229,11.433491529755369,375.5209740392544,374.8030695132911,376.54950167192146,1.7464321586303413,1.25,0.0925182460797066,6,unreviewed
2021-11-20,2021-11-18,2021-11-22,12.854109246762448,29.467038386724695,196.29703092787895,195.66903572902083,197.1659765164368,1.4969407874159515,1.75,0.0662238728124654,11,unreviewed
2025-06-28,2025-06-25,2025-07-01,12.811694060414473,13.533202915240183,35.571729838560266,34.76601429656148,36.64880739059299,1.8827930940315127,2.0,0.0727722006941979,6,unreviewed
2021-11-24,2021-11-22,2021-11-27,12.8039555015712,12.119631415303404,114.08416025082926,113.33726480789484,115.0836959341541,1.746431126259267,2.0,0.0611429774604797,11,unreviewed
2019-11-29,2019-11-26,2019-12-02,12.787413684928772,27.709526288531116,576.4380998875102,576.1418290776201,577.139790719375,0.997961641754955,1.25,0.062517214886264,11,unreviewed
2025-05-23,2025-05-19,2025-05-27,12.765684345605642,2.431133654486965,686.8383479130124,675.3456270489842,699.7900147568434,24.44438770785928,1.5,0.1709655036671101,5,unreviewed
2018-05-05,2018-03-26,2018-06-15,12.761842198231212,3.733000955979957,318.7902662838857,318.418254208751,319.41621483443305,0.997960625682026,1.75,0.0570594161979598,5,unreviewed
2019-01-13,2019-01-07,2019-01-19,12.721478069906947,4.263340409226229,1254.7750248442603,1246.309045924805,1261.0256652431565,14.71661931835115,3.5,0.200965746709841,1,unreviewed
2025-04-25,2025-04-21,2025-04-29,12.669406868634775,3.2039364447510232,917.6660653812904,912.2949836077167,923.2701002769172,10.97511666920036,2.75,0.1809435362891179,4,unreviewed
2021-11-20,2021-11-18,2021-11-22,12.6643427188032,13.84136831041527,137.0174882137129,136.04087442159653,138.28628622414544,2.245411802548915,2.0,0.0686754007303373,11,unreviewed
2022-09-27,2022-09-26,2022-09-28,12.662773426141824,4.3289940850699,34.833220668224435,34.29935656255111,35.715490986127406,1.4161344235762954,2.75,0.0777344124456211,9,unreviewed
2018-03-13,2018-03-01,2018-03-26,12.62580398471693,4.275644811771467,34.630134192777994,33.83269882807508,35.48216211888939,1.6494632908143103,2.75,0.0870856273195634,3,unreviewed
2020-05-25,2020-05-22,2020-05-29,12.625033684066372,4.3981747699596365,34.56925047394621,33.83269882807508,35.48216211888939,1.6494632908143103,2.75,0.088441603442066,5,unreviewed
2023-11-05,2023-11-01,2023-11-09,12.563395722949426,2.3348003206570507,501.4905854483252,489.0696632466279,511.0248205764219,21.95515732979402,2.5,0.1906124205121664,11,unreviewed
2024-12-09,2024-12-03,2024-12-16,12.559408434715577,2.713633604461315,29.56905706064594,29.166119615081698,30.115596305578947,0.9494766904972494,1.5,0.0985836903782457,12,unreviewed
2024-07-20,2024-07-18,2024-07-23,12.50364927094412,6.3771238816191795,30.838977625867255,30.332764418795705,31.748899311758574,1.416134892962873,2.0,0.0802871805530218,7,unreviewed
2025-11-07,2025-11-05,2025-11-10,12.487820995956948,1.0905546079560071,38.20787051711238,37.56596187129617,38.982096997555345,1.416135126259178,1.75,0.0577946232573397,11,unreviewed
2021-01-06,2020-12-17,2021-01-26,12.48481775900762,13.478590750097354,37.048459439197934,36.39931730134413,37.81545196054503,1.4161346592009068,1.5,0.0536567130549432,1,unreviewed
2023-02-25,2023-02-21,2023-03-02,12.469674583805524,2.6427965592217997,710.9446230602671,703.2857658476569,718.2665399126709,14.980774065013977,1.75,0.1737758409141603,2,unreviewed
2024-05-12,2024-05-10,2024-05-14,12.458823386608778,0.7715859220833549,37.71861382318612,37.09930390259251,38.51543926354498,1.4161353609524667,1.25,0.049694935948144,5,unreviewed
2018-07-12,2018-06-15,2018-08-08,12.443010704752185,14.380060369411634,37.11768499765129,36.63264616858214,37.81545196054503,1.1828057919628918,1.5,0.0628278503620377,7,unreviewed
2020-02-17,2020-02-16,2020-02-19,12.398745299902336,0.6616496401626648,37.64081842344984,35.46600089687854,40.382070200517774,4.916069303639233,1.5,0.0979419572497311,2,unreviewed
2025-03-03,2025-02-28,2025-03-07,12.395830070581988,2.9538507074495026,938.6446788417562,930.2541713230312,948.712281871587,18.45811054855585,1.75,0.1746955384408349,3,unreviewed
2022-06-23,2022-06-15,2022-07-01,12.374608006982823,32.348073074080894,1019.4545432596756,1018.5535136619584,1020.5490362229756,1.995522561017424,2.25,0.068943371972304,6,unreviewed
2023-10-29,2023-10-26,2023-11-01,12.374478521626504,2.544364968645536,527.9867063159417,520.5054586688057,538.9677515379153,18.46229286910966,1.75,0.1687909661120847,10,unreviewed
2021-11-20,2021-11-18,2021-11-22,12.372662608011906,35.16566650131674,581.9900952575429,581.3811289444566,582.6285811024718,1.2474521580152214,1.0,0.0426731116556094,11,unreviewed
2018-02-15,2018-02-01,2018-03-01,12.370261265902888,6.147934464351352,669.2145961347466,668.8667856683023,669.8638349235989,0.997049255296588,1.0,0.038651580084713,2,unreviewed
2023-12-02,2023-11-27,2023-12-08,12.346192956993043,26.184115127287768,244.49316570764464,243.8206578292884,245.56708947010335,1.7464316408149898,2.0,0.0919292967427214,12,unreviewed
2025-08-01,2025-07-28,2025-08-05,12.32903926590674,1.2295926928918115,37.713323476811205,37.09930390259251,38.51543926354498,1.4161353609524667,1.25,0.0557632317164749,8,unreviewed
2024-08-10,2024-08-07,2024-08-14,12.32056907737674,14.26302633244234,378.6628097785105,378.0464435820468,379.5433858120814,1.4969422300346196,1.25,0.0768431329568709,8,unreviewed
2024-08-24,2024-08-21,2024-08-27,12.185198249851195,7.54587382149331,36.45769639291803,35.932659099344164,37.348793991841376,1.4161348924972117,1.25,0.0509241350545213,8,unreviewed
2019-10-08,2019-10-07,2019-10-09,12.1168080265863,0.4681979002307981,38.28169878001432,36.16598820127547,40.382070200517774,4.216081999242306,1.25,0.1177756435073003,10,unreviewed
2020-10-30,2020-10-20,2020-11-09,12.105168066472396,23.86907631570188,582.6287769043294,582.129600496497,583.3770524053834,1.2474519088864326,1.0,0.0599445459733937,10,unreviewed
2025-02-24,2025-02-20,2025-02-28,12.103993342387168,3.2696149117117597,156.44654497986332,147.01844359608367,164.23326849611476,17.21482490003109,2.0,0.1773521416868057,2,unreviewed
2025-11-07,2025-11-05,2025-11-10,12.096282788806407,4.123030948572567,147.7913313363345,141.77914947178215,153.25569882476702,11.476549352984875,2.75,0.1662923647776509,11,unreviewed
2025-10-24,2025-10-22,2025-10-27,12.09559762664881,29.398607116871403,269.61327858571786,269.26866547204554,270.266626462806,0.9979609907604754,1.0,0.070768766197445,10,unreviewed
2022-06-23,2022-06-15,2022-07-01,12.07859899365297,16.65029213581399,1015.6454209786464,1012.3176842625252,1018.5535707552916,6.23588649276644,2.75,0.1358217295969681,6,unreviewed
2021-11-20,2021-11-18,2021-11-22,12.072371970515407,30.478164735780272,286.70583064200673,286.23400431638584,287.48145519103855,1.2474508746527135,2.0,0.0633919655162213,11,unreviewed
2023-02-25,2023-02-21,2023-03-02,12.06420740734474,3.3067897144805216,1133.443531947618,1126.068308568094,1140.7882600366138,14.719951468519866,2.0,0.154553796785765,2,unreviewed
2025-02-15,2025-02-10,2025-02-20,12.06088731798206,29.170950066349963,270.68551706529206,270.2666267566383,271.2645874978043,0.9979607411660254,1.25,0.051521151783225,2,unreviewed
2021-06-22,2021-06-01,2021-07-14,12.049270435701407,4.45650191386532,34.455996002176676,33.83269882807508,35.24883325304836,1.4161344249732792,2.75,0.0861665841066872,6,unreviewed
2019-11-20,2019-11-18,2019-11-22,12.013441163984382,25.48617282903905,579.88726120488,579.3852053037845,580.6326569644734,1.2474516606889663,1.25,0.059124653607122,11,unreviewed
2021-11-10,2021-11-08,2021-11-12,11.9931320469943,21.73349198028107,579.0524832804762,578.3872437337413,579.8841856615618,1.496941927820444,0.75,0.0436074234296782,11,unreviewed
2021-11-20,2021-11-18,2021-11-22,11.97352212597934,23.35848962248376,805.173179149156,804.6429452504963,805.8889215784147,1.24597632791847,1.25,0.0500123710826519,11,unreviewed
2022-08-06,2022-08-02,2022-08-10,11.96245724052115,7.370032717991768,29.514285451792947,29.166119615081698,30.115596305578947,0.9494766904972494,1.5,0.0689127828022305,8,unreviewed
2019-12-09,2019-12-09,2019-12-09,11.950537851507285,21.71573945429892,579.1842368448116,578.6367342504673,580.1336759296246,1.496941679157317,1.0,0.0545024024862538,12,unreviewed
2022-07-31,2022-07-29,2022-08-02,11.941965122550606,30.29763120669257,950.4970378470424,947.7144925445318,952.9526455542072,5.238153009675443,14.5,0.2039712627887899,7,unreviewed
2022-07-23,2022-07-18,2022-07-29,11.934597929705175,25.28715288143063,579.6662970719467,579.1357150361873,580.3831664463505,1.247451410163194,1.25,0.048181125210246,7,unreviewed
2024-01-18,2024-01-10,2024-01-26,11.9290940535913,2.9404559311252156,940.339213620799,928.508139600046,949.710014356766,21.201874756719917,2.0,0.1586600471227816,1,unreviewed
2023-08-04,2023-08-01,2023-08-07,11.925476572042236,19.366611178696804,528.7354101753641,528.2396627115086,529.487114621792,1.2474519102834165,1.5,0.0680573121231726,8,unreviewed
2024-02-03,2024-01-30,2024-02-08,11.908322756210888,3.1627920926146302,406.510032330623,398.7541411346756,413.7235647859052,14.96942365122959,2.25,0.1771601600700582,2,unreviewed
2025-05-16,2025-05-14,2025-05-19,11.901771271212258,11.709653224226662,113.66256115313476,112.83828413207084,114.5847157551907,1.7464316231198609,1.75,0.054998112106972,5,unreviewed
2018-09-22,2018-09-06,2018-10-08,11.9003292184964,6.260775079271186,30.632226376353017,30.099435317330062,31.515570444520563,1.4161351271905005,1.5,0.0470943248619299,9,unreviewed
2020-02-07,2020-02-05,2020-02-10,11.89955891784584,0.6106481730699327,38.41584965546659,36.63264616858214,40.14874133234843,3.5160951637662947,1.5,0.1118191052792685,2,unreviewed
2020-12-02,2020-11-18,2020-12-17,11.88113744287102,2.5383607901724425,1024.713506462137,1012.567117509432,1038.009360443335,25.44224293390289,1.5,0.1767450277065319,12,unreviewed
2021-11-20,2021-11-18,2021-11-22,11.861075695304429,15.315685771541236,648.2022384530479,647.4367714072578,648.932193191722,1.49542178446427,1.25,0.0471100878761632,11,unreviewed
2025-06-28,2025-06-25,2025-07-01,11.818258206187538,8.92387847493068,38.551622018933195,38.26594917429611,39.21542586479336,0.9494766904972494,1.25,0.0358958222744456,6,unreviewed
2018-07-12,2018-06-15,2018-08-08,11.81010985987267,6.356634777052787,35.54781320937935,34.999343163799495,36.18214918859303,1.1828060247935357,1.5,0.0509488279650255,7,unreviewed
2023-01-21,2023-01-20,2023-01-23,11.795369923027328,6.860189358836871,988.2887474456196,983.383434227202,993.3608184098266,9.97738418262452,8.75,0.2021938193555314,1,unreviewed
2021-11-20,2021-11-18,2021-11-22,11.780477921972585,29.35564299914312,198.83565824713304,198.16393762314692,199.66087890788913,1.4969412847422063,1.75,0.0582785849712236,11,unreviewed
2024-01-03,2023-12-28,2024-01-10,11.758069969606696,3.884691586210057,1148.2420850025533,1142.534696513787,1155.5082131079398,12.973516594152898,2.5,0.1891229643747974,1,unreviewed
2023-02-04,2023-02-03,2023-02-06,11.756159811110884,30.903226755283683,518.3072769895887,516.2641208716668,520.7549487580545,4.490827886387706,6.5,0.1735377301746281,2,unreviewed
2019-01-13,2019-01-07,2019-01-19,11.75312201978419,4.303083459209661,1142.4664256819651,1134.550993236713,1149.5204354012385,14.96944216452539,4.0,0.2025512828801927,1,unreviewed
2019-11-01,2019-10-29,2019-11-05,11.655575698591925,4.232397275308936,34.591657298224085,33.83269882807508,35.48216211888939,1.6494632908143103,2.25,0.0818168026351496,11,unreviewed
2023-02-04,2023-02-03,2023-02-06,11.646290675430436,18.200472307966084,407.1118831440828,401.99751619342715,412.9750936180353,10.977577424608173,2.5,0.1933368790731813,2,unreviewed
2020-10-30,2020-10-20,2020-11-09,11.63719763489263,24.871736559383855,577.2655610614052,576.8903006301261,577.8882622709498,0.9979616408236324,1.0,0.0489364598543097,10,unreviewed
2024-12-09,2024-12-03,2024-12-16,11.635930848964469,6.348463914740607,27.15374740937275,26.832830009050667,27.782306699082255,0.949476690031588,1.0,0.0570117405152881,12,unreviewed
2025-05-16,2025-05-14,2025-05-19,11.619367201939234,5.799819571480655,105.86489091286738,104.85459727887064,106.85051899123935,1.9959217123687267,2.5,0.0913027615392506,5,unreviewed
2024-05-12,2024-05-10,2024-05-14,11.527733234509462,1.5178295775310886,24.949763407150428,24.49954040208831,25.68234619405121,1.1828057919628918,1.5,0.0481107678884616,5,unreviewed
2023-01-14,2023-01-09,2023-01-20,11.516397402814354,18.85441174450748,1083.4971318541377,1080.9118126612157,1086.3993996661156,5.487587004899979,5.75,0.1975088582053973,1,unreviewed
2021-11-03,2021-11-03,2021-11-04,11.503283205763076,18.368858670044304,194.29505229564387,193.9226041068323,194.92056446475908,0.997960357926786,1.0,0.1352745894246217,11,unreviewed
2022-12-09,2022-12-06,2022-12-12,11.486792534588949,4.665586100803137,34.62703384598624,34.066027695313096,35.48216211888939,1.4161344235762954,2.75,0.0915818338096374,12,unreviewed
2019-03-01,2019-02-27,2019-03-04,11.464568206928748,0.3899855030244223,36.54083763428213,32.89938265783712,39.915412466507405,7.016029808670282,1.25,0.1077337186299589,3,unreviewed
2024-11-15,2024-11-12,2024-11-19,11.42580405854684,1.056131497135433,30.530613537801003,29.632777349557728,31.515570444520563,1.882793094962835,3.25,0.1011003299544389,11,unreviewed
2019-01-13,2019-01-07,2019-01-19,11.4251900634372,4.450594800409502,729.7724364570081,724.5088022025302,735.9940168326721,11.485214630141854,2.75,0.1923091305451676,1,unreviewed
2018-01-11,2017-12-21,2018-02-01,11.411397502833257,3.4179502308987395,1025.7255203527209,1017.8052146751434,1033.0206965231337,15.215481847990304,2.0,0.1843766315645302,1,unreviewed
2022-06-23,2022-06-15,2022-07-01,11.34045100411391,6.449765166342662,35.252156559379685,34.76601429656148,36.18214918859303,1.4161348920315504,1.75,0.0612352840360456,6,unreviewed
2019-07-05,2019-07-02,2019-07-08,11.317858429081982,4.527498550060445,34.37614791881127,33.36604086123407,35.24883325304836,1.8827923918142917,2.5,0.0834901432560114,7,unreviewed
2023-05-06,2023-05-02,2023-05-10,11.307414337338368,26.500773317572516,532.6521264652968,532.2315099919215,533.2294716327451,0.9979616408236324,1.25,0.04385453470163,5,unreviewed
2021-11-16,2021-11-15,2021-11-18,11.306964569079971,3.9700840170492713,673.8397234376764,671.1094616744667,676.0934896678664,4.98402799339965,1.25,0.1296487250324387,11,unreviewed
2019-12-10,2019-12-10,2019-12-11,11.290572945471276,9.987866853631107,31.709557750346875,31.266080355271697,32.448885911144316,1.1828055558726192,3.25,0.0821979478580813,12,unreviewed
2021-12-07,2021-12-06,2021-12-08,11.273990586689353,8.15256151062237,659.3162360889457,658.6501516872086,660.1455724779516,1.4954207907430828,1.25,0.0650447770416595,12,unreviewed
2022-09-19,2022-09-13,2022-09-26,11.259521408963362,6.237407056282904,30.63498531649461,30.099435317330062,31.282241577282548,1.1828062599524856,1.5,0.0608763408699539,9,unreviewed
2022-07-15,2022-07-12,2022-07-18,11.227294150409865,10.162033839831755,36.5092513410275,35.69932999834418,37.348793991841376,1.6494639934971929,1.5,0.053578879454474,7,unreviewed
2018-11-30,2018-11-27,2018-12-04,11.22510418877896,3.209827594002312,1026.0554445385085,1018.8029466583394,1033.76899551088,14.966048852540553,2.25,0.1927612167675334,11,unreviewed
2024-09-14,2024-09-11,2024-09-17,11.208840615958572,8.654949871733583,30.53967342836293,29.86610621633008,31.282241577282548,1.4161353609524667,1.75,0.0941786268261303,9,unreviewed
2025-10-11,2025-10-06,2025-10-17,11.207767808574802,4.3695737828299395,158.68074593587673,157.2475425004959,160.24142506998032,2.9938825694844127,1.75,0.0811299813376203,10,unreviewed
2021-11-16,2021-11-15,2021-11-18,11.206571503596852,2.0363070298084383,614.1702187659216,612.0523298238404,616.7871719263494,4.734842102508992,1.0,0.0896072188615488,11,unreviewed
2024-09-20,2024-09-17,2024-09-24,11.206270244314084,11.29057675548034,38.081409098646205,37.56596187129617,38.748768132179976,1.182806260883808,1.25,0.053335753548385,9,unreviewed
2023-01-21,2023-01-20,2023-01-23,11.194347736674104,3.5848551611157458,1235.5975365403524,1223.1117521077394,1248.3045687316917,25.19281662395224,1.5,0.166936402875228,1,unreviewed
2021-01-06,2020-12-17,2021-01-26,11.182813685103088,44.6808455419229,988.7341428154668,986.1271984335036,991.3653524415568,5.238154008053243,3.25,0.1398731811533717,1,unreviewed
2023-02-04,2023-02-03,2023-02-06,11.141779426399102,34.614206907657916,618.9941215318636,616.7868682248518,621.7708959695883,4.984027744736522,4.75,0.1613329338598708,2,unreviewed
2024-01-18,2024-01-10,2024-01-26,11.131954194821867,4.473089758423874,1022.0262111112344,1016.5580484452656,1027.2837328650055,10.725684419739991,3.0,0.1923146773416855,1,unreviewed
2019-01-21,2019-01-19,2019-01-23,11.10556519147436,4.803016579867593,967.1889019220145,962.6804823065175,972.1589984991588,9.47851619264111,3.75,0.1917718943044055,1,unreviewed
2025-01-19,2025-01-14,2025-01-24,11.09853568346473,20.42640541473016,1080.234994809466,1077.6691807131283,1082.9073347221129,5.238154008984566,7.25,0.1841685002935776,1,unreviewed
2021-10-11,2021-10-11,2021-10-12,11.091010313902716,2.0394409741774737,561.895635567171,556.6815739609301,566.9106824994087,10.229108538478611,1.75,0.1541365527731622,10,unreviewed
2020-11-10,2020-11-09,2020-11-11,11.089977923913406,38.741928000931374,1151.0389193458336,1150.5183987934142,1151.7658516680822,1.2474528746679423,1.75,0.3980977499089164,11,unreviewed
2019-12-09,2019-12-09,2019-12-09,11.0496391188332,22.71307654696246,582.4981673181961,582.129600496497,583.1275621363893,0.99796163989231,1.25,0.0462977981901055,12,unreviewed
2021-11-10,2021-11-08,2021-11-12,11.049360937383687,19.000276458909937,194.0475390350754,193.42362367734313,194.92056446475908,1.4969407874159515,0.75,0.049268115160856,11,unreviewed
2024-12-28,2024-12-27,2024-12-30,11.041476863445858,3.853547510944193,1072.3730994998282,1066.4446868933735,1078.168104047887,11.7234171545133,2.75,0.1856954010251349,12,unreviewed
2022-07-03,2022-07-01,2022-07-06,11.033286789913564,46.42530712906013,1017.2893440885208,1014.8120157225056,1019.8007364855148,4.9887207630090415,4.0,0.166762162084877,7,unreviewed
2021-08-24,2021-08-09,2021-09-08,11.024554075437152,18.486953296095123,1012.1089008534128,1009.5739188073204,1015.0615058117546,5.487587004434317,6.5,0.1937451262710566,8,unreviewed
2022-07-15,2022-07-12,2022-07-18,10.997521262914336,4.075847888926025,34.58446009732321,34.066027695313096,35.48216211888939,1.4161344235762954,2.75,0.0811471570748274,7,unreviewed
2023-02-02,2023-02-02,2023-02-03,10.966879700995582,16.51251417693731,523.0866649002551,518.5095345303416,529.7366048893891,11.227070359047502,3.0,0.162697401190984,2,unreviewed
2023-12-24,2023-12-21,2023-12-28,10.950358779148132,3.1434670016422737,630.5969912485081,622.2689643003978,637.4696272676811,15.20066296728328,4.5,0.1921269636353955,12,unreviewed
2019-09-13,2019-09-11,2019-09-16,10.92730165357002,13.275101236251254,37.558714907850785,37.09930390259251,38.04878106107935,0.9494771584868432,1.75,0.050442489462776,9,unreviewed
2022-09-27,2022-09-26,2022-09-28,10.917865813649584,6.559116902488315,39.68838133997607,36.16598820127547,43.882005078718066,7.716016877442598,6.0,0.1945890869755704,9,unreviewed
2018-08-22,2018-08-08,2018-09-06,10.902498596347344,8.873669524275371,29.74706584831632,29.399448483251035,30.34892540657893,0.949476923327893,1.0,0.0566277140810283,8,unreviewed
2021-11-20,2021-11-18,2021-11-22,10.89332422204044,9.259183311870334,131.2098395916572,130.80157955083996,132.04903099453077,1.2474514436908066,1.5,0.0460812835236113,11,unreviewed
2024-12-09,2024-12-03,2024-12-16,10.861301545360128,10.977140137593604,25.684223939753306,25.199527003336694,26.38233349658549,1.1828064932487905,0.75,0.0261855750098027,12,unreviewed
2025-06-28,2025-06-25,2025-07-01,10.849418956134423,25.33507359115778,245.38228419457897,244.81861861469224,246.31556012155488,1.4969415068626404,2.5,0.1389229241981598,6,unreviewed
2021-11-20,2021-11-18,2021-11-22,10.82482547058672,12.986504702157331,126.59500203646614,126.06126585509628,127.30871655140072,1.2474506963044405,2.0,0.0575398052097969,11,unreviewed
2018-09-22,2018-09-06,2018-10-08,10.814175362401906,7.048517828770073,31.55277210372974,30.799422620795667,32.448885911144316,1.649463290348649,2.25,0.0571678649923468,9,unreviewed
2021-11-16,2021-11-15,2021-11-18,10.80132225672903,31.66138031857717,286.7020637266997,285.48553316574544,288.7289068582468,3.2433736925013363,2.0,0.1315678125322751,11,unreviewed
2023-01-07,2023-01-06,2023-01-09,10.800026779440609,26.847768830679808,272.65926150139853,272.2625488261692,273.2605095678009,0.9979607416316868,1.0,0.040218442287967,1,unreviewed
2025-06-28,2025-06-25,2025-07-01,10.77163143916788,1.7130520303303889,30.65895516764107,29.632777349557728,31.748899311758574,2.1161219622008502,3.5,0.1089809522604037,6,unreviewed
2025-10-31,2025-10-27,2025-11-05,10.739393265422974,3.9818993048387137,153.41044735779028,147.26793393353,158.49499344499782,11.227059511467814,2.5,0.1664782939917636,10,unreviewed
2022-01-27,2022-01-20,2022-02-03,10.72432961518683,12.36295626898155,37.552694244731406,37.09930390259251,38.28211016301066,1.1828062604181468,1.25,0.0518122098927363,1,unreviewed
2019-06-20,2019-06-17,2019-06-24,10.714072453892587,4.810354365395022,34.50982877787532,34.066027695313096,35.24883325304836,1.1828055577352643,3.0,0.0730220519051804,6,unreviewed
2025-06-28,2025-06-25,2025-07-01,10.71124941116021,2.3490376425158717,63.61951560638353,55.998949624132365,70.9481639531441,14.949214329011738,1.75,0.1587883967226382,6,unreviewed
2021-02-22,2021-02-08,2021-03-08,10.71008292024793,47.35452311750921,992.2779821423774,989.1203971351496,995.8551498702728,6.734752735123038,4.5,0.1918339500198732,2,unreviewed
2025-03-28,2025-03-24,2025-04-01,10.701802531303326,28.670630345940175,269.5341864040604,269.26866547204554,270.01713607879356,0.7484706067480147,1.25,0.0480815654175175,3,unreviewed
2022-12-27,2022-12-20,2023-01-04,10.699644442031325,3.609312206416772,991.2216804094612,985.877765187528,996.6034496077336,10.725684420205653,3.0,0.1688948979106477,12,unreviewed
2022-06-23,2022-06-15,2022-07-01,10.697511301768246,28.313881654130952,1025.950712623605,1024.7893435629085,1027.2837328650055,2.494389302097261,2.0,0.0640014513840142,6,unreviewed
2019-12-09,2019-12-09,2019-12-09,10.66389874949419,20.091651162096987,584.1847915923005,583.8760331212543,584.8739947616123,0.9979616403579712,1.0,0.0396789754319832,12,unreviewed
2024-07-26,2024-07-23,2024-07-29,10.630911169893706,9.93183587376414,35.17643863389022,34.53268542839214,35.94882008759305,1.4161346592009068,2.75,0.067937691664217,7,unreviewed
2022-07-15,2022-07-12,2022-07-18,10.62205258766727,0.6059136762105723,35.09425141333097,34.29935656255111,37.11546512553468,2.8161085629835725,1.5,0.0736999284356706,7,unreviewed
2024-02-03,2024-01-30,2024-02-08,10.61579026168208,2.750270771484084,934.7295832229598,927.0115401241928,945.9685176657512,18.956977541558444,1.75,0.1695130311301168,2,unreviewed
2024-07-26,2024-07-23,2024-07-29,10.563583150683783,8.240038454141958,36.1418287893551,35.46600089687854,36.88213625783101,1.4161353609524667,2.5,0.053116695980538,7,unreviewed
2018-08-22,2018-08-08,2018-09-06,10.561596211613008,20.921884133927257,1007.7959218267704,1004.5852548871188,1011.569441367872,6.984186480753124,4.5,0.1934309218109281,8,unreviewed
2023-02-04,2023-02-03,2023-02-06,10.516431893971596,18.972370148896953,355.42670778691877,350.1035266071558,361.08110061706975,10.977574009913951,3.5,0.2046750070204678,2,unreviewed
2025-02-24,2025-02-20,2025-02-28,10.515892184536028,3.183544855517547,363.53247358485487,353.5963913537562,375.05255960254,21.456168248783797,1.75,0.1863003290024915,2,unreviewed
2024-05-05,2024-05-01,2024-05-10,10.508900599019965,3.4695622046146597,389.8867786849612,382.537270040717,397.2571992245503,14.7199291838333,2.0,0.1589839621945086,5,unreviewed
2024-07-26,2024-07-23,2024-07-29,10.504708479422836,4.716918340791426,34.51209622584191,33.83269882807508,35.48216211888939,1.6494632908143103,2.25,0.0838594885244203,7,unreviewed
2021-11-03,2021-11-03,2021-11-04,10.483785616813204,15.599725195944393,383.4394235028869,383.0362503984943,384.0342115238309,0.9979611253365874,1.0,0.0564895646449645,11,unreviewed
2024-05-26,2024-05-24,2024-05-29,10.475197544216035,25.975773421065657,245.17634620036705,244.3196380981244,246.31556012155488,1.9959220234304669,2.0,0.0965307213528029,5,unreviewed
2020-07-27,2020-07-23,2020-07-31,10.465135608916627,4.20071284640961,34.62192871570383,34.066027695313096,35.48216211888939,1.4161344235762954,2.25,0.0696081176145225,7,unreviewed
2021-01-06,2020-12-17,2021-01-26,10.442889825108754,14.666393240235651,36.863622385980186,36.39931730134413,37.58212285861373,1.182805557269603,1.5,0.0587646025688035,1,unreviewed
2024-09-14,2024-09-11,2024-09-17,10.437038035065422,8.285602959973863,29.75694199227304,29.399448483251035,30.34892540657893,0.949476923327893,1.5,0.0737821117358221,9,unreviewed
2024-01-18,2024-01-10,2024-01-26,10.433341028550409,4.982048412695106,927.4690135144706,923.270043183118,932.4991263803096,9.229083197191358,3.25,0.1902491722586968,1,unreviewed
2022-06-23,2022-06-15,2022-07-01,10.414950053738997,33.307770123424525,1017.3592055561014,1016.0591819523834,1018.8030037512073,2.743821798823774,1.75,0.0577175034537415,6,unreviewed
2020-06-04,2020-05-29,2020-06-10,10.395902296267636,19.826497259240053,924.627377871917,921.7734439577908,928.009329951834,6.235885994043201,6.25,0.1941027533741675,6,unreviewed
2025-06-20,2025-06-16,2025-06-25,10.372115349805949,2.172153624135189,571.0163212226377,563.9167977166362,580.1336759296246,16.216878212988377,2.0,0.1626436731056774,6,unreviewed
2024-04-28,2024-04-26,2024-05-01,10.370994141344864,11.720493462133897,376.6474492479164,376.0505211544223,377.5474623879418,1.4969412335194647,1.5,0.0824469811768158,4,unreviewed
2023-08-04,2023-08-01,2023-08-07,10.33274431678194,18.24898905480926,584.2478170912443,583.8760331212543,584.8739947616123,0.9979616403579712,0.75,0.0411817780837621,8,unreviewed
2021-11-20,2021-11-18,2021-11-22,10.325743001152397,23.63027336830574,804.2965969825326,803.8955802600831,805.1415568371303,1.2459765770472586,1.25,0.0478304167320144,11,unreviewed
2021-01-06,2020-12-17,2021-01-26,10.325457958725428,11.550918125092045,38.05232870744979,37.56596187129617,38.748768132179976,1.182806260883808,1.25,0.049578263618973,1,unreviewed
2021-09-21,2021-09-08,2021-10-05,10.288411175372865,4.433963685098765,34.555118556172346,33.83269882807508,35.48216211888939,1.6494632908143103,2.25,0.0695021633914918,9,unreviewed
2019-02-02,2019-01-30,2019-02-06,10.28752604690873,11.095088321662836,1182.145558980758,1178.9603401604109,1185.6965893474407,6.736249187029898,6.0,0.1815043278266211,2,unreviewed
2018-01-11,2017-12-21,2018-02-01,10.285563246004088,0.3629130217477467,37.91458420113296,36.16598820127547,39.68208359880373,3.516095397528261,1.0,0.1035408609392678,1,unreviewed
2021-11-20,2021-11-18,2021-11-22,10.278507666280133,30.686092363936556,199.03112685447277,198.16393762314692,199.91036924533543,1.7464316221885383,1.75,0.1020724395034394,11,unreviewed
2019-10-13,2019-10-09,2019-10-17,10.269331420797556,5.114752793766376,31.63085519760516,31.266080355271697,32.21555704437196,0.9494766891002656,2.0,0.0785561487871427,10,unreviewed
2022-08-13,2022-08-10,2022-08-17,10.263480878204671,10.01099992695288,35.44481727532102,34.76601429656148,36.18214918859303,1.4161348920315504,2.25,0.0722245251741983,8,unreviewed
2024-01-18,2024-01-10,2024-01-26,10.260609247277417,3.574092302690832,154.51488899496164,152.50722830649465,156.99805191205814,4.490823605563492,1.5,0.1089733904748021,1,unreviewed
2024-12-09,2024-12-03,2024-12-16,10.25764530501714,3.5191807762674148,32.20668745603635,31.499409222509712,32.91554364655167,1.4161344240419569,2.5,0.0743272517898531,12,unreviewed
2019-12-11,2019-12-11,2019-12-11,10.257261090279698,1.447223438385519,37.18980489330738,36.86597503628582,38.04878106107935,1.1828060247935357,1.5,0.057840804427813,12,unreviewed
2025-07-06,2025-07-01,2025-07-11,10.253993393835758,0.4246218397278186,38.4538610642991,37.09930390259251,40.14874133234843,3.049437429755926,1.25,0.0827684648779511,7,unreviewed
2018-01-11,2017-12-21,2018-02-01,10.224815340780536,3.646780325322286,969.6086614207102,964.1770807830616,976.898229172919,12.721148389857262,2.5,0.1764986636906793,1,unreviewed
2021-11-20,2021-11-18,2021-11-22,10.210356516893253,25.084942111004512,894.8721926379602,889.8459997158498,899.0750834126957,9.22908369684592,1.75,0.1422679547846194,11,unreviewed
2019-04-19,2019-04-15,2019-04-23,10.206180302289315,2.2432263650435456,62.351603002040136,54.365646617952734,71.8814794216305,17.515832803677768,1.5,0.1638137646263717,4,unreviewed
2018-10-22,2018-10-08,2018-11-05,10.185165315464229,15.317194187158991,37.194531531671515,36.63264616858214,37.81545196054503,1.1828057919628918,1.75,0.0503418217978207,10,unreviewed
2023-02-04,2023-02-03,2023-02-06,10.17748931626083,8.917126751449384,376.2330836971212,373.3061274439097,379.5433858120814,6.2372583681717515,5.5,0.1891840386195675,2,unreviewed
2023-02-02,2023-02-02,2023-02-03,10.166490046696117,18.755133394289732,576.187435997962,568.4076255331747,581.6306190337054,13.22299350053072,3.0,0.1553748862488724,2,unreviewed
2022-12-09,2022-12-06,2022-12-12,10.139560398325203,12.821669673472458,37.67117677720884,37.09930390259251,38.51543926354498,1.4161353609524667,1.25,0.0592769934736879,12,unreviewed
2021-01-06,2020-12-17,2021-01-26,10.114341752986364,3.79947376519606,964.940452847544,958.4401181237772,971.1612665145658,12.721148390788583,3.0,0.1863935687187585,1,unreviewed
2025-10-11,2025-10-06,2025-10-17,10.111941221720134,3.973854707817392,34.59191326912291,33.83269882807508,35.715490986127406,1.8827921580523252,2.75,0.0722634642805851,10,unreviewed
2019-11-15,2019-11-12,2019-11-18,10.092119171756789,17.235412134213377,498.0300880602783,494.5584526485763,501.793674425222,7.235221776645631,5.25,0.1559155130247715,11,unreviewed
2024-11-15,2024-11-12,2024-11-19,10.052165267511771,13.469640137187511,37.45632363576025,36.86597503628582,38.28211016301066,1.4161351267248392,1.75,0.0394268824527029,11,unreviewed
2019-09-03,2019-09-01,2019-09-05,10.029651281857957,14.752827072232757,382.6477754586081,382.0382894342765,383.2857404877432,1.247451053466648,1.25,0.0441998116317968,9,unreviewed
2024-12-09,2024-12-03,2024-12-16,10.001702154609852,15.781232869963578,26.09536213415108,25.89951430633664,26.615662363823503,0.7161480574868619,1.75,0.0491629081939246,12,unreviewed
2023-03-29,2023-03-22,2023-04-06,9.989138894048155,3.5908152808269564,915.6850088025476,910.7983851325698,919.279169340618,8.480784208048135,3.0,0.180828406802142,3,unreviewed
2021-11-16,2021-11-15,2021-11-18,9.973899602789182,22.497712411250056,290.60237343032753,290.2258484568447,291.2238091984764,0.9979607416316868,1.25,0.1053439267060396,11,unreviewed
2023-02-19,2023-02-17,2023-02-21,9.967812418846645,2.794718648701407,85.0844184198798,77.46521381754428,93.81440134858713,16.349187531042844,1.5,0.1659787254067119,2,unreviewed
2025-07-25,2025-07-22,2025-07-28,9.917676387451726,2.892242810605863,42.498448157252085,41.99921198328957,43.18201847746968,1.182806494180113,1.0,0.0660814405951759,7,unreviewed
2019-12-09,2019-12-09,2019-12-09,9.888685639081007,23.776095063943178,582.5116810386644,582.129600496497,583.1275621363893,0.99796163989231,1.25,0.0409093270228918,12,unreviewed
2024-03-15,2024-03-09,2024-03-22,9.875636683688068,3.0634451014768675,716.6278878311771,708.5291045000777,725.0079750376754,16.478870537597686,2.0,0.1703557426901065,3,unreviewed
2022-06-23,2022-06-15,2022-07-01,9.861373959010937,7.577887477051564,36.001569378066165,35.46600089687854,36.64880739059299,1.1828064937144518,2.0,0.0531757552362245,6,unreviewed
2021-11-20,2021-11-18,2021-11-22,9.86000488214618,27.065299443942283,200.69461874410447,200.15985942445695,201.40731054916975,1.2474511247128248,1.25,0.0534258629679575,11,unreviewed
2023-06-04,2023-06-02,2023-06-06,9.855915115858169,5.368572556208215,105.79856711220972,105.1040876172483,107.10000908048823,1.995921463239938,2.25,0.1582399330519269,6,unreviewed
2022-09-27,2022-09-26,2022-09-28,9.847419229848978,14.502052582693944,40.08356687516101,39.43259350955486,40.848728402517736,1.416134892962873,2.0,0.0584249579420715,9,unreviewed
2023-06-09,2023-06-06,2023-06-12,9.837079237845105,25.89535505353171,245.59027087646217,244.81861861469224,246.81454039132225,1.9959217766299844,2.0,0.1227649126213626,6,unreviewed
2023-12-10,2023-12-08,2023-12-13,9.82729579585782,2.348441689079828,565.6317777319305,559.924950435292,571.900491848588,11.975541413296014,1.75,0.1597205113407136,12,unreviewed
2024-12-16,2024-12-16,2024-12-17,9.824856718372802,10.04150299592449,34.37689537330013,33.599369960837066,35.24883325304836,1.6494632922112942,2.75,0.0782019568314732,12,unreviewed
2023-02-04,2023-02-03,2023-02-06,9.796699516390262,28.915801760686996,626.2118192383834,622.0197781599127,629.7448544404469,7.725076280534267,3.25,0.1731987658855387,2,unreviewed
2021-11-20,2021-11-18,2021-11-22,9.790084660908963,8.106547115056875,131.8348840817761,131.30056022759527,132.54801117442548,1.247450946830213,1.0,0.0350019812958826,11,unreviewed
2019-10-26,2019-10-24,2019-10-29,9.746566104641284,4.509072207903841,31.51033906976394,31.03275148803368,32.448885911144316,1.416134423110634,1.25,0.0607498687045756,10,unreviewed
2021-11-10,2021-11-08,2021-11-12,9.688966327736397,24.62458454116543,577.7741835650263,577.3892816645093,578.3872433057986,0.9979616412892938,1.0,0.0438501329542592,11,unreviewed
2021-11-20,2021-11-18,2021-11-22,9.682095994403708,22.262014225329292,879.3968000774832,878.8812181083485,880.1271951859817,1.2459770776331425,1.25,0.0514689962816496,11,unreviewed
2018-01-11,2017-12-21,2018-02-01,9.660542545593495,11.843831510287758,375.9199657097548,375.3020498710685,376.79899185104296,1.4969419799745085,1.0,0.064833887243216,1,unreviewed
2024-12-09,2024-12-03,2024-12-16,9.629346928559045,1.9408550175134232,28.675899481336195,28.23280344437808,29.415609704330564,1.1828062599524856,2.5,0.0444046713337576,12,unreviewed
2019-06-28,2019-06-24,2019-07-02,9.62670170988778,0.8870750404151092,27.809963032178796,27.299487742595375,28.715622634161264,1.4161348915658891,2.0,0.0522966437535088,6,unreviewed
2019-09-03,2019-09-01,2019-09-05,9.612915511281114,23.09810473588933,580.2822846176357,579.8841858403757,580.8821474821307,0.997961641754955,1.0,0.0497422435793042,9,unreviewed
2018-01-11,2017-12-21,2018-02-01,9.610573111205676,20.46688891366623,632.9212540587627,628.498619790189,636.2236960697919,7.725076279602945,3.0,0.1475130234169221,1,unreviewed
2018-01-11,2017-12-21,2018-02-01,9.569650811179246,17.38138773334741,999.2926713001722,996.3539595184848,1002.8392797592096,6.485320240724832,6.0,0.1888312296453354,1,unreviewed
2024-09-14,2024-09-11,2024-09-17,9.5675968840195,27.339720017194896,532.0941495523598,531.732528956607,532.9799811155535,1.247452158946544,1.75,0.0917770572538405,9,unreviewed
2021-11-20,2021-11-18,2021-11-22,9.527941058058618,28.761358294454464,520.4105401492263,519.7569871162996,521.2539297915064,1.4969426752068102,1.25,0.0553951318748981,11,unreviewed
2019-09-13,2019-09-11,2019-09-16,9.520388369331831,13.299016971840611,36.92725053176519,36.63264616858214,37.58212285861373,0.949476690031588,1.75,0.0506168789608084,9,unreviewed
2025-10-24,2025-10-22,2025-10-27,9.5109860858284,2.1386898967960475,500.1268857420887,489.3191537200473,510.5258395415731,21.206685821525753,1.5,0.1675787010929321,10,unreviewed
2021-11-20,2021-11-18,2021-11-22,9.484381335926212,12.894857515359869,35.642686909819545,34.999343163799495,36.64880739059299,1.6494642267934978,2.0,0.0601879432710014,11,unreviewed
2023-02-04,2023-02-03,2023-02-06,9.466078992469006,14.350403100970407,350.77627385420885,348.35709361126646,353.34690083609894,4.989807224832475,7.0,0.197845190368525,2,unreviewed
2021-11-16,2021-11-15,2021-11-18,9.434438409860377,21.08876192792613,532.2002585930019,531.2335479226895,533.2294716327451,1.9959237100556493,1.0,0.070618474779191,11,unreviewed
2019-12-04,2019-12-02,2019-12-06,9.428609011552552,18.695897205609015,504.2249446596612,502.2926556388847,506.0350122223608,3.7423565834760666,3.75,0.1356170780857613,12,unreviewed
2025-03-28,2025-03-24,2025-04-01,9.403456106852229,28.7889850812004,270.2225148099216,270.01713637355715,270.7656072289683,0.7484708554111421,1.25,0.0481886646896954,3,unreviewed
2019-09-20,2019-09-16,2019-09-24,9.38793220977394,0.4776782424959925,38.56658480539726,37.09930390259251,40.14874133234843,3.049437429755926,1.25,0.0965373834569317,9,unreviewed
2025-10-11,2025-10-06,2025-10-17,9.380250409925967,4.264854520640399,156.78078919264095,155.7506014648825,157.99601326789707,2.2454118030145764,1.5,0.0574382192749087,10,unreviewed
2021-10-24,2021-10-21,2021-10-27,9.376510116880471,2.328789639843757,1024.6165273020754,1016.0591819523834,1034.5172949996777,18.45811304729432,1.5,0.1479133742369127,10,unreviewed
2024-03-03,2024-02-27,2024-03-08,9.33294428224088,2.611980499465005,620.9768693095468,615.7901226705872,627.2529922937974,11.46286962321028,2.0,0.158342124970617,3,unreviewed
2024-04-28,2024-04-26,2024-05-01,9.314073163752706,24.247288417076973,242.06646697107985,241.57524462789297,242.8226962503977,1.247451622504741,1.25,0.0604794177620208,4,unreviewed
2025-01-12,2025-01-10,2025-01-14,9.306716200000936,4.667826124245216,1031.8618897296926,1028.0319755105302,1036.0138944750652,7.981918964534998,4.25,0.1656932958829433,1,unreviewed
2019-11-15,2019-11-12,2019-11-18,9.295055157974486,4.391677538456005,34.4560196892563,33.83269882807508,35.24883325304836,1.4161344249732792,2.25,0.0701674666875157,11,unreviewed
2025-01-12,2025-01-10,2025-01-14,9.280396367780671,4.679502112442908,999.6899384511288,994.8573600430972,1004.5853119804524,9.7279519373551,3.5,0.1843763787614717,1,unreviewed
2024-11-15,2024-11-12,2024-11-19,9.272048429394404,25.975025340386573,244.8617604958976,244.07014796324071,245.81657985318452,1.7464318899437783,2.0,0.0732987671588162,11,unreviewed
2019-07-05,2019-07-02,2019-07-08,9.22255340041129,21.439851960106623,977.0747271658604,973.904974377714,981.1385923558846,7.233617978170514,5.5,0.1721888474085305,7,unreviewed
2024-02-03,2024-01-30,2024-02-08,9.2204431508639,2.215531287759944,64.03835794382157,55.06563321920112,72.34813738893718,17.282504169736058,1.5,0.156365205053466,2,unreviewed
2024-04-06,2024-04-04,2024-04-09,9.216755313109667,2.2553846148692593,542.7729555468886,536.9718288243748,549.6958407927305,12.724011968355626,1.5,0.1492852025982575,4,unreviewed
2025-01-12,2025-01-10,2025-01-14,9.214432373261197,2.6298213249174407,75.24688100977491,69.29869995964691,81.68129581492394,12.382595855277032,1.75,0.1574165981028297,1,unreviewed
2019-01-13,2019-01-07,2019-01-19,9.214009549932438,4.671192809282842,1088.9753391698391,1083.905010862276,1094.6324782390147,10.727467376738788,3.25,0.1766401441788076,1,unreviewed
2024-02-12,2024-02-08,2024-02-16,9.202186900700683,7.768631536765307,330.7675237158364,327.6493960591033,334.3856352828443,6.736239223740995,3.5,0.1709522686834613,2,unreviewed
2024-02-03,2024-01-30,2024-02-08,9.199297867839704,2.865295401657901,982.1718609975972,974.4038403700106,990.6170527045616,16.213212334550917,1.75,0.1513785160176767,2,unreviewed
2019-12-13,2019-12-13,2019-12-14,9.181272707871653,9.12308985153593,82.12885495293877,81.89846392907202,82.61461198609322,0.7161480570212007,1.0,0.040635087752152,12,unreviewed
2023-01-14,2023-01-09,2023-01-20,9.178037881746972,2.781639056813651,685.0440969878711,676.840744884219,694.7963588498533,17.955613965634257,1.75,0.1492440105704968,1,unreviewed
2024-04-06,2024-04-04,2024-04-09,9.175389419704551,2.7652201699077756,345.72986488719096,339.6249323678203,352.5984295522794,12.97349718445912,2.0,0.1533647599064544,4,unreviewed
2023-05-12,2023-05-10,2023-05-15,9.167762195813602,5.943233919558177,101.36392645996604,100.11428358219564,102.6091854753904,2.494901893194765,2.25,0.2321689754124023,5,unreviewed
2018-01-11,2017-12-21,2018-02-01,9.146974619204864,13.545279385590966,1081.479853690561,1078.1680472046137,1085.1522339363582,6.984186731744558,4.0,0.182768937949643,1,unreviewed
2023-04-21,2023-04-17,2023-04-25,9.137120821012411,3.592571437642576,117.61618132358898,109.09593104431406,127.0592262125574,17.96329516824335,2.0,0.1567942713267438,4,unreviewed
2018-12-22,2018-12-18,2018-12-26,9.134388405554958,3.984995274939485,1125.4543432760684,1118.5835876804776,1132.8045577551238,14.220970074646177,2.0,0.1779574711749022,12,unreviewed
2023-02-04,2023-02-03,2023-02-06,9.132320569322742,31.025068796382687,616.7646259008641,613.2982612689957,619.7774058543146,6.479144585318863,4.75,0.1784720741065481,2,unreviewed
2024-01-18,2024-01-10,2024-01-26,9.106518678527756,4.147408018971454,136.56101735919734,132.29852108517662,141.2801685454324,8.981647460255772,1.5,0.1546674243251584,1,unreviewed
2024-05-26,2024-05-24,2024-05-29,9.095543921364312,12.533969596506353,274.585712159143,272.2625488261692,277.0028638234362,4.740314997266978,2.0,0.098852955377041,5,unreviewed
2023-02-04,2023-02-03,2023-02-06,9.086009907093754,13.793242123744315,401.4531804001766,397.7561799217947,405.49038143036887,7.734201508574188,3.0,0.1819639237869,2,unreviewed
2025-02-24,2025-02-20,2025-02-28,9.074656236857262,4.717293708384526,420.5450644319887,416.71744959661737,425.44961326383054,8.732163667213172,4.5,0.1717176076367944,2,unreviewed
2019-08-16,2019-08-13,2019-08-19,9.0699770502334,24.507174938450824,580.283359313609,579.8841858403757,580.8821474821307,0.997961641754955,1.25,0.0542164933802126,8,unreviewed
2020-01-04,2019-12-30,2020-01-10,9.056397928400807,0.3649606759077158,38.450532639671664,37.09930390259251,39.915412466507405,2.816108563914895,1.0,0.0776428456907703,1,unreviewed
2023-10-22,2023-10-18,2023-10-26,9.053642746972711,3.716726220400412,929.715554586785,924.2677754173056,936.9889238090254,12.721148391719908,2.5,0.1751530078812691,10,unreviewed
2024-01-03,2023-12-28,2024-01-10,9.053276557894216,4.079803166517573,1097.4927718236236,1090.890118402429,1104.612107086461,13.721988684032112,2.5,0.1712383673917964,1,unreviewed
2021-02-22,2021-02-08,2021-03-08,9.04939386838028,2.22918802953769,494.7683349794752,483.8303653150797,505.7855217051692,21.95515639008954,1.5,0.1594459374776906,2,unreviewed
2020-06-28,2020-06-24,2020-07-02,9.04434007238741,8.495747273201237,36.14122517019452,35.69932999834418,36.88213625783101,1.1828062594868245,1.75,0.0457170798232884,6,unreviewed
2024-01-18,2024-01-10,2024-01-26,9.026929843116834,4.453230146162958,1117.810674805509,1110.8493750994094,1125.319835871458,14.470460772048682,3.0,0.1725425783703875,1,unreviewed
2023-01-21,2023-01-20,2023-01-23,9.021701591179058,3.718159208730196,1189.1888902237222,1181.954229510855,1197.669615927618,15.715386416763067,1.5,0.1390245658984285,1,unreviewed
2020-03-11,2020-03-04,2020-03-19,8.9902965895872,11.84890667003694,760.4069044450333,758.4656585692428,763.4591215704568,4.993463001213968,5.5,0.1745123454480609,3,unreviewed
2021-12-28,2021-12-21,2022-01-04,8.97661180870181,3.449494255924602,1047.095464037254,1041.7508012903854,1053.723650940694,11.97284965030849,2.25,0.1611870664951399,12,unreviewed
2021-11-16,2021-11-15,2021-11-18,8.972311036170817,2.492523047210581,688.6754722154791,687.8054346358404,689.8027039431036,1.9972693072631955,1.25,0.1385055760901799,11,unreviewed
2024-02-03,2024-01-30,2024-02-08,8.950217254199815,2.680578168724059,668.8125220027852,658.6501516872086,676.8410488329828,18.190897145774215,1.5,0.1436334481987346,2,unreviewed
2025-11-07,2025-11-05,2025-11-10,8.942832534675619,13.487820583192256,35.28472080440741,34.76601429656148,35.94882008759305,1.1828057910315692,2.25,0.068615746643925,11,unreviewed
2022-07-31,2022-07-29,2022-08-02,8.938663991891923,36.15122266461929,965.2926960607244,960.4355835928582,972.1589984991588,11.723414906300604,10.5,0.1858146199733506,7,unreviewed
2021-11-20,2021-11-18,2021-11-22,8.92418814030605,24.55237411415972,191.772040719314,191.42770196404308,192.42566257156432,0.997960607521236,1.25,0.0410334644776713,11,unreviewed
2021-06-22,2021-06-01,2021-07-14,8.91021613395541,6.349337695831933,401.2718327518058,397.0077091353014,405.9893623762764,8.981653240974993,2.25,0.1593691448309916,6,unreviewed
2019-03-01,2019-02-27,2019-03-04,8.898016629943841,11.368136038717156,114.20706122859347,113.5867551472038,115.0836959341541,1.4969407869502902,1.5,0.05341995183762,3,unreviewed
2025-07-18,2025-07-14,2025-07-22,8.869532346454298,26.378810567826633,244.1396363801719,243.57116769393903,245.0681087039411,1.4969410100020468,1.5,0.0632889482698992,7,unreviewed
2023-12-24,2023-12-21,2023-12-28,8.868202065298425,4.483651641519044,1006.2098411599446,1003.0886561609803,1010.0728418920188,6.984185731038451,3.25,0.1631606256186901,12,unreviewed
2018-01-11,2017-12-21,2018-02-01,8.859335811251743,3.5329604742165266,1046.295029762406,1039.2564688296989,1051.97761921864,12.721150388941169,2.0,0.1697120466201968,1,unreviewed
2025-05-02,2025-04-29,2025-05-05,8.845312472315243,0.4293516166393716,35.23232898378135,33.599369960837066,37.11546512553468,3.5160951646976173,1.25,0.0987158394593632,5,unreviewed
2021-11-24,2021-11-22,2021-11-27,8.834272535865981,28.768174050258672,539.5410365555019,539.2172424835153,540.2152041234076,0.99796163989231,1.25,0.1552083187748841,11,unreviewed
2024-11-15,2024-11-12,2024-11-19,8.831848115923707,3.5613426597818423,1049.5894770724838,1042.7485332749784,1057.2157161352225,14.467182860244066,1.75,0.1670350109387952,11,unreviewed
2023-12-02,2023-11-27,2023-12-08,8.829541580048598,21.160084069527425,584.0628354685937,583.6265428536572,584.6245042448863,0.9979613912291824,1.0,0.0314894129178132,12,unreviewed
2022-06-10,2022-06-06,2022-06-15,8.828047134414001,44.55065998791556,1002.0268638459852,1000.3448904552496,1003.8370127417148,3.492122286465019,2.25,0.101621215785626,6,unreviewed
2023-02-02,2023-02-02,2023-02-03,8.80034824572541,19.919867156462484,586.8091218971606,584.6245046723634,589.6143135949969,4.989808922633529,2.25,0.1127690350775812,2,unreviewed
2020-07-05,2020-07-02,2020-07-08,8.796539779513028,0.2807612333918533,37.666034748223936,34.066027695313096,40.848728402517736,6.78270070720464,1.0,0.1123058255206432,7,unreviewed
2021-11-20,2021-11-18,2021-11-22,8.794687814580533,26.622066543453812,272.4470909207414,272.0130584430881,273.01101943291724,0.9979609898291528,1.0,0.0331785202706004,11,unreviewed
2018-02-15,2018-02-01,2018-03-01,8.77289797391076,5.243614153956627,31.63196006469138,31.266080355271697,32.21555704437196,0.9494766891002656,1.75,0.0526510885122367,2,unreviewed
2022-08-20,2022-08-17,2022-08-24,8.770567736477174,11.871582294148974,114.20800504988856,113.5867551472038,115.0836959341541,1.4969407869502902,1.5,0.0539473993952509,8,unreviewed
2023-10-01,2023-09-29,2023-10-03,8.76572014404307,25.50569325756838,244.9832875707206,244.3196380981244,246.06606998760253,1.7464318894781172,1.75,0.0781525710104648,10,unreviewed
2025-01-04,2024-12-30,2025-01-10,8.754664801580798,2.507799077739037,62.57951554651578,53.432331149466336,70.48150621913373,17.0491750696674,1.5,0.1535637456549981,1,unreviewed
2018-12-22,2018-12-18,2018-12-26,8.712449581539353,4.543857515235145,1156.802051221345,1152.514324363321,1160.7475177296435,8.233193366322666,3.75,0.1743621804313361,12,unreviewed
2021-11-20,2021-11-18,2021-11-22,8.67997726134569,7.352563797628515,36.41795636418947,35.932659099344164,36.88213625783101,0.9494771584868432,1.75,0.0455205663399488,11,unreviewed
2024-05-12,2024-05-10,2024-05-14,8.663289493001056,3.0667629713844033,38.23799067792117,37.56596187129617,38.982096997555345,1.416135126259178,1.0,0.1885077012135802,5,unreviewed
2022-10-28,2022-10-25,2022-11-01,8.660003583780604,23.927122514808925,873.4204392019928,869.9128362154588,876.8886124738492,6.975776258390397,4.5,0.1984115584440825,10,unreviewed
2020-03-26,2020-03-19,2020-04-02,8.659794760575902,18.749293250715393,195.0497493733677,194.67107437551024,195.6690354803577,0.9979611048474908,0.75,0.0771243020055661,3,unreviewed
2021-11-16,2021-11-15,2021-11-18,8.647300920631542,20.66335150010181,530.0741671985197,528.988134263549,531.4830380119383,2.4949037483893335,1.0,0.048083361062771,11,unreviewed
2023-02-01,2023-01-31,2023-02-02,8.639307881897231,15.090069094653842,381.14084554374074,380.7908372939564,381.7887986670248,0.9979613730683924,1.25,0.0397567867263001,2,unreviewed
2021-01-06,2020-12-17,2021-01-26,8.633609528258786,11.318544137526867,39.05687400537089,38.73260690830648,39.68208359880373,0.9494766904972494,1.0,0.0378764524482487,1,unreviewed
2023-12-24,2023-12-21,2023-12-28,8.630184278823489,12.03425517386732,549.1269129516959,545.9534844569862,552.9392167693004,6.985732312314212,7.25,0.1918172650180148,12,unreviewed
2024-03-15,2024-03-09,2024-03-22,8.629006935092326,3.5072275303837563,378.3088093521401,371.0607145880349,386.030133951921,14.969419363886118,1.75,0.1374882668414038,3,unreviewed
2019-04-12,2019-04-09,2019-04-15,8.609509222245002,2.2517018001554945,564.5799290830416,558.1785168149509,571.4015108146705,13.22299399971962,1.5,0.1511801102290907,4,unreviewed
2023-02-02,2023-02-02,2023-02-03,8.596435130725572,12.40255565402892,346.35434349937555,342.1198359001428,351.60046784067526,9.480631940532476,5.75,0.1633840737808318,2,unreviewed
2021-02-22,2021-02-08,2021-03-08,8.592265901844135,4.795173400336229,34.33555178683812,33.83269882807508,35.015504385810345,1.1828055577352643,2.75,0.0737136913315885,2,unreviewed
2019-08-30,2019-08-29,2019-09-01,8.561524918124814,20.39789899518643,623.2244355541135,618.032798924949,627.2529922937974,9.220193368848411,2.25,0.1403991899641845,8,unreviewed
2025-10-11,2025-10-06,2025-10-17,8.555878770287544,2.44882067934437,73.85395226823053,66.96541011845693,83.08126972010359,16.11585960164666,2.0,0.157626439512119,10,unreviewed
2025-06-28,2025-06-25,2025-07-01,8.542498429683562,1.27820619958818,38.25501964830262,36.86597503628582,39.448754732031375,2.5827796957455575,1.5,0.0726284524139276,6,unreviewed
2019-01-13,2019-01-07,2019-01-19,8.53159315550997,3.942490358665101,820.7103955051416,814.8569356282242,827.8116333149374,12.954697686713189,2.75,0.1712165817164645,1,unreviewed
2024-03-23,2024-03-22,2024-03-25,8.510105696828367,26.457521248537272,244.30675190647844,243.8206578292884,245.0681087039411,1.2474508746527135,1.75,0.1248934697612847,3,unreviewed
2023-02-04,2023-02-03,2023-02-06,8.495062691897107,29.355257955650124,520.8065163340456,518.5095345303416,523.4993434520438,4.989808921702206,5.5,0.1522802645272007,2,unreviewed
2023-02-04,2023-02-03,2023-02-06,8.481330320777193,17.015447432465365,322.52078784148785,319.9151957803406,325.4039828646928,5.488787084352225,3.75,0.1486478563463455,2,unreviewed
2023-02-04,2023-02-03,2023-02-06,8.47837972623669,31.986424816186783,625.8378201763722,622.5181504404172,629.4956683004275,6.977517860010266,3.75,0.1731697530168885,2,unreviewed
2022-10-28,2022-10-25,2022-11-01,8.47073759531291,27.246025469350467,562.3190690966744,560.1744407047518,564.4157780734822,4.241337368730456,3.0,0.1229663743528024,10,unreviewed
2023-02-04,2023-02-03,2023-02-06,8.468331263402103,18.076815486632885,785.6731714693886,783.4339361046441,787.6783501193859,4.244414014741778,4.75,0.1576995442083181,2,unreviewed
2023-09-23,2023-09-18,2023-09-29,8.44362369851109,16.743717400243504,505.97115928617615,503.29061696119606,508.2804258824326,4.989808921236545,6.25,0.1488533703621047,9,unreviewed
2025-03-14,2025-03-10,2025-03-18,8.441379285668203,6.929920918062179,668.1520351858752,665.6273646024056,671.1097656236961,5.4824010212905705,3.75,0.1365445827657119,3,unreviewed
2022-09-27,2022-09-26,2022-09-28,8.43709248458221,16.543922022161098,36.29068310912524,35.232672029640526,37.348793991841376,2.1161219622008502,3.5,0.0768502634901963,9,unreviewed
2023-01-05,2023-01-04,2023-01-06,8.433891776227238,3.841047028368584,400.2847564766828,395.5107673141174,405.2408912070095,9.730123892892152,2.5,0.1622047029008152,1,unreviewed
2018-05-05,2018-03-26,2018-06-15,8.432857951669911,42.29939630842826,1087.4053174291992,1085.401610339526,1090.1416457067244,4.740035367198288,2.75,0.1471784162628992,5,unreviewed
2019-09-03,2019-09-01,2019-09-05,8.430171567133923,15.00487740608391,381.27955021420894,380.7908372939564,382.0382890952751,1.2474518013186753,1.75,0.0612166398104843,9,unreviewed
2024-07-26,2024-07-23,2024-07-29,8.422583949794642,24.855978153209684,580.2888436610203,579.8841858403757,580.8821474821307,0.997961641754955,1.25,0.0460463706776997,7,unreviewed
2017-11-11,2017-10-02,2017-12-21,8.42062195973279,3.1521777190933387,966.4716632171156,960.4355835928582,972.6578649911098,12.222281398251653,2.0,0.165271783959883,11,unreviewed
2021-11-20,2021-11-18,2021-11-22,8.404980552822467,22.135238319243264,882.4619069221098,881.87067907257,883.3657778967172,1.495098824147135,1.0,0.0467363148365393,11,unreviewed
2021-04-27,2021-04-21,2021-05-04,8.40348997428425,14.325623099532171,1018.6821345706056,1015.8097487064078,1022.0456356992944,6.2358869928866625,6.25,0.1644832317374761,4,unreviewed
2019-11-15,2019-11-12,2019-11-18,8.402019105463081,0.8085494553886041,37.22697895108932,36.86597503628582,37.81545196054503,0.9494769242592156,1.75,0.0402570021897661,11,unreviewed
2024-02-19,2024-02-16,2024-02-23,8.37742954938428,3.4626684210933463,710.1827498215252,703.2857658476569,717.267808931414,13.982043083757162,1.75,0.155273898862402,2,unreviewed
2024-09-14,2024-09-11,2024-09-17,8.373512367865505,28.458697659784335,538.3971682161725,537.7202996290289,539.2172420555726,1.4969424265436828,1.25,0.0598246875821477,9,unreviewed
2020-02-20,2020-02-19,2020-02-22,8.36968980546308,1.7740886988321984,596.2487273695488,589.3648235057481,604.0786750530824,14.713851547334343,1.5,0.1470978464410914,2,unreviewed
2019-02-02,2019-01-30,2019-02-06,8.36673440823836,2.1193255519694296,63.614724675102046,55.298962319269776,71.6481505529955,16.349188233725727,1.5,0.1503883013084601,2,unreviewed
2024-05-12,2024-05-10,2024-05-14,8.364500785841836,1.9051340272743391,25.899743027479648,25.43285610480234,26.84899123106152,1.416135126259178,1.25,0.0878621490905412,5,unreviewed
2019-09-13,2019-09-11,2019-09-16,8.349631800247826,4.7291331741954625,34.3826003380083,33.83269882807508,35.015504385810345,1.1828055577352643,2.25,0.0662424538372622,9,unreviewed
2025-06-20,2025-06-16,2025-06-25,8.34162934326265,3.0818210384029845,367.1305613946308,359.0851782793179,376.54950167192146,17.464323392603546,1.5,0.1534411956547179,6,unreviewed
2022-12-09,2022-12-06,2022-12-12,8.329279022492129,10.453721872649597,37.0578466481677,36.63264616858214,37.81545196054503,1.1828057919628918,1.75,0.0483861187491201,12,unreviewed
2025-06-20,2025-06-16,2025-06-25,8.32838460052217,1.9792532886730347,590.0069961295146,582.3790910132229,597.847498672083,15.468407658860087,1.75,0.1531242252317145,6,unreviewed
2025-05-30,2025-05-27,2025-06-02,8.322693107861182,25.726426300396625,245.02703740789903,244.07014796324071,246.31556012155488,2.2454121583141387,1.5,0.0733278246397709,5,unreviewed
2024-01-03,2023-12-28,2024-01-10,8.319672344233078,4.1346686399351045,1221.664943840695,1216.1276209880598,1228.3499078536406,12.222286865580829,2.25,0.1628446812786887,1,unreviewed
2019-11-29,2019-11-26,2019-12-02,8.317714096522565,7.231037861504889,269.72401241888105,266.02529173344374,274.25847060373053,8.233178870286793,4.0,0.1729568779708977,11,unreviewed
2022-12-09,2022-12-06,2022-12-12,8.303830409663522,27.74111132092662,577.190782904088,576.6408101134002,577.8882622709498,1.24745215754956,1.25,0.0622094940810465,12,unreviewed
2022-09-27,2022-09-26,2022-09-28,8.295406688662645,15.475910049998957,40.85868018254935,40.365909211337566,42.48203117353842,2.1161219622008502,2.75,0.0753819387143608,9,unreviewed
2024-02-12,2024-02-08,2024-02-16,8.289432398985491,3.061507908485735,893.7611485174807,887.8505344986916,900.571682638023,12.72114813933149,2.0,0.1464766201018483,2,unreviewed
2025-09-26,2025-09-23,2025-09-30,8.288597168539209,5.098083093658898,35.57411498583179,35.232672029640526,36.18214918859303,0.9494771589525044,1.0,0.0341399079957685,9,unreviewed
2023-10-01,2023-09-29,2023-10-03,8.283770159037466,13.33830169531623,37.07350372049775,36.63264616858214,37.58212285861373,0.949476690031588,1.25,0.0441876547788385,10,unreviewed
2023-03-19,2023-03-17,2023-03-22,8.267550808335399,33.741754033555495,1046.6215559692373,1045.9911654712632,1047.4878212907352,1.4966558194719255,1.75,0.1402898749475531,3,unreviewed
2018-01-11,2017-12-21,2018-02-01,8.260582425397631,3.464584032017409,1006.93995479431,999.846023962833,1016.0592387956568,16.213214832823724,1.75,0.1607198715723391,1,unreviewed
2021-10-11,2021-10-11,2021-10-12,8.227151314790985,2.270501947496342,617.5659238483273,609.0620951480232,628.2497376003303,19.187642452307045,1.5,0.1571221568935654,10,unreviewed
2025-02-03,2025-01-28,2025-02-10,8.220844704314953,13.001846780495445,411.73309559765977,408.7337569626979,414.72152592940256,5.987768966704607,4.5,0.159787474409669,2,unreviewed
2025-10-11,2025-10-06,2025-10-17,8.214261596447509,10.651031763869735,38.352587291963275,38.03262007376179,38.748768132179976,0.7161480584181845,1.5,0.0351307918895516,10,unreviewed
2021-11-20,2021-11-18,2021-11-22,8.213781328025705,27.999764217387774,586.6213933227267,586.3709382945672,587.1194094177336,0.7484711231663823,0.75,0.035788232266919,11,unreviewed
2021-11-20,2021-11-18,2021-11-22,8.210207382497215,22.97237608997218,882.6521281613309,881.87067907257,883.6148996432312,1.7442205706611276,1.25,0.0477926561340031,11,unreviewed
2025-10-11,2025-10-06,2025-10-17,8.204051214545,13.499307588736215,41.76516450238579,41.5325542492792,42.248702072538435,0.7161478232592344,0.75,0.0371557034931974,10,unreviewed
2023-03-19,2023-03-17,2023-03-22,8.197621917317578,2.2636730823469926,548.7760496595763,544.7060321196914,553.1887070373632,8.48267491767183,1.75,0.1434345516747998,3,unreviewed
2018-02-15,2018-02-01,2018-03-01,8.195244214394513,8.51993673125969,669.011227667694,668.6175992791541,669.8638349235989,1.2462356444448233,0.75,0.0384190384478509,2,unreviewed
2022-07-23,2022-07-18,2022-07-29,8.191465063267614,23.872297816872464,582.5040620990429,582.129600496497,583.1275621363893,0.99796163989231,1.0,0.0456881710500152,7,unreviewed
2023-02-25,2023-02-21,2023-03-02,8.183046269696003,3.037869781483376,794.2698844463931,787.6785427755676,801.1556093841791,13.477066608611494,1.5,0.13036927323212,2,unreviewed
2019-11-08,2019-11-05,2019-11-12,8.183018576296098,5.428693802831779,31.62509059606233,31.266080355271697,32.21555704437196,0.9494766891002656,1.75,0.0475200191885309,11,unreviewed
2023-01-21,2023-01-20,2023-01-23,8.17876358519648,5.044203694428463,966.5368553263568,961.68274932215,971.9095655032434,10.226816181093454,3.5,0.1637642300976819,1,unreviewed
2018-01-11,2017-12-21,2018-02-01,8.17361916192869,3.895864813567522,960.2148566183968,956.1952199093066,964.6760041173548,8.480784208048135,2.25,0.1636591532499717,1,unreviewed
2019-10-20,2019-10-17,2019-10-24,8.166313343645216,4.697793658593888,34.492085284014095,34.066027695313096,35.24883325304836,1.1828055577352643,2.5,0.0620236912684631,10,unreviewed
2024-01-18,2024-01-10,2024-01-26,8.165917901853756,12.967757003956258,1034.140310660635,1032.0229066959582,1037.2610607054085,5.238154009450227,5.0,0.1665800992704819,1,unreviewed
2025-01-19,2025-01-14,2025-01-24,8.164294719333101,3.514099961315764,1047.797208210704,1041.7508012903854,1053.9730841866694,12.222282896284014,2.0,0.1430221555326121,1,unreviewed
2024-11-15,2024-11-12,2024-11-19,8.160696074285779,14.00028183708097,41.99641185680174,41.765883116517216,42.48203117353842,0.7161480570212007,0.75,0.0334114522651263,11,unreviewed
2018-02-15,2018-02-01,2018-03-01,8.14866410286914,0.441045643542913,35.94294426483637,32.43272468959913,39.448754732031375,7.016030042432249,1.5,0.1505354326884834,2,unreviewed
2019-12-11,2019-12-11,2019-12-11,8.142196384167974,1.1979142632145816,37.92126902042221,37.56596187129617,38.51543926354498,0.9494773922488092,1.25,0.0618985611899098,12,unreviewed
2023-04-28,2023-04-25,2023-05-02,8.136615852224178,2.194249659198217,576.8772364402702,569.1560965864919,583.876032942906,14.71993635641411,1.25,0.1353258489624163,4,unreviewed
2022-07-31,2022-07-29,2022-08-02,8.130117196751945,27.28024209748849,537.8224364112413,537.221319091972,539.4667325727642,2.2454134807921946,2.75,0.0934609338139328,7,unreviewed
2021-11-16,2021-11-15,2021-11-18,8.121688922556942,13.424346747215957,115.86103378573324,114.08573557483032,117.82808866351844,3.742353088688106,2.0,0.09291540711993,11,unreviewed
2025-09-26,2025-09-23,2025-09-30,8.112356122043362,4.1368240409377055,34.81144869699924,34.066027695313096,35.715490986127406,1.6494632908143103,2.5,0.0545123027001461,9,unreviewed
2022-01-04,2022-01-04,2022-01-04,8.10466434259182,27.860833443769216,537.7931042311725,537.221319091972,538.7182610211894,1.496941929217428,1.0,0.276601403034902,1,unreviewed
2018-12-14,2018-12-10,2018-12-18,8.089853176325995,2.7484579077716007,107.2784493015309,101.86071520578116,113.83624523645268,11.975530030671507,1.5,0.1470505276568551,12,unreviewed
2021-11-16,2021-11-15,2021-11-18,8.084728213285166,17.807707574207477,125.46407701081152,124.56432432122529,126.560246033594,1.9959217123687267,1.75,0.1085039203244752,11,unreviewed
2024-12-28,2024-12-27,2024-12-30,8.081170546985,3.520774753880142,1000.3785517822838,996.8528260109016,1006.0819109557196,9.229084944818169,2.75,0.163183734792387,12,unreviewed
2022-01-04,2022-01-04,2022-01-04,8.079511999244197,18.9998525510976,182.6949977816473,182.1965639162809,183.19452452333644,0.9979606070555748,1.0,0.0360058659587161,1,unreviewed
2019-07-26,2019-07-22,2019-07-31,8.074369447152078,12.063542230163373,1250.6269654844211,1247.805645396933,1253.7921011284925,5.986455731559545,3.75,0.162260706213648,7,unreviewed
2018-05-05,2018-03-26,2018-06-15,8.068658556636647,1.0114300802574845,39.140128339014005,38.73260690830648,39.68208359880373,0.9494766904972494,0.75,0.0475903021564746,5,unreviewed
2022-07-03,2022-07-01,2022-07-06,8.040856690913722,19.12167040392633,1071.4667508547063,1067.9412861191668,1075.1749060959555,7.233619976788759,3.5,0.1681961948693709,7,unreviewed
2019-11-20,2019-11-18,2019-11-22,8.036588289721807,1.8665109719756543,596.1870202226951,590.3627855740488,602.3343713274226,11.971585753373802,1.5,0.1402103758210518,11,unreviewed
2021-10-11,2021-10-11,2021-10-12,8.033013408605484,2.1787345759097176,517.2415238865873,512.5217641075142,521.5034200609662,8.981655953451991,2.0,0.146175293726933,10,unreviewed
2025-03-03,2025-02-28,2025-03-07,8.028585458501494,2.503117431483598,677.9065663960155,670.6110893939622,685.3133795834146,14.70229018945247,1.5,0.1466946553043853,3,unreviewed
2019-10-20,2019-10-17,2019-10-24,8.023000622853658,13.891901539271014,37.24743800405505,36.86597503628582,37.81545196054503,0.9494769242592156,1.0,0.0462850576594975,10,unreviewed
2025-01-12,2025-01-10,2025-01-14,8.018002712640781,28.426473318914063,538.3271218440319,537.7202996290289,539.2172420555726,1.4969424265436828,2.5,0.0712565348279739,1,unreviewed
2023-01-21,2023-01-20,2023-01-23,8.00527609844315,4.235579339093473,1207.8039545070676,1201.9099242547527,1213.1344781387595,11.224553884007037,3.0,0.1633985430382366,1,unreviewed
2018-01-11,2017-12-21,2018-02-01,8.000769247098438,3.501457899387374,1065.8368442144151,1061.2065904773772,1070.435675422661,9.22908494528383,2.0,0.1534434113991715,1,unreviewed
2025-08-23,2025-08-21,2025-08-25,7.984481224249303,28.371879804207076,273.0091422530096,272.76152934366837,273.5099997026846,0.7484703590162098,1.0,0.0551817475050983,8,unreviewed
2025-10-03,2025-09-30,2025-10-06,7.977200916327456,2.3084937390221905,501.98721279352793,494.8079431215301,506.5339930090122,11.726049887482077,2.25,0.1465799868112218,10,unreviewed
2018-03-13,2018-03-01,2018-03-26,7.971402330045655,1.8121852042567663,36.12555921921806,35.46600089687854,37.11546512553468,1.649464228656143,1.25,0.0559255498684659,3,unreviewed
2019-06-28,2019-06-24,2019-07-02,7.970893370263587,1.3397059899471773,28.973296970211784,28.4661325449124,29.6489385724999,1.1828060275875032,1.25,0.036209707013059,6,unreviewed
2023-02-25,2023-02-21,2023-03-02,7.9626901985016065,3.1493558499927827,940.187930337013,933.2473692749628,947.4651161418296,14.217746866866946,1.5,0.1292808073577717,2,unreviewed
2019-06-28,2019-06-24,2019-07-02,7.94196873676652,4.432915955954552,31.389425475043275,30.799422620795667,32.21555704437196,1.4161344235762954,1.75,0.0620081996457484,6,unreviewed
2019-11-29,2019-11-26,2019-12-02,7.929166776561937,24.382695536773134,584.1241650648661,583.3770525851287,584.8739947616123,1.4969421764835715,1.0,0.0556302126954209,11,unreviewed
2023-03-29,2023-03-22,2023-04-06,7.926560852579733,6.707979954704039,1027.4481490466662,1025.0387768084183,1030.0274975714274,4.9887207630090415,3.25,0.1454965769980427,3,unreviewed
2021-10-24,2021-10-21,2021-10-27,7.905923032397067,14.999425655978978,386.7806732887725,386.5291151455603,387.2775860913098,0.7484709457494318,0.75,0.0455159340956717,10,unreviewed
2024-02-12,2024-02-08,2024-02-16,7.902343972321748,3.614653287408991,159.29354063383997,153.50518941227347,163.73428806755692,10.229098655283453,2.0,0.1411460148111775,2,unreviewed
2025-02-15,2025-02-10,2025-02-20,7.90210583403156,29.44987355170527,270.0153063348344,269.7676459895447,270.51611684588715,0.7484708563424647,1.0,0.0362343106989544,2,unreviewed
2024-01-18,2024-01-10,2024-01-26,7.898980970663716,2.7130371578939054,615.4788444760314,610.5572127341293,621.7708959695883,11.21368323545903,2.25,0.1616019014433033,1,unreviewed
2019-09-03,2019-09-01,2019-09-05,7.89782895017661,27.348866281014285,563.1418817544536,562.6693451306783,564.1662878058851,1.4969426752068102,1.5,0.0590708325795144,9,unreviewed
2019-11-29,2019-11-26,2019-12-02,7.890378053406239,21.491638000395746,702.0411956157538,700.2895729043521,703.7849386818707,3.4953657775186,2.5,0.1137676443354154,11,unreviewed
2022-07-15,2022-07-12,2022-07-18,7.889120498611379,1.0965649702005575,37.2107199172851,36.63264616858214,38.04878106107935,1.4161348924972117,1.5,0.0342955008428661,7,unreviewed
2023-02-19,2023-02-17,2023-02-21,7.884485783595925,3.809029953602496,1127.0913405288516,1122.8249295162968,1132.8045577551238,9.97962823882699,2.75,0.1445504243748387,2,unreviewed
2022-12-09,2022-12-06,2022-12-12,7.882303805647876,10.602565392481493,36.45269098770065,36.16598820127547,37.11546512553468,0.9494769242592156,2.25,0.045695859237146,12,unreviewed
2019-07-26,2019-07-22,2019-07-31,7.8813451399799375,13.617996763197,37.45600300689126,37.09930390259251,38.04878106107935,0.9494771584868432,1.0,0.043947978890959,7,unreviewed
2018-02-15,2018-02-01,2018-03-01,7.881124964976175,24.751225429288045,783.5401731507222,782.9345706142485,784.1827916842885,1.2482210700400174,1.25,0.0903544080423613,2,unreviewed
2019-07-26,2019-07-22,2019-07-31,7.879291212820197,4.48102135406145,34.35917558498987,33.83269882807508,35.015504385810345,1.1828055577352643,2.25,0.062824281377683,7,unreviewed
2022-01-27,2022-01-20,2022-02-03,7.857037944309645,13.298160432275926,37.355782156653646,37.09930390259251,38.04878106107935,0.9494771584868432,1.25,0.0453118439559624,1,unreviewed
2025-07-25,2025-07-22,2025-07-28,7.842544441299954,14.67911195233677,27.602207066642453,27.299487742595375,28.01563556632027,0.7161478237248957,1.75,0.0392098324385555,7,unreviewed
2024-04-06,2024-04-04,2024-04-09,7.8280889855288756,2.3127444844807883,564.5792942859341,559.675459918566,570.1540582282469,10.47859830968082,1.75,0.152663841120724,4,unreviewed
2019-06-28,2019-06-24,2019-07-02,7.8150587418926305,16.249921785524734,24.49815994333628,24.266211535781625,24.982359358575195,0.7161478227935731,0.75,0.0369750422487,6,unreviewed
2020-12-02,2020-11-18,2020-12-17,7.791737219192436,2.7375948040079505,999.2236484141724,992.1135953380726,1007.8279436775484,15.714348339475691,2.0,0.1526408657839405,12,unreviewed
2024-05-26,2024-05-24,2024-05-29,7.781181480633884,15.506812325754188,266.0780828610109,262.2829377264716,269.76764569524676,7.484707968775183,3.5,0.1327464101323482,5,unreviewed
2025-11-07,2025-11-05,2025-11-10,7.761492408888108,3.3919075356166015,1165.216794852528,1158.2526113740169,1172.9725628416054,14.719951467588544,1.75,0.1573716288999602,11,unreviewed
2019-02-02,2019-01-30,2019-02-06,7.7316694239521775,22.304177837246637,864.9733821325552,863.1865500472486,867.1728653418832,3.986315294634551,6.0,0.151775862942502,2,unreviewed
2023-01-14,2023-01-09,2023-01-20,7.717722865590645,2.6744915945724834,615.4552673037604,608.8129087593406,624.0135722244158,15.200663465075197,1.75,0.156913534887264,1,unreviewed
2023-02-04,2023-02-03,2023-02-06,7.711125474415591,24.638653846699835,551.9098547998384,549.9453317378648,554.6856501419097,4.740318404044956,5.0,0.1525840743203961,2,unreviewed
2025-10-24,2025-10-22,2025-10-27,7.700672525773808,31.722489700928016,525.4970241202335,524.9962869836017,526.2437381455675,1.2474511619657278,1.25,0.0531444894462004,10,unreviewed
2021-11-20,2021-11-18,2021-11-22,7.698987843946156,33.87228727910439,269.5149186467937,269.26866547204554,270.01713607879356,0.7484706067480147,1.0,0.0466903046798997,11,unreviewed
2023-12-24,2023-12-21,2023-12-28,7.6977796881889695,4.647147357883325,998.2421048760876,996.1045262729748,1000.843813790474,4.739287517499179,3.5,0.1470193287852876,12,unreviewed
2019-07-05,2019-07-02,2019-07-08,7.688223594045515,0.6698494617078492,34.56704583868021,33.13271175837144,36.64880739059299,3.5160956322215497,2.0,0.0730381792532333,7,unreviewed
2023-02-04,2023-02-03,2023-02-06,7.684154036454732,2.245069093960032,627.2623987300863,622.0197781599127,632.9842752562836,10.964497096370906,1.5,0.0954023349013703,2,unreviewed
2024-03-23,2024-03-22,2024-03-25,7.679901166020874,2.503356767078164,58.48418507683863,51.099041543435305,65.58159813890234,14.482556595467033,1.5,0.146401240178123,3,unreviewed
2021-11-20,2021-11-18,2021-11-22,7.667608227970881,33.819768650219096,284.50755131146843,283.9885918619111,285.2360429861583,1.2474511242471635,2.0,0.0904059352539825,11,unreviewed
2022-12-02,2022-11-28,2022-12-06,7.666753724415203,5.871189200803099,31.537572616937556,31.03275148803368,32.21555704437196,1.1828055563382804,1.75,0.0651584194518209,12,unreviewed
2024-11-15,2024-11-12,2024-11-19,7.661254962848159,15.320278654481974,35.606661311485766,34.999343163799495,36.415478290524334,1.4161351267248392,2.0,0.0551688099368125,11,unreviewed
2019-02-17,2019-02-15,2019-02-19,7.646733766438562,3.5424921647857355,991.669645594725,984.6305999569596,997.3517493465916,12.721149389632046,2.25,0.1675897500736636,2,unreviewed
2023-02-02,2023-02-02,2023-02-03,7.644628007712779,8.93008895309297,322.9055461552006,315.923350924626,330.3937896806747,14.47043875604868,4.0,0.1492487692163031,2,unreviewed
2023-01-05,2023-01-04,2023-01-06,7.641729369483364,3.7613180631198,432.67958136162594,428.9424792686478,436.4271900751628,7.484710806515068,2.5,0.1489138646469172,1,unreviewed
2023-12-24,2023-12-21,2023-12-28,7.637247716637663,11.596612336166064,671.6370827739895,668.6175992791541,675.0967448586598,6.479145579505712,7.25,0.1817630791923382,12,unreviewed
2024-05-05,2024-05-01,2024-05-10,7.6212318251033775,3.4488616935358896,198.33182452812875,189.681270590052,205.64864532230425,15.96737473225221,1.75,0.1454904502415671,5,unreviewed
2023-02-02,2023-02-02,2023-02-03,7.6194781592660465,12.393186866017556,289.9864298056201,284.73706276295707,293.9682026668452,9.231139903888106,5.0,0.1549524077258826,2,unreviewed
2024-08-10,2024-08-07,2024-08-14,7.593867066016817,12.460753288290288,377.0427896768181,376.5495017617941,377.7969528166577,1.2474510548636315,1.25,0.0614173951804372,8,unreviewed
2023-12-17,2023-12-13,2023-12-21,7.592886569966069,30.652212935069834,807.7681661926109,807.1341619710438,808.6292607947253,1.4950988236814735,1.5,0.0646284698874497,12,unreviewed
2024-11-29,2024-11-26,2024-12-03,7.581664879986788,2.610886788901044,622.680138012491,615.0425642495975,629.2464821599424,14.2039179103449,1.75,0.1613780071581173,11,unreviewed
2020-12-02,2020-11-18,2020-12-17,7.543551526502685,1.687202550172475,599.4416428832723,591.3607471450232,607.3180958675221,15.957348722498864,1.25,0.1471916809880842,12,unreviewed
2021-10-11,2021-10-11,2021-10-12,7.532198479991416,1.9312803545660244,574.5044172455129,570.1540586557239,579.8841856615618,9.730127005837858,1.5,0.1229065195110202,10,unreviewed
2022-09-03,2022-08-30,2022-09-08,7.528233146885417,12.269495892517972,57.46711697657516,51.79902814421803,63.248308532405645,11.449280388187615,2.25,0.175197516090326,9,unreviewed
2024-01-18,2024-01-10,2024-01-26,7.526708700067584,4.066316937766023,143.72458628856575,141.28016879456118,146.26997307687998,4.989804282318801,1.5,0.115588569894729,1,unreviewed
2025-04-04,2025-04-01,2025-04-08,7.523126583738671,2.452189476227121,490.0662298962508,482.8324036723934,498.5502985827625,15.717894910369068,1.75,0.149562810097982,4,unreviewed
2019-02-17,2019-02-15,2019-02-19,7.521464293646527,3.4667882799106673,1069.3241567650043,1063.9503551833332,1075.4243393423967,11.473984159063548,2.0,0.1478786807348312,2,unreviewed
2022-10-01,2022-09-28,2022-10-05,7.501890673439552,29.312290509203155,948.847165254889,947.465059299022,950.4583140942268,2.993254795204848,4.5,0.1310154378495417,10,unreviewed
2018-03-13,2018-03-01,2018-03-26,7.495012231678961,1.9975716989490055,37.42411365761959,36.86597503628582,38.28211016301066,1.4161351267248392,1.0,0.0400828729301762,3,unreviewed
2019-09-13,2019-09-11,2019-09-16,7.493698666359066,0.964578032586334,37.10117656163178,36.86597503628582,37.81545196054503,0.9494769242592156,1.75,0.0393024513002525,9,unreviewed
2019-10-03,2019-09-30,2019-10-07,7.474463604203201,24.330874344436523,584.3105612977929,583.8760331212543,584.8739947616123,0.9979616403579712,1.25,0.037678805068838,10,unreviewed
2019-02-17,2019-02-15,2019-02-19,7.460268241850164,3.2741881747287502,1038.0270975506758,1033.2700724261813,1042.249724375084,8.979651948902756,2.5,0.1599203298522734,2,unreviewed
2025-06-28,2025-06-25,2025-07-01,7.437106205689522,9.52155037576455,38.83845885882926,38.49927804293111,39.21542586479336,0.7161478218622506,1.25,0.0369586212029763,6,unreviewed
2024-02-03,2024-01-30,2024-02-08,7.420458355759169,4.327220948745142,999.2889504548722,997.1022592573428,1002.3404132663272,5.238154008984566,5.0,0.1672910112124055,2,unreviewed
2024-03-15,2024-03-09,2024-03-22,7.419754357099831,2.888572562026,444.0150127674128,438.4231139901094,450.398652556818,11.975538566708565,1.75,0.1445356279605348,3,unreviewed
2020-01-04,2019-12-30,2020-01-10,7.419344943863375,2.7240768448896913,702.1576917195149,696.7940144687891,709.7773255705833,12.983311101794245,1.75,0.1389007964951605,1,unreviewed
2024-05-26,2024-05-24,2024-05-29,7.406499946618395,10.637048211960034,279.4439436491055,276.5038833511062,281.7431791140698,5.239295762963593,4.0,0.1380620554302655,5,unreviewed
2021-11-20,2021-11-18,2021-11-22,7.402523136968292,35.72402387412998,273.27850700877,272.76152934366837,274.0089802206494,1.24745087698102,1.5,0.0563336186171235,11,unreviewed
2023-06-09,2023-06-06,2023-06-12,7.395844287279099,24.87488899464442,577.1398605182555,576.8903006301261,577.6387717537582,0.7484711236320436,1.0,0.0406203768447649,6,unreviewed
2024-08-24,2024-08-21,2024-08-27,7.3945930944815155,8.348302901683857,36.77606826103918,36.39931730134413,37.348793991841376,0.9494766904972494,1.25,0.0500749993226932,8,unreviewed
2018-10-22,2018-10-08,2018-11-05,7.390982972890084,10.54236720934515,34.91367451578485,34.066027695313096,35.715490986127406,1.6494632908143103,2.5,0.053776552857729,10,unreviewed
2025-11-07,2025-11-05,2025-11-10,7.390712089025683,3.900525760251799,925.8115760668784,921.2745774658396,930.50366141228,9.229083946440367,3.0,0.158265644610049,11,unreviewed
2025-10-03,2025-09-30,2025-10-06,7.378578325652632,26.520876293147825,244.0228010370108,243.32167731085792,244.81861832085997,1.4969410100020468,1.5,0.0548105433906714,10,unreviewed
2025-05-23,2025-05-19,2025-05-27,7.372456462587686,11.873574253858216,84.81222621406467,84.4650821685791,85.41455932660028,0.9494771580211818,1.0,0.044280838729725,5,unreviewed
2024-05-12,2024-05-10,2024-05-14,7.353789614110087,2.4992764911203973,40.720267650093255,40.365909211337566,41.3153866045177,0.949477393180132,0.75,0.0510070990700004,5,unreviewed
2019-03-06,2019-03-04,2019-03-08,7.343157593956746,25.62335969860015,578.7615556716042,578.3872437337413,579.3852051254362,0.9979613916948438,1.0,0.052341698463295,3,unreviewed
2020-01-24,2020-01-21,2020-01-27,7.342592623649644,2.697340357068905,1025.758252077437,1019.0523799047804,1033.5195625154302,14.467182610649616,2.0,0.1459159772720265,1,unreviewed
2025-02-03,2025-01-28,2025-02-10,7.339840498475137,2.582485701510845,645.1124350505689,639.961185216438,649.4305654708296,9.46938025439158,2.25,0.1344206058223784,2,unreviewed
2019-11-29,2019-11-26,2019-12-02,7.336230813491363,30.287744431529458,565.9573372830905,565.4137398237363,566.6611919822171,1.2474521584808826,3.25,0.0914104035944657,11,unreviewed
2019-12-10,2019-12-10,2019-12-11,7.334030622766799,4.492617000293917,31.493569825183595,31.03275148803368,32.21555704437196,1.1828055563382804,1.25,0.051373124439421,12,unreviewed
2025-07-18,2025-07-14,2025-07-22,7.32238567285111,25.662986417441857,243.21620120052037,242.82269654469565,243.82065778318793,0.9979612384922802,1.75,0.048444798800219,7,unreviewed
2022-01-17,2022-01-14,2022-01-20,7.317522487286426,6.896417607792044,30.233718047758988,29.86610621633008,30.815583609044552,0.9494773927144706,1.0,0.0585684757254356,1,unreviewed
2023-02-02,2023-02-02,2023-02-03,7.307412961752495,22.762971541565044,791.5789096841406,784.1829843404703,798.1650264235213,13.982042083051056,3.0,0.1527307893189113,2,unreviewed
2024-12-16,2024-12-16,2024-12-17,7.304270821195972,13.337055799050423,35.68987494445421,35.232672029640526,36.415478290524334,1.182806260883808,1.75,0.0564233265259561,12,unreviewed
2019-02-02,2019-01-30,2019-02-06,7.30334065977073,18.400448374575554,1003.608217910425,1001.3426234391518,1006.5807774476708,5.238154008518904,4.25,0.1616056934891802,2,unreviewed
2023-02-02,2023-02-02,2023-02-03,7.301299518978063,16.610233819278584,359.0285401471646,351.600468179211,367.3183590741828,15.717890894971788,1.75,0.1474014480435328,2,unreviewed
2022-07-31,2022-07-29,2022-08-02,7.29508303679677,25.87490615906471,536.3452351991708,534.476923651062,538.7182610211894,4.2413373701274395,5.0,0.1426318722226555,7,unreviewed
2024-10-13,2024-10-09,2024-10-18,7.289788545240299,29.24885989304813,269.76551835705385,269.5181556059979,270.266626462806,0.748470856808126,0.75,0.0416363031121036,10,unreviewed
2019-01-26,2019-01-23,2019-01-30,7.280719580496103,18.99886789640331,182.44412955056325,182.1965639162809,182.94503418449312,0.7484702682122588,0.75,0.035924232876986,1,unreviewed
2022-06-23,2022-06-15,2022-07-01,7.277831732713048,35.154300808256195,1012.3653127370256,1011.8188177701086,1013.0660408441908,1.2472230740822852,1.5,0.0587731569781787,6,unreviewed
2023-08-04,2023-08-01,2023-08-07,7.26104728695883,21.49891443655499,581.629482532774,581.3811289444566,582.1296000685543,0.7484711240977049,0.75,0.0496759348241472,8,unreviewed
2022-06-23,2022-06-15,2022-07-01,7.252574603527938,32.051251045336386,1011.9679908016558,1011.3199512786232,1012.816607598681,1.4966563200578094,1.75,0.0578886139473981,6,unreviewed
2021-01-06,2020-12-17,2021-01-26,7.246091603558806,27.596359852711128,538.4031759982661,537.9697898970917,539.2172420555726,1.2474521584808826,1.0,0.0770582386180834,1,unreviewed
2022-11-17,2022-11-14,2022-11-21,7.235679758409227,8.508733315409204,30.240753327586816,29.86610621633008,30.815583609044552,0.9494773927144706,1.5,0.0780283406133843,11,unreviewed
2019-09-03,2019-09-01,2019-09-05,7.23382230469477,15.616611286772262,382.1001198169493,381.78879900602624,382.78676012996584,0.9979611239396036,1.25,0.0553055615206708,9,unreviewed
2025-07-18,2025-07-14,2025-07-22,7.226243419508613,29.498937260155262,269.76552656548506,269.5181556059979,270.266626462806,0.748470856808126,0.75,0.0441924543192572,7,unreviewed
2022-09-27,2022-09-26,2022-09-28,7.208979578547902,27.184212214036663,562.6533256313552,560.1744407047518,564.4157780734822,4.241337368730456,3.0,0.1193145375133662,9,unreviewed
2024-03-15,2024-03-09,2024-03-22,7.19729221531704,3.3357256467981147,751.5573550162696,745.2324720663019,757.7164176767692,12.483945610467345,1.5,0.1303944345718208,3,unreviewed
2022-07-15,2022-07-12,2022-07-18,7.18853735859521,0.874832421083356,37.92084014866623,37.56596187129617,38.51543926354498,0.9494773922488092,1.0,0.0415123961542303,7,unreviewed
2022-12-27,2022-12-20,2023-01-04,7.172082676366455,3.510313656423739,998.34076562844,995.3562265350484,1002.3404132663272,6.984186731278896,2.0,0.1172283992395768,12,unreviewed
2025-10-24,2025-10-22,2025-10-27,7.166710593392226,2.1501603243947733,518.5505657820383,511.5238020392135,527.7406812491827,16.216879209969193,1.5,0.1435076712417671,10,unreviewed
2025-06-28,2025-06-25,2025-07-01,7.159848306114915,1.1101306995983602,40.82901137649585,40.13258011126891,41.3153866045177,1.1828064932487905,1.0,0.0542581017894813,6,unreviewed
2023-01-14,2023-01-09,2023-01-20,7.156300182810662,4.846541225701654,959.9364905956714,955.9457866633312,963.6782716340384,7.732484970707446,3.5,0.1500646836520961,1,unreviewed
2024-07-26,2024-07-23,2024-07-29,7.153798358568195,24.383038393837,579.6527229317404,579.3852053037845,580.3831664463505,0.9979611425660552,1.25,0.0361304978665365,7,unreviewed
2019-11-24,2019-11-22,2019-11-26,7.152629559872588,3.2398342129581796,977.0208512198976,971.1612094212325,982.8846250772476,11.723415656015275,2.0,0.1530203529162241,11,unreviewed
2025-06-14,2025-06-13,2025-06-16,7.142263184291775,14.103124279264554,379.18854804324087,378.794914866332,379.7928759907372,0.9979611244052649,1.25,0.0561876434393234,6,unreviewed
2024-05-05,2024-05-01,2024-05-10,7.131468371855199,6.375771209069355,30.21308154230049,29.86610621633008,30.815583609044552,0.9494773927144706,1.0,0.0573044306916033,5,unreviewed
2023-02-25,2023-02-21,2023-03-02,7.131053345091735,3.2485260917327015,1102.390927364791,1096.8778951130807,1108.1049768333323,11.22708172025159,1.5,0.124499268003922,2,unreviewed
2021-08-24,2021-08-09,2021-09-08,7.128211278740056,0.5385546270149718,39.92794154096412,37.09930390259251,42.71536027593538,5.616056373342872,1.25,0.1176062431519804,8,unreviewed
2018-12-22,2018-12-18,2018-12-26,7.117682547483665,4.014906345995794,717.3111064651321,713.522759407293,721.5124156023376,7.989656195044517,3.0,0.1575047668871594,12,unreviewed
2021-11-20,2021-11-18,2021-11-22,7.117050963322731,18.06358884383801,654.8821109223747,654.1647991780192,655.9094071020372,1.7446079240180552,1.5,0.0682241547063716,11,unreviewed
2020-07-27,2020-07-23,2020-07-31,7.1068892319876245,14.63024063074549,37.6936939294918,37.332632769364864,38.28211016301066,0.9494773936457932,1.0,0.0475478312426535,7,unreviewed
2021-11-16,2021-11-15,2021-11-18,7.100340740870065,2.9315462135371044,142.83326627946354,141.77914947178215,144.0245612738654,2.245411802083254,1.25,0.0883048146812873,11,unreviewed
2023-08-04,2023-08-01,2023-08-07,7.096116873659081,15.07946472143076,80.15073577993297,79.7985029546544,80.74798011407256,0.9494771594181656,1.25,0.0419585898347187,8,unreviewed
2024-04-06,2024-04-04,2024-04-09,7.08436370741718,2.685358535768396,300.0512592273117,293.9682027134113,306.44271756056696,12.47451484715566,1.25,0.1318104588560915,4,unreviewed
2021-11-10,2021-11-08,2021-11-12,7.0723934847976295,24.194836615043165,584.3790816653242,583.8760331212543,585.1234852797352,1.2474521584808826,1.0,0.0512567792671492,11,unreviewed
2023-03-29,2023-03-22,2023-04-06,7.0681384936980125,3.6744324355081153,1066.707313443031,1062.4537559570745,1070.6851086686363,8.231352711562067,3.25,0.1616037900308576,3,unreviewed
2022-07-15,2022-07-12,2022-07-18,7.065027289912557,9.744242129108065,35.28512165197575,34.76601429656148,36.18214918859303,1.4161348920315504,1.75,0.0447423567367865,7,unreviewed
2021-04-27,2021-04-21,2021-05-04,7.060116825975962,19.483395485728227,1015.210996532938,1012.3176842625252,1017.8052715174854,5.48758725496009,3.0,0.1464480384854742,4,unreviewed
2025-11-07,2025-11-05,2025-11-10,7.057304947925083,0.9428910416706804,37.28580610543319,36.63264616858214,38.04878106107935,1.4161348924972117,1.25,0.0376002874130342,11,unreviewed
2019-02-10,2019-02-06,2019-02-15,7.054138107849725,8.209312642265742,532.8410120411974,530.9840574059635,535.7243758090772,4.740318403113633,3.75,0.1493218144294296,2,unreviewed
2024-11-15,2024-11-12,2024-11-19,7.051671274592275,2.380976919702258,567.4186350936848,563.1683261645958,570.902529779356,7.73420361476019,1.75,0.1333522749680979,11,unreviewed
2022-10-28,2022-10-25,2022-11-01,7.03378090164494,31.554176169077405,950.8317430218236,949.2110910206102,952.9526455542072,3.741554533597082,12.75,0.1659428422431789,10,unreviewed
2025-03-03,2025-02-28,2025-03-07,7.017407865047892,2.7133748851037285,789.1640319277707,782.9345706142485,795.4185162251815,12.483945610933006,1.5,0.1249294421494267,3,unreviewed
2025-09-26,2025-09-23,2025-09-30,7.011440561093241,8.741125973458606,35.800449322374526,35.46600089687854,36.415478290524334,0.9494773936457932,1.25,0.0461560611812267,9,unreviewed
2022-08-13,2022-08-10,2022-08-17,7.007082093979108,2.526643380990117,625.5688283421895,618.2819850654341,633.2334613967687,14.95147633133456,1.5,0.1642376856138715,8,unreviewed
2019-09-13,2019-09-11,2019-09-16,7.001823965603142,0.9406903641294642,30.429440277488343,29.632777349557728,31.282241577282548,1.6494642277248204,1.75,0.084400078123399,9,unreviewed
2019-12-10,2019-12-10,2019-12-11,6.98822488456341,5.871498843450007,31.628332342178297,31.266080355271697,32.448885911144316,1.1828055558726192,1.75,0.0476803446575905,12,unreviewed
2022-09-27,2022-09-26,2022-09-28,6.974975713373849,11.773217637490534,38.454290294623895,38.03262007376179,38.982096997555345,0.9494769237935544,0.75,0.0428675395137168,9,unreviewed
2024-11-22,2024-11-19,2024-11-26,6.957484586941834,11.902113471714728,114.0522022382761,113.5867551472038,114.8342058439739,1.2474506967701018,1.5,0.0444453094254049,11,unreviewed
2020-03-26,2020-03-19,2020-04-02,6.950940461900837,5.634462212973793,103.8329211661829,103.10816590394823,104.85459727793932,1.7464313739910722,1.5,0.0681860929753054,3,unreviewed
2025-06-20,2025-06-16,2025-06-25,6.94667605255035,8.272851365282985,32.02706802864678,31.732738089747727,32.68221477884799,0.9494766891002656,2.75,0.066020492751935,6,unreviewed
2021-11-16,2021-11-15,2021-11-18,6.944619006764493,30.78202447885325,527.0657479041016,526.2437385739759,527.9901717659086,1.7464331919327378,1.5,0.0544129510981717,11,unreviewed
2021-10-24,2021-10-21,2021-10-27,6.910855512986442,15.625830146801867,382.53773844396454,382.2877798611298,383.03625030908734,0.7484704479575157,1.0,0.0535646741532038,10,unreviewed
2025-11-07,2025-11-05,2025-11-10,6.90988998634105,1.2491767779159844,40.60101591101841,40.365909211337566,41.08205750398338,0.716148292645812,0.75,0.0343870267031044,11,unreviewed
2018-05-05,2018-03-26,2018-06-15,6.89251088095911,11.651842172818696,727.6369115354688,724.2591192070395,730.5009954348207,6.241876227781177,4.25,0.1645939148647768,5,unreviewed
2021-11-24,2021-11-22,2021-11-27,6.89227598604008,19.02443308615787,194.12326786126496,193.67311401618645,194.67107437411323,0.997960357926786,0.75,0.0800281392073259,11,unreviewed
2020-10-30,2020-10-20,2020-11-09,6.875739782924666,24.53806988291012,579.7848026890797,579.1357150361873,580.6326569644734,1.4969419282861054,0.75,0.046775253942926,10,unreviewed
2025-02-03,2025-01-28,2025-02-10,6.875417192239267,2.6694219473981984,680.545240353606,676.3423723550513,685.5625657243654,9.220193369314076,1.75,0.1195101773390774,2,unreviewed
2024-09-14,2024-09-11,2024-09-17,6.870252248411638,8.497989082031834,82.36351791437926,82.13179303100333,82.84794085286558,0.7161478218622506,0.75,0.0393615440151673,9,unreviewed
2019-02-17,2019-02-15,2019-02-19,6.864594374540174,2.5670981549553846,1023.4708729903564,1019.0523799047804,1028.281465599779,9.229085694998505,2.5,0.1505528612287489,2,unreviewed
2020-06-28,2020-06-24,2020-07-02,6.855428171033693,4.189117507132814,34.53181604263099,34.066027695313096,35.48216211888939,1.4161344235762954,2.0,0.0593335209810978,6,unreviewed
2024-05-05,2024-05-01,2024-05-10,6.850449596302733,9.065901053990023,32.05063702035717,31.732738089747727,32.68221477884799,0.9494766891002656,2.5,0.0524332168881493,5,unreviewed
2024-01-28,2024-01-26,2024-01-30,6.842170392436053,2.943713653094457,96.52570984954156,92.39826692454515,101.61122461780906,9.212957693263888,2.25,0.1359489044061413,1,unreviewed
2024-05-12,2024-05-10,2024-05-14,6.83596544917139,3.260241837082622,35.76900617662227,34.999343163799495,36.64880739059299,1.6494642267934978,1.5,0.0832601891328065,5,unreviewed
2018-08-22,2018-08-08,2018-09-06,6.829508645661629,4.958368254869356,31.621450851370337,31.266080355271697,32.21555704437196,0.9494766891002656,1.5,0.0503885792105596,8,unreviewed
2022-11-24,2022-11-21,2022-11-28,6.829358764490512,1.8596414510884056,598.1640582861745,589.1153329876252,607.5672820084728,18.45194902084768,1.0,0.1374865120907627,11,unreviewed
2022-06-23,2022-06-15,2022-07-01,6.827184645480275,29.973261302190124,1025.2967693140174,1024.2904770709574,1026.2859998815693,1.995522810611874,1.75,0.0514846254589696,6,unreviewed
2019-12-09,2019-12-09,2019-12-09,6.8085845356015495,20.777088906192745,584.346586041342,583.8760331212543,584.8739947616123,0.9979616403579712,0.75,0.0347402185996162,12,unreviewed
2021-11-03,2021-11-03,2021-11-04,6.80764582914075,28.679691616515473,567.1669267328691,566.6611924101599,567.9086445686407,1.2474521584808826,1.75,0.0601902854169842,11,unreviewed
2025-04-25,2025-04-21,2025-04-29,6.80314583877349,2.253275390291382,616.9671872010266,612.7998889898881,621.5217098291032,8.72182083921507,2.0,0.1412210229656991,4,unreviewed
2025-03-28,2025-03-24,2025-04-01,6.792940072437632,3.080614053763348,941.309373724416,936.24056722736,946.7168169035576,10.476249676197767,2.0,0.1367817863883873,3,unreviewed
2021-12-07,2021-12-06,2021-12-08,6.7907335197157925,8.29914931324157,660.4829679337644,660.1452685277909,661.1423170375638,0.997048509772867,1.25,0.057658548293432,12,unreviewed
2018-10-22,2018-10-08,2018-11-05,6.790448477288826,9.138821547649414,35.003866639073955,34.53268542839214,35.94882008759305,1.4161346592009068,2.0,0.0440416461418102,10,unreviewed
2025-04-25,2025-04-21,2025-04-29,6.779426566498512,0.583768893055096,37.773096963490445,35.232672029640526,39.68208359880373,4.449411569163203,1.75,0.1744839422809046,4,unreviewed
2019-12-26,2019-12-22,2019-12-30,6.7784221817717185,16.92271009148848,1011.3411088086094,1008.0773200811818,1014.5626398203894,6.485319739207625,3.75,0.1592734960502851,12,unreviewed
2025-08-01,2025-07-28,2025-08-05,6.756799125226609,3.9794157172351743,34.644174894757256,34.066027695313096,35.48216211888939,1.4161344235762954,1.75,0.0563322616595303,8,unreviewed
2023-08-04,2023-08-01,2023-08-07,6.754931691908579,21.24714611661333,584.624810143782,584.3750141556375,585.1234852797352,0.7484711240977049,0.75,0.0503600868187944,8,unreviewed
2025-11-13,2025-11-10,2025-11-17,6.7541283338212,26.701867455459993,244.2591571853289,243.8206578292884,245.0681087039411,1.2474508746527135,1.5,0.0616081090642004,11,unreviewed
2023-11-05,2023-11-01,2023-11-09,6.737874927721948,2.4083873382206966,622.0533955324481,617.0360543653369,626.0070613441058,8.971006978768855,1.75,0.1318259393257301,11,unreviewed
2025-02-24,2025-02-20,2025-02-28,6.734272602695806,3.3224607225774454,975.0968758656684,968.4174444652162,982.8846250772476,14.46718061203137,1.75,0.1385404926537836,2,unreviewed
2021-11-16,2021-11-15,2021-11-18,6.727729163752552,29.60333991509839,544.1328196409144,543.2090897634625,544.9555222089402,1.7464324454776945,1.25,0.0509086508671907,11,unreviewed
2022-07-15,2022-07-12,2022-07-18,6.714024049424889,24.11707876913461,580.6315078173935,580.3831668752246,581.1316379988566,0.7484711236320436,1.0,0.0744655499335984,7,unreviewed
2021-11-16,2021-11-15,2021-11-18,6.6885286572045475,6.625349721984896,29.39436571438971,29.166119615081698,29.882267438806593,0.7161478237248957,1.0,0.0893425489301102,11,unreviewed
2023-09-23,2023-09-18,2023-09-29,6.68444388071832,6.51572333558117,30.490529992919637,30.099435317330062,31.282241577282548,1.1828062599524856,1.0,0.0472942028565623,9,unreviewed
2024-05-19,2024-05-14,2024-05-24,6.678999383245688,0.4163133484120641,33.70966604393448,32.43272468959913,35.24883325304836,2.8161085634492338,1.25,0.0770891772512084,5,unreviewed
2025-10-31,2025-10-27,2025-11-05,6.673002888950592,12.99829382296381,121.15309683655084,120.32299080397934,122.06942242849618,1.7464316245168447,1.25,0.059734667387184,10,unreviewed
2022-01-27,2022-01-20,2022-02-03,6.660141674849813,4.223045763413131,34.500680169307834,34.066027695313096,35.24883325304836,1.1828055577352643,1.75,0.0658381399575611,1,unreviewed
2024-01-18,2024-01-10,2024-01-26,6.654253459253449,2.836827319129012,913.7215900487816,908.5534869185648,918.53086960176,9.977382683195174,2.0,0.1394268053059734,1,unreviewed
2023-09-03,2023-09-01,2023-09-05,6.64132637976911,4.730132543313949,34.22058620013005,33.83269882807508,35.015504385810345,1.1828055577352643,2.5,0.0662768573593648,9,unreviewed
2021-01-06,2020-12-17,2021-01-26,6.641274236340456,1.1000201084615346,38.384802763462645,37.79929097183049,39.21542586479336,1.416134892962873,0.75,0.0377350128547328,1,unreviewed
2024-03-03,2024-02-27,2024-03-08,6.639808170203508,2.7083820894983437,669.7998855671857,661.8895717570558,676.5918624443002,14.702290687244384,1.75,0.1290439457627635,3,unreviewed
2018-12-22,2018-12-18,2018-12-26,6.632940082281619,3.905919859847216,726.2615948464604,723.0107047306374,730.5009954348207,7.49029070418328,2.25,0.1459584333150795,12,unreviewed
2023-02-25,2023-02-21,2023-03-02,6.622769119813212,8.681881076853417,1067.017672216755,1064.1997884297743,1069.9368089302443,5.737020500469953,3.75,0.1545783335532037,2,unreviewed
2021-11-20,2021-11-18,2021-11-22,6.614579171025962,17.233701961262074,895.0917389715715,894.5852296403609,895.8324522133917,1.24722257303074,1.25,0.0609315709028432,11,unreviewed
2023-02-02,2023-02-02,2023-02-03,6.6067126861394225,15.620109212078244,510.07060325576543,505.2865410996601,514.7671773391776,9.48063623951748,3.0,0.1462525027551401,2,unreviewed
2024-05-05,2024-05-01,2024-05-10,6.592459566830724,1.9270308776296776,595.9702865646772,588.3668614355847,603.3311166325584,14.96425519697368,1.25,0.1273720699125639,5,unreviewed
2021-08-24,2021-08-09,2021-09-08,6.58731339713231,29.28491331834381,1012.0161788764996,1010.3222182942554,1013.5649073356764,3.242689041420818,2.75,0.1321735732726478,8,unreviewed
2019-10-20,2019-10-17,2019-10-24,6.584224335592275,17.625325208951253,37.80026685616892,37.56596187129617,38.28211016301066,0.7161482917144895,1.0,0.0372312655838325,10,unreviewed
2020-05-25,2020-05-22,2020-05-29,6.576840676400955,1.3192499951633332,37.25177351182109,36.86597503628582,37.81545196054503,0.9494769242592156,1.0,0.0399011707319087,5,unreviewed
2024-11-15,2024-11-12,2024-11-19,6.571731743098361,3.547993159053292,213.7391990796025,208.64252897165716,218.87162941275164,10.229100441094488,1.5,0.1348898677819512,11,unreviewed
2019-01-26,2019-01-23,2019-01-30,6.55713594915208,18.498565566363485,193.9219410369105,193.67311401618645,194.4215842843987,0.7484702682122588,0.75,0.0395197280936141,1,unreviewed
2024-12-28,2024-12-27,2024-12-30,6.549721976914914,2.945829726604203,252.1663259926075,244.81861861469224,258.2910930435173,13.47247442882508,1.25,0.1323595470990649,12,unreviewed
2023-02-25,2023-02-21,2023-03-02,6.545970332070358,2.4702828863020274,510.200371380866,503.7895979955792,516.5136109609157,12.724012965336442,1.5,0.1425912006717799,2,unreviewed
2021-04-27,2021-04-21,2021-05-04,6.542504166260422,29.821867681332783,539.2557170255358,538.7182614486665,539.9657136066817,1.2474521580152214,1.25,0.0809071503123567,4,unreviewed
2022-12-09,2022-12-06,2022-12-12,6.534309477161479,8.108709398570845,36.1058104255878,35.69932999834418,36.64880739059299,0.9494773922488092,1.5,0.0492722083397878,12,unreviewed
2024-09-08,2024-09-05,2024-09-11,6.525528673470364,14.099917512450794,378.94903104976936,378.54542443947867,379.5433858120814,0.997961372602731,1.0,0.0658430250048966,9,unreviewed
2022-10-16,2022-10-13,2022-10-19,6.52369236404097,22.14232061525612,726.945326139831,725.0081676938571,729.2525817085989,4.244414014741778,4.0,0.1297422621640686,10,unreviewed
2018-01-11,2017-12-21,2018-02-01,6.510807884989369,3.368856597077021,1128.6080994809236,1124.072382998187,1135.0499740215018,10.977591023314744,1.75,0.1369207239751629,1,unreviewed
2023-02-19,2023-02-17,2023-02-21,6.500657193590711,3.795045324072277,130.18481594515808,126.06126585509628,133.5459720310755,7.484706175979227,2.0,0.1361813642537786,2,unreviewed
2021-11-24,2021-11-22,2021-11-27,6.497857103946549,18.284726795049252,178.382225769036,178.2047204892151,178.95319075789303,0.7484702686779201,0.75,0.0321074457595972,11,unreviewed
2025-02-24,2025-02-20,2025-02-28,6.4791441621749595,2.6781191206072426,567.0711735632234,563.4178166817874,571.1520202965476,7.73420361476019,1.25,0.1200062959059195,2,unreviewed
2024-12-16,2024-12-16,2024-12-17,6.4611758235747345,8.007391922587196,36.13388064535265,35.69932999834418,36.88213625783101,1.1828062594868245,1.25,0.0450947456118185,12,unreviewed
2023-10-01,2023-09-29,2023-10-03,6.460855852535273,4.768141459132536,34.18912754499787,33.83269882807508,35.015504385810345,1.1828055577352643,2.25,0.0672882703485716,10,unreviewed
2024-06-02,2024-05-29,2024-06-07,6.43656081950683,3.291878363247684,272.6993856223187,268.76968520414084,278.49980537733063,9.730120173189787,2.25,0.1313167642244569,6,unreviewed
2024-02-19,2024-02-16,2024-02-23,6.434999822390923,3.861801002221295,127.08854090233407,122.06942242896184,133.04699135338888,10.977568924427032,1.5,0.1362655476722455,2,unreviewed
2025-02-15,2025-02-10,2025-02-20,6.434637126173676,3.150150514789407,365.2945257460622,358.33670774195343,372.30816564243287,13.971457900479436,1.75,0.1353972732618151,2,unreviewed
2023-08-18,2023-08-15,2023-08-22,6.43124050572612,8.073787253798743,400.9212095220268,399.0036315629259,403.2449681730941,4.241336610168219,3.75,0.1400051889621918,8,unreviewed
2020-02-23,2020-02-23,2020-02-24,6.430744269938605,27.991823089129035,577.4703311521195,577.1397911468521,578.1377527881414,0.9979616412892938,1.25,0.0565086215343418,2,unreviewed
2024-05-12,2024-05-10,2024-05-14,6.4184656151962205,4.065530540008905,34.77661059558395,34.066027695313096,35.715490986127406,1.6494632908143103,2.25,0.0500480088785106,5,unreviewed
2024-11-15,2024-11-12,2024-11-19,6.401318722714847,3.4646630167550017,743.9140489562311,739.2400851775892,748.9775205901824,9.737435412593186,2.0,0.1438390068267982,11,unreviewed
2024-02-03,2024-01-30,2024-02-08,6.401040291775245,2.668724160108994,906.2005867272444,901.319924782496,912.5444736969656,11.22454891446978,1.5,0.1246803790891558,2,unreviewed
2023-01-21,2023-01-20,2023-01-23,6.399037260593711,3.77561107926439,1295.9277646035068,1289.15423175646,1304.5723461899906,15.418114433530718,1.25,0.1255375376003981,1,unreviewed
2023-06-16,2023-06-12,2023-06-21,6.397917611445686,14.498540154168763,380.9180605837269,380.5413468661718,381.53930823970586,0.9979613735340536,0.75,0.0571654931048277,6,unreviewed
2018-02-15,2018-02-01,2018-03-01,6.390928146595376,25.767397064174062,783.395389491613,782.9345706142485,784.1827916842885,1.2482210700400174,1.25,0.067898217210177,2,unreviewed
2023-06-09,2023-06-06,2023-06-12,6.371797246551774,23.873938718123615,240.57547791221208,240.3277937071398,241.07626431481913,0.7484706076793373,1.0,0.0425901959701268,6,unreviewed
2024-02-03,2024-01-30,2024-02-08,6.369660239192312,3.113063039716338,420.5755625655424,415.9689786764793,425.69910373725,9.73012506077066,1.75,0.122164810208269,2,unreviewed
2021-01-06,2020-12-17,2021-01-26,6.360557530913547,3.662463258719618,728.228012574156,723.5100702214986,733.2475056336261,9.737435412127525,1.75,0.1465980845360538,1,unreviewed
2019-12-11,2019-12-11,2019-12-11,6.359151841378195,15.529653409691663,35.64778197328131,35.232672029640526,36.415478290524334,1.182806260883808,1.75,0.0525981485776417,12,unreviewed
2025-04-25,2025-04-21,2025-04-29,6.353959204150659,3.361183654018242,927.4314287379698,922.2723104502074,932.4991263803096,10.22681593010202,2.75,0.1331237261324826,4,unreviewed
2019-09-13,2019-09-11,2019-09-16,6.348955181430595,11.49668069542562,38.5013091930508,38.26594917429611,38.982096997555345,0.7161478232592344,0.75,0.0371258355553789,9,unreviewed
2019-03-11,2019-03-08,2019-03-15,6.3477395409707285,14.590407512286609,380.00556058192234,379.5433859014883,380.5413465285674,0.99796062707901,1.0,0.0507542476815447,3,unreviewed
2022-09-27,2022-09-26,2022-09-28,6.333038087971651,14.843880420253344,42.14358764754466,41.765883116517216,42.71536027593538,0.9494771594181656,1.5,0.0377843243219005,9,unreviewed
2022-09-27,2022-09-26,2022-09-28,6.316145363518699,13.527709165083603,35.20602276891373,34.76601429656148,35.94882008759305,1.1828057910315692,2.0,0.0498784895570456,9,unreviewed
2025-08-01,2025-07-28,2025-08-05,6.312835440877157,11.685313364588511,362.6243598714844,360.3326301705092,365.0729459701106,4.740315799601376,5.0,0.1389298242345789,8,unreviewed
2023-05-06,2023-05-02,2023-05-10,6.310545121857852,11.283262258356636,1099.9680818342392,1097.3768765050918,1101.8677084320225,4.490831926930696,4.25,0.1336417939531063,5,unreviewed
2024-09-14,2024-09-11,2024-09-17,6.297691205342184,8.665626330854025,31.40055504992243,31.03275148803368,31.982228178996593,0.9494766909629108,1.75,0.082993794192263,9,unreviewed
2024-09-14,2024-09-11,2024-09-17,6.292968981677926,29.11552713267652,538.9862515954621,538.2192804138176,539.4667325727642,1.247452158946544,1.75,0.0520808763431138,9,unreviewed
2023-02-04,2023-02-03,2023-02-06,6.291453828365918,20.520353401845032,564.8299233715303,561.9208735777065,568.4076253529638,6.486751775257289,2.75,0.1475185107303675,2,unreviewed
2021-12-19,2021-12-17,2021-12-21,6.291246252611662,28.523947741585417,566.9482923125853,566.4117018929683,567.6591540519148,1.247452158946544,1.25,0.0543933142488367,12,unreviewed
2024-03-23,2024-03-22,2024-03-25,6.287336119187909,25.371991482791483,242.6894714551918,242.3237157780677,243.32167701702565,0.9979612389579416,1.0,0.0571661808778544,3,unreviewed
2021-11-20,2021-11-18,2021-11-22,6.277893543035063,34.349610448280046,285.1268640063322,284.4875726294704,285.7350232549943,1.2474506255239248,2.25,0.0682655103125819,11,unreviewed
2023-02-02,2023-02-02,2023-02-03,6.276953651496339,15.47327404879189,419.4272265922603,413.9730551443063,425.69910373725,11.726048592943698,2.25,0.1332809101517717,2,unreviewed
2025-02-15,2025-02-10,2025-02-20,6.269501694393088,23.16393249608629,1014.2078890838764,1011.5693845245988,1017.306405026,5.737020501401275,3.75,0.1538548855537342,2,unreviewed
2024-04-21,2024-04-16,2024-04-26,6.266223207502791,2.2511611815092905,539.2608011507251,534.227433134336,543.9575608880259,9.730127753689883,1.5,0.1389841917629158,4,unreviewed
2024-05-26,2024-05-24,2024-05-29,6.26004963761685,14.414815228746326,278.234698359454,276.5038833511062,280.9947079648264,4.490824613720179,2.25,0.0980190026994886,5,unreviewed
2020-10-30,2020-10-20,2020-11-09,6.252012688626832,8.337214556751448,659.4626343160123,659.1485239677131,660.1455724779516,0.9970485102385284,1.0,0.045880591354423,10,unreviewed
2019-12-10,2019-12-10,2019-12-11,6.248141849892136,7.297540548955579,31.229815834840828,31.03275148803368,31.748899311758574,0.7161478237248957,1.75,0.0570199900739163,12,unreviewed
2022-07-15,2022-07-12,2022-07-18,6.230057560772932,16.93375133216165,124.3763882146902,123.56636371416973,125.31279483856632,1.7464311243966222,1.25,0.2340086827518825,7,unreviewed
2024-05-05,2024-05-01,2024-05-10,6.2296289991721245,3.0568628833847016,261.22725988919285,254.2992491968907,268.7696851589717,14.470435962080956,1.5,0.1308175971501452,5,unreviewed
2023-02-25,2023-02-21,2023-03-02,6.221636708908082,3.356179509959339,1047.058799441039,1041.5013680439442,1051.97761921864,10.47625117469579,1.75,0.1234932382327836,2,unreviewed
2024-11-15,2024-11-12,2024-11-19,6.220125734555068,3.691723762776783,450.7809876618936,445.15935401106253,454.8894795700908,9.730125559028238,2.0,0.1364387772503626,11,unreviewed
2025-09-26,2025-09-23,2025-09-30,6.210337240393479,4.657603490582561,34.29046314486427,33.83269882807508,35.24883325304836,1.4161344249732792,2.5,0.0524216808897611,9,unreviewed
2025-02-24,2025-02-20,2025-02-28,6.207905273376004,3.149351017968151,953.314926095798,947.465059299022,958.9390414594671,11.473982160445305,1.5,0.1234912752913885,2,unreviewed
2019-07-19,2019-07-16,2019-07-22,6.205296293140205,25.74595065357854,579.2598884026646,578.8862247671932,579.8841856615618,0.9979608943685888,0.75,0.0441941124099053,7,unreviewed
2023-01-21,2023-01-20,2023-01-23,6.203463726062149,5.5222504754983746,1010.5451954665466,1008.326753326226,1013.5649073356764,5.238154009450227,4.0,0.1482239948419183,1,unreviewed
2023-11-12,2023-11-09,2023-11-16,6.1992671156434165,2.9786602299467857,629.4977506499357,627.0035022045486,632.2367168352939,5.233214630745351,1.5,0.1170830672224991,11,unreviewed
2023-11-21,2023-11-16,2023-11-27,6.197909078715114,1.718478909712316,596.257559751972,588.3668614355847,603.8294889139943,15.46262747840956,1.25,0.1335872777170879,11,unreviewed
2023-04-21,2023-04-17,2023-04-25,6.195217454887252,13.191662782406098,421.56012171141066,419.71133427135646,423.7031799554825,3.991845684126019,4.5,0.1548465278566927,4,unreviewed
2023-02-02,2023-02-02,2023-02-03,6.190598145884808,24.461633204825105,281.75760925040095,278.25031528808177,285.9845136394724,7.73419835139066,2.75,0.1494564989765158,2,unreviewed
2025-10-03,2025-09-30,2025-10-06,6.19041233814084,25.874620185204837,243.25291510275693,242.82269654469565,244.0701479185373,1.2474513738416135,1.25,0.0535423159532984,10,unreviewed
2023-01-21,2023-01-20,2023-01-23,6.187976815889593,6.75495717255548,1020.2041278873336,1017.3063481827268,1023.7916676723398,6.485319489613175,4.75,0.1503053521637492,1,unreviewed
2024-09-14,2024-09-11,2024-09-17,6.1736079331794835,14.476408019793167,78.94620903052684,78.63185815140605,79.58133484143764,0.949476690031588,0.75,0.0352412742614823,9,unreviewed
2022-01-17,2022-01-14,2022-01-20,6.165161321462919,2.663100411629665,109.84948146064023,102.85867556463928,116.83012755680828,13.971451992169024,1.25,0.1310068574163223,1,unreviewed
2024-01-03,2023-12-28,2024-01-10,6.165061088819563,4.319387693852309,914.1535520382076,910.2995186406188,918.7803028477356,8.480784207116812,2.25,0.1442013033511066,1,unreviewed
2020-06-21,2020-06-19,2020-06-24,6.156173378625206,19.745118010888884,996.605573417116,994.3584940512663,999.34721506387,4.9887210126034915,4.5,0.1513849996725878,6,unreviewed
2021-11-16,2021-11-15,2021-11-18,6.142838944197644,29.500755942704725,774.4460242982583,774.195673527196,774.9445291063748,0.7488555791787803,0.75,0.042692908365702,11,unreviewed
2024-06-30,2024-06-27,2024-07-03,6.119043826935534,25.12086633375737,241.94493308837377,241.57524462789297,242.57320586731657,0.9979612394236028,1.0,0.0477256075581309,6,unreviewed
2023-02-02,2023-02-02,2023-02-03,6.112938180726392,16.082051663500053,390.9733724130392,390.2714705681428,392.0179022299126,1.7464316617697475,1.5,0.086054622093326,2,unreviewed
2025-11-07,2025-11-05,2025-11-10,6.096939628753306,0.3570006509435612,36.547587048565035,35.46600089687854,38.04878106107935,2.5827801642008126,1.25,0.0441528088513836,11,unreviewed
2023-10-29,2023-10-26,2023-11-01,6.094238212439443,2.963051400185364,347.92103194823414,343.11779686575755,353.34690083609894,10.229103970341384,1.5,0.1230281995713638,10,unreviewed
2024-04-06,2024-04-04,2024-04-09,6.0921390652010246,2.4084522093845697,643.8789124118875,638.9644406568259,649.4305654708296,10.466124814003706,1.75,0.1340045663419952,4,unreviewed
2025-03-03,2025-02-28,2025-03-07,6.091063887661407,20.037705217628467,416.860637372142,414.2225453671999,420.2103145844303,5.98776921723038,2.5,0.1207268887179053,3,unreviewed
2022-06-23,2022-06-15,2022-07-01,6.08671989097245,28.880506726541036,1018.8878805504904,1018.3040806660428,1019.8007364855148,1.4966558194719255,2.25,0.0430431112378167,6,unreviewed
2023-02-04,2023-02-03,2023-02-06,6.084022840735147,21.959744464918195,707.9939373325082,705.0335455653258,711.0257392977364,5.992193732410669,3.25,0.1438425609403848,2,unreviewed
2018-03-13,2018-03-01,2018-03-26,6.072518915092405,28.62390744429271,567.0827202009147,566.6611924101599,567.6591540519148,0.997961641754955,1.5,0.1040530919833947,3,unreviewed
2021-01-06,2020-12-17,2021-01-26,6.065270417156935,3.6722109184849896,760.2470197915878,756.4681966071948,764.457852802705,7.989656195510179,2.0,0.1386348774191977,1,unreviewed
2019-11-29,2019-11-26,2019-12-02,6.058875050581652,4.6818467726603465,953.0506557388982,947.9639257905072,957.4424427328632,9.478516942355782,2.5,0.1461731225947839,11,unreviewed
2025-11-07,2025-11-05,2025-11-10,6.050015158532247,3.727441752870087,941.340128095496,934.9934009974822,946.9662499004044,11.972848902922124,2.0,0.1399676700141628,11,unreviewed
2022-11-04,2022-11-01,2022-11-07,6.041275458333337,48.472637835672835,1019.253652207501,1016.5580484452656,1022.0456356992944,5.487587254028767,3.25,0.1307646274740139,11,unreviewed
2024-03-15,2024-03-09,2024-03-22,6.019564706021856,3.0325767912821275,419.355573937404,413.7235649218783,424.7011418463662,10.977576924487948,1.5,0.1238753649264128,3,unreviewed
2023-01-05,2023-01-04,2023-01-06,6.01937945963059,3.4754459553679,618.665976487815,616.0393090588041,621.7708959695883,5.7315869107842445,2.25,0.1317415625872773,1,unreviewed
2023-01-05,2023-01-04,2023-01-06,6.013912944657577,4.159524043472308,1157.4949700752857,1154.2607599846087,1160.9970084265806,6.7362484419718385,2.25,0.1413152590234318,1,unreviewed
2020-04-12,2020-04-08,2020-04-16,6.005505003904847,11.409801717132646,1001.399667154398,999.5965909673832,1004.086445988156,4.489855020772666,4.75,0.1561116435858314,4,unreviewed
2021-11-20,2021-11-18,2021-11-22,6.00470501393367,24.538252152970493,190.97012115383816,190.6792309479788,191.42770171444863,0.7484707664698362,1.25,0.0329741364332202,11,unreviewed
2023-02-04,2023-02-03,2023-02-06,5.992260448281937,14.608941420778471,299.66309284974955,296.46310505177826,303.1993432417512,6.736238189972937,2.25,0.134477010645951,2,unreviewed
2025-01-04,2024-12-30,2025-01-10,5.97670586392267,2.7034075513475733,568.4592981650422,566.162211375311,571.1520202965476,4.989808921236545,1.25,0.1044828497473913,1,unreviewed
2023-10-22,2023-10-18,2023-10-26,5.976390945057518,2.940149294876022,628.8828553271902,626.754315815866,631.2399722752161,4.485656459350139,1.25,0.1025300502161709,10,unreviewed
2019-08-16,2019-08-13,2019-08-19,5.970706375746504,24.382943237795576,579.5889302197858,579.3852053037845,580.1336759296246,0.7484706258401275,1.25,0.0304434421222842,8,unreviewed
2022-09-27,2022-09-26,2022-09-28,5.959264822626074,32.26091421180539,951.0828783870712,949.7099575125612,952.9526455542072,3.2426880416460335,12.5,0.1532179854248666,9,unreviewed
2022-01-27,2022-01-20,2022-02-03,5.951526513272887,3.300519846431076,536.8264817489207,533.4789620810188,539.4667325727642,5.987770491745323,1.75,0.1050006573295724,1,unreviewed
2025-02-03,2025-01-28,2025-02-10,5.946639938012336,27.49933685194256,284.98667091581467,284.73706276295707,285.48553312011063,0.7484703571535647,0.75,0.0435424827851904,2,unreviewed
2022-07-15,2022-07-12,2022-07-18,5.917361527568714,0.6388226172285129,33.27601722944737,31.266080355271697,34.54884665179998,3.28276629652828,1.25,0.1113589591005684,7,unreviewed
2025-05-23,2025-05-19,2025-05-27,5.915221027348004,14.866352857962458,82.46278973994478,81.89846392907202,83.08126972010359,1.1828057910315692,1.25,0.0372001931137942,5,unreviewed
2022-06-10,2022-06-06,2022-06-15,5.913772425517301,1.7642148614633884,596.9325047955963,591.1112568774261,603.3311166325584,12.219859755132347,1.25,0.1274161468693447,6,unreviewed
2019-10-26,2019-10-24,2019-10-29,5.912391747363399,1.8687522357596016,598.8334172930147,590.1132950568572,607.5672820084728,17.45398695161566,1.0,0.127474365926631,10,unreviewed
2024-03-15,2024-03-09,2024-03-22,5.910627415824752,2.8106273042010916,610.8076149883967,607.5669780592434,616.5379855362698,8.971007477026433,1.75,0.1422642222218151,3,unreviewed
2022-09-19,2022-09-13,2022-09-26,5.909048018814764,19.5023803489624,829.5933256056336,825.5691692498513,833.0431900024414,7.47402075259015,3.75,0.1501865793385778,9,unreviewed
2025-03-03,2025-02-28,2025-03-07,5.905828037350394,2.9290759837410607,96.50400583546036,92.63159579178318,100.6132637616247,7.98166796984151,1.75,0.1212955022794526,3,unreviewed
2024-02-03,2024-01-30,2024-02-08,5.9028021591754625,7.210864072563261,850.0140600949237,845.9971505035646,853.9694147501141,7.972264246549457,3.5,0.149842425151406,2,unreviewed
2021-01-06,2020-12-17,2021-01-26,5.897771066780715,4.7592758668826916,34.4055630815957,33.83269882807508,35.015504385810345,1.1828055577352643,1.75,0.0615213715913046,1,unreviewed
2024-02-03,2024-01-30,2024-02-08,5.891187958913272,8.436843758852081,963.1926913818104,960.4355835928582,967.1703355787322,6.734751985874027,4.0,0.14703293553814,2,unreviewed
2024-02-12,2024-02-08,2024-02-16,5.8869492470419775,8.190298995704735,955.4017509110292,953.2020219573752,957.6918757292442,4.489853771869093,3.75,0.1425885090627457,2,unreviewed
2021-11-16,2021-11-15,2021-11-18,5.885340223083889,2.8893934954042004,166.30931634557163,165.2312293527648,167.47664115577936,2.2454118030145764,1.25,0.0763418096211782,11,unreviewed
2022-09-27,2022-09-26,2022-09-28,5.885074079531184,23.771787976621955,874.6197358101601,871.905810192693,877.3868559682742,5.481045775581151,4.25,0.1664173981962112,9,unreviewed
2023-12-24,2023-12-21,2023-12-28,5.878662558472622,4.371290265119019,989.220650475958,986.3766316799448,992.6125186723656,6.235886992421001,3.0,0.1381359334064081,12,unreviewed
2021-11-20,2021-11-18,2021-11-22,5.851791914507817,22.173300253687827,644.5181226414975,643.9481647014618,645.443586235866,1.4954215344041586,1.25,0.0532445288212016,11,unreviewed
2019-10-20,2019-10-17,2019-10-24,5.8449348665223795,0.3809035810048764,35.58431495322077,34.29935656255111,36.88213625783101,2.5827796952798963,1.25,0.0776054680150387,10,unreviewed
2023-05-06,2023-05-02,2023-05-10,5.840795202216518,2.416231902697845,505.2050328778558,499.5482601975091,510.2763490243815,10.728088826872408,2.0,0.140518795552372,5,unreviewed
2025-10-11,2025-10-06,2025-10-17,5.838485360597731,4.475686460016907,153.14924820103053,152.50722830649465,154.00416984036565,1.496941533870995,1.5,0.0572135479920872,10,unreviewed
2021-11-16,2021-11-15,2021-11-18,5.834536556210144,16.78298712853865,129.55665399796587,129.05514817638323,130.5520894601941,1.4969412838108838,1.5,0.0637416441937589,11,unreviewed
2021-11-20,2021-11-18,2021-11-22,5.828646718928201,23.803333183518912,882.8742270685906,882.119800819084,883.6148996432312,1.495098824147135,1.25,0.0478957477341659,11,unreviewed
2019-07-26,2019-07-22,2019-07-31,5.8182666837650014,1.7508011414355933,599.2960028926452,594.1051423372701,604.8262334726751,10.721091135405004,1.5,0.1296203367360505,7,unreviewed
2021-11-24,2021-11-22,2021-11-27,5.800894065125379,22.497213291901424,793.9215294837459,793.6709296642803,794.419785243459,0.7488555791787803,0.75,0.0404055165512268,11,unreviewed
2025-06-14,2025-06-13,2025-06-16,5.799140773523183,13.977186962125344,378.4047232202309,378.0464435820468,379.0444049555808,0.9979613735340536,1.25,0.0658392478297879,6,unreviewed
2023-03-19,2023-03-17,2023-03-22,5.796549818946334,36.507565690188834,1104.4611281889906,1103.8636356047357,1105.360579175409,1.4969435706734655,1.25,0.0604419657324484,3,unreviewed
2023-12-10,2023-12-08,2023-12-13,5.785962145656358,2.7616883648321844,629.3762122019729,627.0035022045486,631.9875306948088,4.984028490260243,1.5,0.1068624328889793,12,unreviewed
2025-02-24,2025-02-20,2025-02-28,5.770024781127663,2.8226833177309003,623.8334726188599,622.2689643003978,626.2562474845909,3.9872831841930743,1.5,0.0979041706278755,2,unreviewed
2025-06-14,2025-06-13,2025-06-16,5.764299482559579,11.972169195829048,114.0966929336828,113.5867551472038,114.8342058439739,1.2474506967701018,1.25,0.0440096293779947,6,unreviewed
2024-01-28,2024-01-26,2024-01-30,5.750729279997677,2.5730159514687476,300.01996646368315,295.46514451503754,305.4447565958835,9.979612080845982,1.5,0.1251894277888997,1,unreviewed
2018-10-22,2018-10-08,2018-11-05,5.747723236284839,12.630238298924356,34.37027662513066,33.36604086123407,35.48216211888939,2.1161212576553226,2.75,0.0755815862120869,10,unreviewed
2021-06-22,2021-06-01,2021-07-14,5.747155084979097,1.387100611608645,30.37389055144944,29.399448483251035,31.282241577282548,1.8827930940315127,1.75,0.0942292171793585,6,unreviewed
2025-01-19,2025-01-14,2025-01-24,5.746745359880029,0.2509556269356607,32.32212876385826,31.966066955123097,32.91554364655167,0.949476691428572,0.75,0.1839567405551976,1,unreviewed
2019-11-29,2019-11-26,2019-12-02,5.736707126139102,27.835842106287465,577.1304461821513,576.8903006301261,577.6387717537582,0.7484711236320436,1.25,0.0433201945429641,11,unreviewed
2023-02-25,2023-02-21,2023-03-02,5.730927625849128,8.676244352704078,265.7856510039814,262.78191824490204,269.26866542734206,6.486747182440013,3.5,0.143882771497448,2,unreviewed
2019-06-13,2019-06-10,2019-06-17,5.712142955676882,5.709151169652071,31.637958463103896,31.266080355271697,32.21555704437196,0.9494766891002656,1.25,0.0396830537401469,6,unreviewed
2025-07-06,2025-07-01,2025-07-11,5.710346564661767,2.511155241149159,504.0237139328422,499.2987696812488,508.030935365241,8.732165683992207,2.25,0.135603367237532,7,unreviewed
2025-07-18,2025-07-14,2025-07-22,5.706072238080234,14.493944880921472,378.32978466694186,377.7969531547278,379.0444049555808,1.247451800853014,1.25,0.0411948420535772,7,unreviewed
2024-01-18,2024-01-10,2024-01-26,5.702147946093916,3.6401834114769,1181.5097892788626,1176.714923892636,1185.6965893474407,8.981665454804897,2.25,0.1278192636522101,1,unreviewed
2021-02-22,2021-02-08,2021-03-08,5.702011163152483,4.0702838228615095,997.5531149734386,994.8573600430972,1000.344947298523,5.487587255425751,2.75,0.1360924816725779,2,unreviewed
2021-11-24,2021-11-22,2021-11-27,5.701386814204139,12.408629879913962,115.2045370745838,114.83420584490524,115.83216694975272,0.9979611048474908,1.5,0.0381178161683126,11,unreviewed
2021-09-21,2021-09-08,2021-10-05,5.700383864045358,28.388005149216212,567.0579432784813,566.6611924101599,567.6591540519148,0.997961641754955,1.5,0.0487388570872035,9,unreviewed
2021-11-06,2021-11-04,2021-11-08,5.697728665770527,5.226629732157576,89.47637009708555,87.73168771108612,91.7144406088628,3.9827528977766633,3.75,0.131170078967478,11,unreviewed
2024-11-15,2024-11-12,2024-11-19,5.684798530032594,3.7888792845941817,229.88521038942292,225.1088867993094,234.09053656924516,8.981649769935757,2.0,0.1327628274603799,11,unreviewed
2024-10-13,2024-10-09,2024-10-18,5.680359415247111,1.911115152441097,546.7873810555965,540.4646945716813,553.4381975554861,12.973502983804792,1.25,0.1280896885709208,10,unreviewed
2024-01-28,2024-01-26,2024-01-30,5.678813512281602,2.5790719899527628,644.9004328780024,640.4595574960113,649.6797516117804,9.220194115769118,1.75,0.1262073169976335,1,unreviewed
2018-12-22,2018-12-18,2018-12-26,5.674992509192234,3.786383454265846,1010.8151142452656,1006.081854112912,1016.0592387956568,9.97738468274474,1.75,0.1351358005455276,12,unreviewed
2023-06-04,2023-06-02,2023-06-06,5.670514910560484,5.338680310672752,107.78284457412386,106.6010289019905,108.59695061529057,1.9959217133000493,1.0,0.0553341394193528,6,unreviewed
2024-11-15,2024-11-12,2024-11-19,5.664266119412635,4.10704613692559,998.883254407556,996.8528260109016,1001.8415467739104,4.9887207630090415,3.5,0.1318697337379161,11,unreviewed
2025-06-14,2025-06-13,2025-06-16,5.663284687774053,25.846743311370595,286.37629137428655,285.98451393283904,286.98247492313385,0.997960990294814,1.0,0.0426573077467637,6,unreviewed
2018-01-11,2017-12-21,2018-02-01,5.658288835854411,18.007532673932822,916.7592896230092,914.5398823227732,918.7803028477356,4.240420524962246,4.25,0.143322009701481,1,unreviewed
2025-10-03,2025-09-30,2025-10-06,5.6516283236867775,1.7117243315859678,582.3864868496138,569.4055871050805,592.8576893224381,23.45210221735761,1.25,0.1170330345230764,10,unreviewed
2021-11-20,2021-11-18,2021-11-22,5.646900049887856,14.67589401277251,126.63661268597956,126.06126585509628,127.5582068907097,1.4969410356134176,1.5,0.0417530832543436,11,unreviewed
2024-09-20,2024-09-17,2024-09-24,5.641046388668855,7.969162177286219,35.707252798680294,35.232672029640526,36.415478290524334,1.182806260883808,1.25,0.0477647660083478,9,unreviewed
2019-10-03,2019-09-30,2019-10-07,5.62905527125433,24.748984448131033,576.8903398026621,576.6408101134002,577.3892812361009,0.748471122700721,0.75,0.0757811965328927,10,unreviewed
2018-11-30,2018-11-27,2018-12-04,5.623966920884099,0.4421094136260807,33.80465857214897,32.6660535573028,35.015504385810345,2.3494508285075426,1.25,0.097112257611868,11,unreviewed
2023-08-04,2023-08-01,2023-08-07,5.608419945972557,34.11002896301658,1046.3003302134816,1045.7417322252877,1046.9889552989043,1.247223073616624,1.5,0.087739390899507,8,unreviewed
2018-03-13,2018-03-01,2018-03-26,5.602560047501324,0.9945845310900172,40.13938784783897,39.89925124309957,40.61539930058643,0.7161480574868619,0.75,0.0414193014279527,3,unreviewed
2021-11-16,2021-11-15,2021-11-18,5.59833181421378,2.8418223863306427,42.29895261511467,41.99921198328957,42.9486893764697,0.949477393180132,1.0,0.052674963530493,11,unreviewed
2021-11-20,2021-11-18,2021-11-22,5.592508091805487,29.62840456727919,537.0994529154822,536.7223383062519,537.7202994497493,0.9979611434973776,1.0,0.0770758381721826,11,unreviewed
2023-02-04,2023-02-03,2023-02-06,5.582957548816519,15.753033787696909,238.06027673511687,235.08849764987824,241.57524458272383,6.486746932845563,3.0,0.1395301125322744,2,unreviewed
2018-12-22,2018-12-18,2018-12-26,5.580698228940804,1.7199777110954633,543.1280608357481,539.4667330007069,547.6999176507816,8.23318465007469,1.5,0.1241670104312659,12,unreviewed
2023-12-02,2023-11-27,2023-12-08,5.58062799748068,24.90722614446846,542.291964621515,541.4626561431214,542.9595988183282,1.4969426752068102,1.25,0.0578536899484103,12,unreviewed
2024-06-30,2024-06-27,2024-07-03,5.578882814306382,26.35438085893654,244.0849849519337,243.57116769393903,244.81861832085997,1.2474506269209087,1.0,0.0735717647204159,6,unreviewed
2018-02-15,2018-02-01,2018-03-01,5.561324325550271,11.987228061399874,669.6108459757,669.1159720560536,670.3622072027065,1.2462351466529071,1.25,0.0714451482157367,2,unreviewed
2019-10-03,2019-09-30,2019-10-07,5.559415975857607,19.71569300952939,1012.2964364264502,1010.0727850487456,1015.31093905773,5.238154008984566,4.0,0.1410004597325775,10,unreviewed
2019-12-10,2019-12-10,2019-12-11,5.557179671442625,7.891672325318813,31.828508002242216,31.266080355271697,32.448885911144316,1.1828055558726192,1.75,0.0451433544351913,12,unreviewed
2022-10-01,2022-09-28,2022-10-05,5.556306456130254,24.749742514250816,577.1404148272446,576.8903006301261,577.6387717537582,0.7484711236320436,0.75,0.0339740245771149,10,unreviewed
2024-02-03,2024-01-30,2024-02-08,5.553797271930156,3.603981375900244,103.1671459712376,100.11428358219564,106.35153881181031,6.237255229614675,1.5,0.105951100169386,2,unreviewed
2019-01-04,2019-01-02,2019-01-07,5.552622734962496,11.624837318309291,115.58842739483066,115.08369618328288,116.33114737831056,1.2474511950276792,1.0,0.0430901103005379,1,unreviewed
2022-06-23,2022-06-15,2022-07-01,5.551286091809344,30.79101267936232,1018.5534291300512,1017.8052146751434,1019.5513032400048,1.7460885648615658,2.0,0.0352012718951732,6,unreviewed
2025-01-26,2025-01-24,2025-01-28,5.550562383432955,2.1168490140189897,59.98743060540003,54.365646617952734,66.04825587244704,11.68260925449431,1.25,0.1169578702254892,1,unreviewed
2023-05-12,2023-05-10,2023-05-15,5.547727739411431,26.23438983008163,245.5966380744621,245.06810899777335,246.56505025643855,1.4969412586651742,2.0,0.0984610660241248,5,unreviewed
2019-12-10,2019-12-10,2019-12-11,5.5466599218294474,30.698646735772805,566.0554987541866,565.4137398237363,566.9106824994087,1.4969426756724715,1.75,0.12394764429498,12,unreviewed
2023-05-12,2023-05-10,2023-05-15,5.545406857856195,25.82505194985594,244.54094068573517,244.07014796324071,245.31759908702224,1.2474511237815022,1.5,0.0671414215131431,5,unreviewed
2023-09-09,2023-09-05,2023-09-14,5.541310667198384,35.10281565927859,1219.0628313473214,1218.1230872021988,1220.6174764991738,2.494389296974987,4.75,0.1236509352935737,9,unreviewed
2022-06-23,2022-06-15,2022-07-01,5.52691091008973,28.22795131908105,1024.198973736,1023.542177583091,1025.038833652157,1.4966560690663755,1.75,0.0431831864383553,6,unreviewed
2023-12-24,2023-12-21,2023-12-28,5.524296253954401,11.87452530157428,377.4237127102689,377.0484821200371,378.2959336712957,1.247451551258564,1.25,0.1014770213823113,12,unreviewed
2018-12-14,2018-12-10,2018-12-18,5.515973638812193,7.614420332607701,276.7837939146718,274.50796128064394,279.4977666605264,4.989805379882455,3.75,0.1355895225523893,12,unreviewed
2018-11-24,2018-11-21,2018-11-27,5.515766811528207,5.43998581858463,104.30374953183804,103.60714658070356,105.35357770649716,1.746431125793606,1.25,0.0891219856969886,11,unreviewed
2019-11-01,2019-10-29,2019-11-05,5.508407041012932,41.04324621739115,1030.0121014974468,1028.780274498742,1031.0252305557951,2.2449560570530593,2.5,0.1013235401842903,11,unreviewed
2019-10-26,2019-10-24,2019-10-29,5.507276663791066,16.86859077232036,29.97256809675839,29.632777349557728,30.58225450804457,0.9494771584868432,1.0,0.051139355964187,10,unreviewed
2020-08-17,2020-08-14,2020-08-20,5.495748974217323,5.085379977914397,31.49977897714766,31.266080355271697,31.982228178996593,0.7161478237248957,1.75,0.0527148952606534,8,unreviewed
2025-02-15,2025-02-10,2025-02-20,5.491264452235597,2.173346887733197,571.1929234185887,564.6652685208246,578.8862243397161,14.220955818891523,1.25,0.1319296926750754,2,unreviewed
2024-07-26,2024-07-23,2024-07-29,5.490631308761606,27.998463245054364,532.9796488432581,532.7304910263047,533.4789619012736,0.7484708749689162,0.75,0.0358643482936675,7,unreviewed
2025-06-28,2025-06-25,2025-07-01,5.488790071902949,1.355358821629013,37.24056321828016,36.86597503628582,38.04878106107935,1.1828060247935357,1.0,0.0362438874736395,6,unreviewed
2023-02-02,2023-02-02,2023-02-03,5.485742238600163,19.32076428349268,629.8005476593456,626.2559435358271,633.9810198158957,7.725076280068606,2.5,0.1320618491915769,2,unreviewed
2023-04-11,2023-04-06,2023-04-17,5.485730075958312,26.510553083663453,776.475147029848,775.4440872534178,777.6910393051803,2.2469520517624915,3.0,0.0763471705330943,4,unreviewed
2021-02-22,2021-02-08,2021-03-08,5.482259107464159,3.8501652577555774,990.956509431088,988.1226644013076,993.6102516567336,5.487587255425751,2.5,0.1331169599329768,2,unreviewed
2019-12-26,2019-12-22,2019-12-30,5.479360843469877,16.053906996433906,747.044841069151,744.2337408345193,750.4756170618348,6.241876227315515,2.5,0.1398867284231514,12,unreviewed
2019-09-03,2019-09-01,2019-09-05,5.469367268454926,28.488387019631823,567.1584768902989,566.6611924101599,567.9086445686407,1.2474521584808826,1.5,0.0570346303451547,9,unreviewed
2022-11-17,2022-11-14,2022-11-21,5.466355299352467,5.984500363074399,31.56734770310554,31.03275148803368,32.21555704437196,1.1828055563382804,1.25,0.0540784220156815,11,unreviewed
2022-07-31,2022-07-29,2022-08-02,5.4660501106007935,3.9430960133106727,63.25562366466577,56.46560735721141,70.71483508637175,14.24922772916034,1.5,0.134202228592174,7,unreviewed
2023-05-12,2023-05-10,2023-05-15,5.462178211533218,5.372319721943187,109.22229598441068,108.84644070547074,109.84440181031825,0.9979611048474908,1.0,0.0495379787080692,5,unreviewed
2024-03-03,2024-02-27,2024-03-08,5.460330612677287,2.717412827226877,490.96198894878256,486.574759516865,495.8059041313827,9.231144614517689,1.5,0.114247561200364,3,unreviewed
2019-02-02,2019-01-30,2019-02-06,5.459310011094693,2.138671344206908,1026.807509741737,1023.0433115903288,1031.0252305557951,7.98191896546632,1.5,0.1139234156317307,2,unreviewed
2023-10-29,2023-10-26,2023-11-01,5.45783147045328,2.7558721977496288,325.03927708210716,320.41417663684115,329.894809323363,9.480632686521858,1.5,0.1188424352370778,10,unreviewed
2023-01-21,2023-01-20,2023-01-23,5.448659591047269,27.49910396142347,533.4769316688171,533.2294718120247,533.9779424373992,0.7484706253744662,0.75,0.0352026474412266,1,unreviewed
2023-02-04,2023-02-03,2023-02-06,5.420583598088782,15.420248596550715,340.67335492722736,337.37951976154,344.864229273051,7.484709511511028,3.5,0.1431476796865212,2,unreviewed
2025-10-31,2025-10-27,2025-11-05,5.41749434943118,0.5584282537424388,36.85600330670109,33.36604086123407,38.982096997555345,5.616056136321276,1.5,0.1270655982518707,10,unreviewed
2024-01-03,2023-12-28,2024-01-10,5.412712934243247,4.74939276904529,1029.0918404558208,1026.784809530247,1032.7712632780897,5.986453747842461,3.0,0.1391342229427273,1,unreviewed
2020-07-05,2020-07-02,2020-07-08,5.3947260710038965,28.748693232197223,567.0491660968949,566.6611924101599,567.6591540519148,0.997961641754955,1.25,0.0575577765330998,7,unreviewed
2019-01-21,2019-01-19,2019-01-23,5.391896978136859,2.8612466712425895,116.98024270691532,112.83828413207084,121.07146107312292,8.23317694105208,1.75,0.123260339697486,1,unreviewed
2022-11-17,2022-11-14,2022-11-21,5.377065291311191,20.62028337452012,529.7920594109178,529.2376245325431,530.4850759427063,1.247451410163194,1.0,0.0491618449340022,11,unreviewed
2025-02-24,2025-02-20,2025-02-28,5.370335296153704,8.877366755872,30.092961579052645,29.86610621633008,30.58225450804457,0.7161482917144895,1.0,0.0560206930430554,2,unreviewed
2022-06-23,2022-06-15,2022-07-01,5.367892164454735,27.963783529535345,1022.8266713506092,1022.0455788569524,1023.7916676723398,1.7460888153873384,1.25,0.0502997598301236,6,unreviewed
2023-01-27,2023-01-23,2023-01-31,5.363336662542617,26.584972790575808,923.7965261141046,919.77797898883,927.7598967049272,7.981917716097087,2.25,0.1224338595809262,1,unreviewed
2019-12-26,2019-12-22,2019-12-30,5.36316332930311,4.208995909264014,271.5725231914964,267.77172392001376,275.2564316391945,7.484707719180733,3.0,0.1394612608757646,12,unreviewed
2025-05-30,2025-05-27,2025-06-02,5.361008732892358,26.998541444036128,572.6530019400494,572.399472813122,573.1479434389621,0.7484706258401275,0.75,0.1837595690403676,5,unreviewed
2025-03-14,2025-03-10,2025-03-18,5.3583572769688645,29.486189242935612,540.6049812803535,539.9657140341587,541.462655714713,1.4969416805543003,2.25,0.0739210121456773,3,unreviewed
2025-05-09,2025-05-05,2025-05-14,5.349535744020681,10.27134419914992,454.15916849414265,450.8976338854991,458.38234469201416,7.484710806515068,2.5,0.1401692284055955,5,unreviewed
2025-11-07,2025-11-05,2025-11-10,5.345122201969346,4.292270715273134,154.7037217340132,152.0082481270656,156.99805191205814,4.989803784992546,2.75,0.1203781022864563,11,unreviewed
2024-04-06,2024-04-04,2024-04-09,5.344286659660452,2.6966058925100382,631.2285203359602,628.0002475110814,634.977765370626,6.977517859544605,2.0,0.1484586258217047,4,unreviewed
2021-11-16,2021-11-15,2021-11-18,5.3365823433319255,2.1524288577061084,623.9921260879323,622.7673365809023,627.0038059051149,4.236469324212521,1.25,0.0859873021259352,11,unreviewed
2024-07-20,2024-07-18,2024-07-23,5.332050418233243,30.409291388403656,539.8680867221584,539.4667330007069,540.4646943928674,0.9979613921605052,1.0,0.0654109548364535,7,unreviewed
2018-07-12,2018-06-15,2018-08-08,5.328102861296102,7.360424391867941,34.865699676903276,34.53268542839214,35.48216211888939,0.9494766904972494,1.75,0.0439578791048513,7,unreviewed
2020-04-12,2020-04-08,2020-04-16,5.314553553529175,17.061245584968912,759.4285804252229,757.9662930783816,761.7113416031934,3.745048524811864,6.75,0.1477596848481376,4,unreviewed
2024-03-15,2024-03-09,2024-03-22,5.3067487550672015,2.457975889851329,537.6011856618554,531.9820194751956,544.4565416728146,12.47452219761908,1.25,0.1240428172111058,3,unreviewed
2024-11-15,2024-11-12,2024-11-19,5.30529990374641,3.538003542794132,1181.795150355427,1176.9644145895727,1186.6945521323942,9.730137542821469,1.5,0.1244956172303425,11,unreviewed
2023-01-14,2023-01-09,2023-01-20,5.302719739615922,32.535201087030686,1076.65659689814,1075.1748492531478,1078.4175372938626,3.242688040714711,2.0,0.0832919977058679,1,unreviewed
2023-02-04,2023-02-03,2023-02-06,5.296991010559111,23.7886346768286,630.410754188325,628.7478059302084,632.2367168352939,3.488910905085504,2.75,0.109436592596356,2,unreviewed
2025-09-26,2025-09-23,2025-09-30,5.295583699338182,1.2430111017919256,37.662356671793,37.332632769364864,38.51543926354498,1.182806494180113,1.25,0.0373938885865704,9,unreviewed
2019-12-09,2019-12-09,2019-12-09,5.286670042174542,24.498616675869165,584.5004812506903,584.1255236389115,585.1234852797352,0.9979616408236324,0.75,0.0412967477099805,12,unreviewed
2024-01-18,2024-01-10,2024-01-26,5.284946128030354,3.309415115507596,97.19862154686687,92.39826692454515,101.61122461780906,9.212957693263888,1.5,0.1158301678293912,1,unreviewed
2023-01-21,2023-01-20,2023-01-23,5.283568256639955,3.4027445326028714,726.6902250405664,723.0107047306374,730.5009954348207,7.49029070418328,2.75,0.1349287994529539,1,unreviewed
2019-07-05,2019-07-02,2019-07-08,5.2814789018875405,0.7043072889329742,39.95264242120357,39.19926464278251,41.3153866045177,2.116121961735189,2.25,0.089503822410639,7,unreviewed
2024-02-19,2024-02-16,2024-02-23,5.274813275173079,3.0970810293507225,90.50566988673656,86.33171357121319,95.91436208877712,9.58264851756394,2.0,0.122973014150779,2,unreviewed
2022-11-10,2022-11-07,2022-11-14,5.2722031722318805,2.32450297599045,677.5047436951388,672.3553923740983,683.3198899654672,10.964497591368854,1.5,0.1238166402630096,11,unreviewed
2022-10-01,2022-09-28,2022-10-05,5.271761138166252,11.875580701833886,377.1469441050171,376.7989919409156,377.7969528166577,0.9979608757421374,1.25,0.1002405616233873,10,unreviewed
2018-08-22,2018-08-08,2018-09-06,5.270087059667394,5.148912469599815,98.32369601463613,97.99816160555928,98.94763829512522,0.9494766895659268,1.0,0.0413867604695601,8,unreviewed
2024-10-13,2024-10-09,2024-10-18,5.264428873933318,2.093711321730762,595.1507594593415,588.6163519537076,602.3343713274226,13.718019373714924,1.0,0.1173166869900517,10,unreviewed
2022-12-09,2022-12-06,2022-12-12,5.2588356803674925,14.13990007393848,34.77639919190357,34.29935656255111,35.48216211888939,1.1828055563382804,1.5,0.0712368756724867,12,unreviewed
2019-11-01,2019-10-29,2019-11-05,5.2459950491990766,1.155886332093927,37.31325668990564,37.09930390259251,37.81545196054503,0.7161480579525232,1.0,0.0421049293463383,11,unreviewed
2025-11-07,2025-11-05,2025-11-10,5.245318432077034,3.7723690019320872,413.7383305613475,408.4842664906755,417.4659201330506,8.981653642375022,2.75,0.1329083676682117,11,unreviewed
2018-01-11,2017-12-21,2018-02-01,5.229625443090758,7.997294129725366,360.42966237759094,358.08721731370315,362.8275331137702,4.740315800067037,2.75,0.1262834702013023,1,unreviewed
2019-10-26,2019-10-24,2019-10-29,5.22891932376566,5.8704158649803135,31.59824436531779,31.266080355271697,32.448885911144316,1.1828055558726192,1.5,0.047355860778982,10,unreviewed
2018-01-11,2017-12-21,2018-02-01,5.227516253876247,3.717205518641571,1154.671469023629,1152.0153429717757,1157.2546479813757,5.239305009599775,3.75,0.1259448628106484,1,unreviewed
2024-02-03,2024-01-30,2024-02-08,5.224251301823292,24.332979879179103,906.580361431784,905.5602889652364,908.0546772698872,2.4943883046507835,5.5,0.1226881645869681,2,unreviewed
2019-01-21,2019-01-19,2019-01-23,5.2169391839150645,4.896023888870835,1000.9176821026508,997.3516925023868,1003.8370127417148,6.485320239327848,2.75,0.1349474473962073,1,unreviewed
2025-02-24,2025-02-20,2025-02-28,5.213043520916488,3.060393204081668,628.5684583322013,626.006757395342,631.2399722752161,5.23321487987414,1.5,0.1058284683798811,2,unreviewed
2022-07-31,2022-07-29,2022-08-02,5.207560976205245,30.188694385381716,1210.5694412264113,1207.646889897529,1213.3839113842696,5.737021486740559,5.0,0.1424837593719347,7,unreviewed
2024-05-12,2024-05-10,2024-05-14,5.197945129185415,3.1501291141640397,36.97483814813507,36.63264616858214,37.81545196054503,1.1828057919628918,1.0,0.041003105804504,5,unreviewed
2025-02-24,2025-02-20,2025-02-28,5.194189554871951,3.5437766628599277,654.9087796414016,648.6827031024732,661.8898754576221,13.20717235514894,1.5,0.1209543891643663,2,unreviewed
2023-02-04,2023-02-03,2023-02-06,5.168201232607776,27.712927161373266,281.30172928202927,279.49776695482433,283.24012041883543,3.742353464011103,3.75,0.1471667575806738,2,unreviewed
2020-01-04,2019-12-30,2020-01-10,5.167161919268488,2.559312439390281,691.5513141927331,686.8081927248277,697.043504558038,10.23531183321029,1.75,0.1221360352719091,1,unreviewed
2022-06-10,2022-06-06,2022-06-15,5.155906672872205,28.88055881275214,539.8321560517537,539.2172424835153,540.7141846609302,1.496942177414894,1.5,0.1490118035259179,6,unreviewed
2024-12-09,2024-12-03,2024-12-16,5.155539922441008,1.608483553102372,27.60197922560173,27.06615887628868,28.482293533626944,1.4161346573382616,1.0,0.0406829716255778,12,unreviewed
2019-12-11,2019-12-11,2019-12-11,5.140595466095002,17.055095584524814,34.291138093583285,33.599369960837066,35.015504385810345,1.4161344249732792,1.5,0.052662936796756,12,unreviewed
2021-02-22,2021-02-08,2021-03-08,5.116570318970603,3.8887167683000343,1006.8266874290548,1003.587522652466,1009.8234088965692,6.2358862441033125,2.5,0.126731541316269,2,unreviewed
2021-11-16,2021-11-15,2021-11-18,5.1137497087666,3.735584430109961,177.95972408907636,177.20675963256508,178.95319075789303,1.7464311253279448,1.25,0.0649473512041597,11,unreviewed
2019-10-26,2019-10-24,2019-10-29,5.091841984029657,5.327855560746622,32.14112609926914,31.732738089747727,32.68221477884799,0.9494766891002656,1.0,0.0356766271519934,10,unreviewed
2024-07-20,2024-07-18,2024-07-23,5.081909658831615,13.107114048306649,32.40956262928886,31.966066955123097,33.14887274708599,1.1828057919628918,4.0,0.0890989731832847,7,unreviewed
2023-12-10,2023-12-08,2023-12-13,5.074409799631226,2.3807649438437584,518.8550883870714,512.2722735907882,525.7447576094419,13.472484018653631,1.25,0.1187962466312204,12,unreviewed
2020-08-09,2020-08-05,2020-08-14,5.072976790931104,26.080133074284745,789.8173039216315,789.4263219931163,790.424860318657,0.9985383255407214,1.5,0.0692229572841918,8,unreviewed
2023-02-04,2023-02-03,2023-02-06,5.069448876324081,19.27198195582073,796.0620539243326,794.1702951542102,798.1650264235213,3.99473126931116,2.25,0.1178612322133569,2,unreviewed
2019-11-15,2019-11-12,2019-11-18,5.06597609902678,0.6215497342568351,37.68315894475634,37.56596187129617,38.04878106107935,0.4828191897831857,1.5,0.0302150141116601,11,unreviewed
2019-01-13,2019-01-07,2019-01-19,5.0643492365273115,3.863153900593405,1179.8678398788848,1176.4654331966303,1184.199645170942,7.73421197431162,2.25,0.1319353286962022,1,unreviewed
2023-02-25,2023-02-21,2023-03-02,5.061634597238715,2.447447282479965,680.868322336256,677.588303304743,684.8150073038414,7.22670399909839,1.5,0.1075618943394314,2,unreviewed
2019-09-03,2019-09-01,2019-09-05,5.057114834781884,28.31235941988087,563.7424010404501,563.1683261645958,564.4157780734822,1.2474519088864326,1.25,0.0506285673845701,9,unreviewed
2018-09-22,2018-09-06,2018-10-08,5.046550176952642,28.37985245426915,567.1626438099597,566.9106829273514,567.6591540519148,0.7484711245633662,1.5,0.0530920737061825,9,unreviewed
2025-05-30,2025-05-27,2025-06-02,5.045400776111471,2.287350486891054,522.649529868762,518.0105534959584,526.9922096966766,8.981656200718135,1.5,0.1178380040735149,5,unreviewed
2020-06-28,2020-06-24,2020-07-02,5.021243960592472,16.190764550224227,1147.802702222299,1146.5265476536006,1149.2709447056986,2.7443970520980656,3.75,0.118531494910557,6,unreviewed
2021-02-22,2021-02-08,2021-03-08,5.019827044003105,17.374200973626373,688.2543859024152,686.5590063352138,690.3020694334991,3.7430630982853472,4.75,0.1147371738061428,2,unreviewed
2024-10-25,2024-10-21,2024-10-29,5.01667373876509,25.33285675405811,245.1975821275241,244.81861861469224,245.81657985318452,0.9979612384922802,1.5,0.062531713885205,10,unreviewed
2018-08-22,2018-08-08,2018-09-06,5.009711717824599,5.810540124834395,31.760747124281473,31.266080355271697,32.448885911144316,1.1828055558726192,1.25,0.0475695425641447,8,unreviewed
2025-10-24,2025-10-22,2025-10-27,5.009249537434266,17.000242056584465,124.81315858030248,124.3148342310451,125.562285176944,1.2474509458988905,1.25,0.0531068849912546,10,unreviewed
2024-02-19,2024-02-16,2024-02-23,5.003988602294797,3.318315358958236,771.0728673229356,766.7051901663654,775.6935773426667,8.98838717630133,1.5,0.1158481986357666,2,unreviewed
2019-08-16,2019-08-13,2019-08-19,5.0033509679992,4.610375975335972,34.645549528028184,34.29935656255111,35.24883325304836,0.9494766904972494,1.5,0.0474272330306923,8,unreviewed
2021-11-20,2021-11-18,2021-11-22,4.998949962824851,24.445422342562704,784.9606676888126,784.6823498313315,785.431205410976,0.7488555796444416,1.0,0.0269389727363156,11,unreviewed
2024-11-15,2024-11-12,2024-11-19,4.992806830729798,3.744318824541904,1146.1242232717414,1142.0357151208443,1150.5183981866576,8.482683065813035,2.0,0.1263606197464368,11,unreviewed
2022-12-27,2022-12-20,2023-01-04,4.992363673958769,20.57529068450531,1142.605127606748,1140.538769947365,1144.5306214764714,3.9918515291064978,3.75,0.1338568550020143,12,unreviewed
2019-11-20,2019-11-18,2019-11-22,4.987021155560116,2.395028834756028,1016.1964704421806,1009.5739188073204,1023.2928016795776,13.718882872257382,1.25,0.1123826032965741,11,unreviewed
2024-12-09,2024-12-03,2024-12-16,4.981980894404588,1.8667385042631195,29.301041911888927,28.4661325449124,30.115596305578947,1.6494637606665492,1.75,0.033570246045067,12,unreviewed
2019-02-10,2019-02-06,2019-02-15,4.977692159770401,6.423891538026348,993.4882020654984,990.6169958617538,997.1023161001503,6.485320238396525,3.0,0.1346820785386659,2,unreviewed
2019-01-21,2019-01-19,2019-01-23,4.971996301032848,5.323320353265585,99.03225684540143,98.46481933956966,99.64762537227944,1.1828060327097774,1.25,0.0408382670573125,1,unreviewed
2019-10-26,2019-10-24,2019-10-29,4.955093347486238,0.3261524569716376,37.92867544027133,37.09930390259251,38.982096997555345,1.882793094962835,1.0,0.0479743211553503,10,unreviewed
2021-11-16,2021-11-15,2021-11-18,4.944599170607207,2.7065896203709405,163.90296062984214,162.98581730108708,165.48071944201365,2.4949021409265697,1.25,0.0659607345701457,11,unreviewed
2025-01-12,2025-01-10,2025-01-14,4.942171569666294,2.368901980339606,514.445491755912,511.5238020392135,518.2600435852073,6.736241545993835,1.75,0.1195305874683559,1,unreviewed
2022-09-27,2022-09-26,2022-09-28,4.939943685541824,13.139042405465409,36.033606086608906,35.69932999834418,36.64880739059299,0.9494773922488092,1.25,0.0457849797506369,9,unreviewed
2023-12-02,2023-11-27,2023-12-08,4.939900336638817,2.5504579801160214,681.4779164117443,676.5915587437339,686.0609380044043,9.469379260670394,1.5,0.1130847935329808,12,unreviewed
2020-07-27,2020-07-23,2020-07-31,4.935575114079076,9.626779494910949,35.12114786963536,34.76601429656148,35.715490986127406,0.9494766895659268,1.5,0.0450995451522372,7,unreviewed
2021-10-11,2021-10-11,2021-10-12,4.9351945793204495,2.0503976492792706,547.9413477025643,545.2050129058771,551.4422744130716,6.237261507194489,1.5,0.1106225437912767,10,unreviewed
2020-10-30,2020-10-20,2020-11-09,4.934304585799576,28.97735277093746,538.7754084245596,538.4687709319405,539.4667325727642,0.9979616408236324,1.0,0.0540768866088705,10,unreviewed
2021-11-20,2021-11-18,2021-11-22,4.92884786331257,41.14827651074734,1012.699293142001,1011.5693845245988,1013.8143405821174,2.2449560575187206,2.75,0.0908769891411168,11,unreviewed
2023-09-23,2023-09-18,2023-09-29,4.9282613121127445,6.859847242250488,31.300937493946613,30.799422620795667,31.982228178996593,1.1828055582009256,1.0,0.0609116403558373,9,unreviewed
2021-04-27,2021-04-21,2021-05-04,4.904711630725933,12.879135161445284,344.894083262208,342.36932632885873,348.107603342738,5.738277013879269,3.25,0.1148309042577586,4,unreviewed
2019-06-28,2019-06-24,2019-07-02,4.899589287331043,5.758243251586654,31.667748875430604,31.266080355271697,32.21555704437196,0.9494766891002656,1.25,0.0382537610129991,6,unreviewed
2024-02-12,2024-02-08,2024-02-16,4.89941171276002,2.779615833462581,493.75012100655664,488.32119257654995,500.2967313220725,11.9755387455225,1.25,0.1198231475254499,2,unreviewed
2022-06-23,2022-06-15,2022-07-01,4.897123701524041,8.022218423896236,35.19520133881582,34.76601429656148,35.715490986127406,0.9494766895659268,1.5,0.0390043221404883,6,unreviewed
2023-02-04,2023-02-03,2023-02-06,4.88398243479808,29.739966952916365,534.7264894394394,533.4789620810188,536.2233568443917,2.7443947633728385,4.0,0.1254878543640268,2,unreviewed
2023-10-29,2023-10-26,2023-11-01,4.880361273270199,2.653525205893005,298.9410857989677,294.96616374794394,302.2013820288703,7.235218280926347,1.75,0.1157813099206519,10,unreviewed
2019-09-13,2019-09-11,2019-09-16,4.880110348612936,1.9748751139902372,37.24992898932278,36.86597503628582,37.81545196054503,0.9494769242592156,0.75,0.0293909040237734,9,unreviewed
2021-04-27,2021-04-21,2021-05-04,4.877709754974186,2.2797858376334106,567.3317432049193,564.1662879842333,570.902529779356,6.736241795122623,1.5,0.1178265312758913,4,unreviewed
2019-02-10,2019-02-06,2019-02-15,4.877198362663746,10.326948052068463,647.472040914073,644.44653747743,650.1781238918193,5.731586414389312,3.5,0.1339514628289506,2,unreviewed
2019-04-12,2019-04-09,2019-04-15,4.876235143801679,0.3399159648817166,35.762061691332235,34.999343163799495,36.88213625783101,1.8827930940315127,1.0,0.0671721296493618,4,unreviewed
2022-06-23,2022-06-15,2022-07-01,4.872704235313586,29.23587758396705,1023.0991701783548,1022.2950121024624,1024.2905339142308,1.9955218117684128,1.25,0.0430759830708005,6,unreviewed
2021-01-06,2020-12-17,2021-01-26,4.867475858630764,18.051685101196796,1085.1038087532306,1083.156711124815,1087.1477563544177,3.991045229602605,4.0,0.1377662758518682,1,unreviewed
2023-04-28,2023-04-25,2023-05-02,4.86579279848869,2.369540561561962,637.8618693140676,633.9807161153294,642.9517238405533,8.971007725223899,1.5,0.1150205288577552,4,unreviewed
2019-12-07,2019-12-07,2019-12-07,4.851818671472296,2.8606191703069777,608.9373885366845,608.065350339748,610.0591444033198,1.9937940635718403,1.25,0.0757370006099668,12,unreviewed
2023-02-04,2023-02-03,2023-02-06,4.84993458469081,18.40218374097198,720.0915395346045,718.5164153138176,722.0117810931988,3.495365779381246,3.25,0.1336933062939594,2,unreviewed
2021-11-20,2021-11-18,2021-11-22,4.832142136603504,30.012195650857876,563.1543182030154,562.9188356474042,563.6673067710362,0.7484711236320436,0.75,0.0422957919377829,11,unreviewed
2025-04-18,2025-04-15,2025-04-21,4.820617004303175,17.381150600774298,925.0032684864744,921.0251442193984,928.5081964442506,7.483052224852145,4.75,0.133441826733865,4,unreviewed
2024-05-05,2024-05-01,2024-05-10,4.819148006657678,3.570388416803752,146.5652221457526,143.52558084577322,150.26181650394574,6.736235658172518,2.0,0.1204058957521187,5,unreviewed
2024-01-03,2023-12-28,2024-01-10,4.818104701476961,4.043356514703336,1086.8624879723268,1082.907277878374,1090.890117796138,7.982839917764068,2.0,0.1278926360222359,1,unreviewed
2025-11-13,2025-11-10,2025-11-17,4.817382302923542,25.641417952720015,244.507643060208,243.8206578292884,245.31759908702224,1.4969412577338517,1.25,0.0666890304400303,11,unreviewed
2025-01-12,2025-01-10,2025-01-14,4.816829682375855,2.882921700487616,688.7956240128331,684.5655172145925,693.0485796327703,8.483062418177724,1.5,0.1096142387926121,1,unreviewed
2025-06-28,2025-06-25,2025-07-01,4.815863532005238,23.622588500646927,242.8186291862649,242.57320616114885,243.32167701702565,0.7484708558768034,1.0,0.1166222444238483,6,unreviewed
2019-05-07,2019-05-02,2019-05-13,4.8010883546847865,2.240969603224261,76.65911750746395,73.73195007024333,79.34800597513095,5.616055904887617,1.75,0.110492335345402,5,unreviewed
2023-02-19,2023-02-17,2023-02-21,4.797138552336844,3.269126383961698,735.2183242379834,731.7496018172242,738.9902097759768,7.240607958752662,1.75,0.1142409734500759,2,unreviewed
2022-09-03,2022-08-30,2022-09-08,4.779812151736255,47.50131324765231,1000.4585930324752,997.601125748828,1002.8392797592096,5.23815401038155,3.5,0.1291327242485871,9,unreviewed
2021-11-06,2021-11-04,2021-11-08,4.775453996484734,3.2184745070054728,1045.6945487471992,1042.0002342858352,1050.2315864968114,8.231352210976183,1.75,0.114876587257499,11,unreviewed
2023-03-19,2023-03-17,2023-03-22,4.761413317987031,3.444486232837519,867.901893914759,863.6847935407422,872.4044220284559,8.719628487713635,1.25,0.10577633890215,3,unreviewed
2022-12-16,2022-12-12,2022-12-20,4.759671502928939,31.19259120547019,807.3690900536186,806.8850402240641,808.1310173012316,1.2459770771674812,1.25,0.0996893468605693,12,unreviewed
2023-01-14,2023-01-09,2023-01-20,4.75892939465847,6.791016986941235,748.1682138394268,746.2312030475587,750.2259343164042,3.9947312688454986,3.75,0.1296721762338028,1,unreviewed
2025-03-03,2025-02-28,2025-03-07,4.758250906360758,2.4502088897419174,643.7147756713479,639.213626797311,648.1846340256743,8.971007228363305,2.0,0.1197402801699638,3,unreviewed
2022-08-13,2022-08-10,2022-08-17,4.742030058718151,13.283927339497334,34.889792021517884,34.53268542839214,35.48216211888939,0.9494766904972494,1.75,0.0529291755942339,8,unreviewed
2024-11-15,2024-11-12,2024-11-19,4.741517356584746,24.961090915955197,244.4839340612196,244.07014796324071,245.31759908702224,1.2474511237815022,1.25,0.0562914116594369,11,unreviewed
2024-05-05,2024-05-01,2024-05-10,4.741064157837626,2.925187007157179,94.10722584675294,89.36499048303813,98.71430942881852,9.349318945780396,1.75,0.1113879050507619,5,unreviewed
2024-05-19,2024-05-14,2024-05-24,4.740654744601168,18.250671004072075,40.017827147009,39.89925124309957,40.382070200517774,0.4828189574182033,0.75,0.0326288520676694,5,unreviewed
2023-12-24,2023-12-21,2023-12-28,4.7392579119639855,12.361677490673747,567.7837878972969,565.9127208585851,570.1540582282469,4.241337369661778,5.25,0.145662326579783,12,unreviewed
2019-12-11,2019-12-11,2019-12-11,4.737580402976399,15.10209211333741,33.56927916572739,33.13271175837144,34.31551778456196,1.182806026190519,3.25,0.0932376864071611,12,unreviewed
2024-01-18,2024-01-10,2024-01-26,4.733394583004027,4.455451734834119,427.6736503339589,425.6991041200235,430.18993050046265,4.490826380439103,3.25,0.1284966122704312,1,unreviewed
2024-12-28,2024-12-27,2024-12-30,4.729874901569948,4.230546896871758,954.9094378734565,950.707690496929,959.1884747049772,8.480784208048135,2.0,0.1295375957820936,12,unreviewed
2025-06-28,2025-06-25,2025-07-01,4.729564910134056,2.415551510200099,628.624508518801,626.754315815866,630.7415997460485,3.987283930182457,1.25,0.0842722713065798,6,unreviewed
2022-12-27,2022-12-20,2023-01-04,4.726386718259637,3.965749901239489,1032.072537276033,1029.7780074821785,1033.5195625154302,3.741555033251643,2.25,0.0961533458695959,12,unreviewed
2021-11-03,2021-11-03,2021-11-04,4.726329023676498,28.469932789905805,566.1254995765263,565.6632303404622,566.9106824994087,1.247452158946544,1.75,0.1216052826860581,11,unreviewed
2025-10-11,2025-10-06,2025-10-17,4.707614023611672,5.03911603456622,168.1942766991558,167.2271510665305,170.2210336360149,2.9938825694844127,1.75,0.0865928026278653,10,unreviewed
2018-09-22,2018-09-06,2018-10-08,4.706476473549742,2.72881015983428,343.93387392269256,339.8744225469418,347.3591325576417,7.484710010699928,1.5,0.1054765516517377,9,unreviewed
2021-11-16,2021-11-15,2021-11-18,4.705977493371245,30.32093397400885,571.3809628171626,570.9025302072987,572.1499823653139,1.2474521580152214,1.75,0.0754391763009496,11,unreviewed
2025-01-12,2025-01-10,2025-01-14,4.697563689601417,2.9644978657135876,706.8204070841927,704.0348140839487,710.027008316014,5.992194232065231,1.75,0.1045566682404613,1,unreviewed
2024-11-15,2024-11-12,2024-11-19,4.691451681394998,3.5604188963926364,387.8394056237069,383.53523100633174,392.2673926567659,8.732161650434136,1.5,0.1209716392554141,11,unreviewed
2021-02-22,2021-02-08,2021-03-08,4.69084155338174,1.3002037314149266,30.376393933550187,29.632777349557728,31.282241577282548,1.6494642277248204,1.75,0.0722011855035952,2,unreviewed
2025-01-19,2025-01-14,2025-01-24,4.688494662484698,2.4402389006683096,536.2603729799841,531.732528956607,540.9636749294586,9.231145972851664,1.5,0.1164067744288162,1,unreviewed
2023-02-04,2023-02-03,2023-02-06,4.68563506945425,26.043063028335816,547.7363768974261,545.7039939402603,550.1948218271136,4.490827886853367,3.0,0.1133321613256832,2,unreviewed
2022-12-09,2022-12-06,2022-12-12,4.679008238448666,28.507669347298496,567.3408591907228,566.9106829273514,567.9086445686407,0.9979616412892938,1.25,0.0493632583354455,12,unreviewed
2019-02-02,2019-01-30,2019-02-06,4.678980794538849,18.18763316701481,866.225643351112,864.9304015263915,867.9202305823565,2.9898290559649467,4.75,0.1108302735514894,2,unreviewed
2025-03-03,2025-02-28,2025-03-07,4.67824442454043,2.5295259100026195,490.0106730363854,484.578836732544,495.5564139066264,10.977577174082398,1.5,0.1224790295391656,3,unreviewed
2023-09-23,2023-09-18,2023-09-29,4.678084626138268,10.478212820769356,426.2450725049103,423.4536898662336,428.69298841198906,5.239298545755446,3.25,0.1337968514525506,9,unreviewed
2021-11-20,2021-11-18,2021-11-22,4.67499955643966,9.9896378884491,136.28925577888518,136.04087442159653,136.7893446898088,0.7484702682122588,0.75,0.0367040485231079,11,unreviewed
2023-02-25,2023-02-21,2023-03-02,4.659841848439867,3.013655940098181,903.3549824436878,899.8233263068832,908.0546772698872,8.231350963003933,1.5,0.1044841137626836,2,unreviewed
2023-12-24,2023-12-21,2023-12-28,4.652961161268473,12.971938635408383,679.0595615019793,676.3423723550513,681.8247726289555,5.482400273904204,7.0,0.1417789147034142,12,unreviewed
2024-11-15,2024-11-12,2024-11-19,4.648648537958239,3.766940018912016,874.2519982621548,870.6602014573291,878.3833429566585,7.723141499329358,2.25,0.1289851616162877,11,unreviewed
2024-02-12,2024-02-08,2024-02-16,4.641393865143061,2.853333340948379,623.3274158149267,621.7705920194276,625.757875204552,3.9872831851243977,1.5,0.0881836550978287,2,unreviewed
2025-05-30,2025-05-27,2025-06-02,4.640636600349668,40.63931876493165,1161.8282247176066,1160.4980276403949,1163.242424692493,2.7443970520980656,2.75,0.0966619558816795,5,unreviewed
2023-03-29,2023-03-22,2023-04-06,4.640229370151491,3.391385453081043,1102.0621822257351,1098.125348594505,1106.6080326559022,8.482684061396867,1.75,0.1243326856591656,3,unreviewed
2022-10-16,2022-10-13,2022-10-19,4.633243647652524,15.00161678092053,381.040514126126,380.7908372939564,381.53930823970586,0.7484709457494318,0.75,0.0379754880464001,10,unreviewed
2024-03-03,2024-02-27,2024-03-08,4.632708865646218,2.4425511555488324,589.5466495525513,585.1234857081436,594.6041229432449,9.480637235101312,1.25,0.1113908271567024,3,unreviewed
2025-01-12,2025-01-10,2025-01-14,4.625364688261523,4.826500808304381,1069.6769494684406,1065.9458209010772,1073.9277398665436,7.98191896546632,2.0,0.1237611425562937,1,unreviewed
2018-02-15,2018-02-01,2018-03-01,4.6233064573977405,39.83543292066048,1154.7570870559282,1154.0112690390088,1155.7577038034797,1.746434764470905,1.5,0.0942797926618184,2,unreviewed
2019-01-13,2019-01-07,2019-01-19,4.6219225982452,3.0111611000057588,117.54986355084856,114.33522566594183,121.07146107312292,6.736235407181084,1.5,0.1157155885608366,1,unreviewed
2018-10-22,2018-10-08,2018-11-05,4.620899501761713,14.493503789540464,40.4849615231826,40.365909211337566,40.848728402517736,0.4828191911801696,0.75,0.0342610675792271,10,unreviewed
2022-09-27,2022-09-26,2022-09-28,4.618262017283219,34.3831686554017,963.3667798887352,960.4355835928582,966.1726035941392,5.737020001281053,7.75,0.1398846911279156,9,unreviewed
2023-12-17,2023-12-13,2023-12-21,4.6095158927145095,25.627276345652593,244.55704245703433,244.07014796324071,245.31759908702224,1.2474511237815022,1.0,0.0580970760929419,12,unreviewed
2024-02-19,2024-02-16,2024-02-23,4.602957733855992,3.518530473349188,953.3095439676474,949.7099575125612,957.6918757292442,7.981918216682971,1.75,0.1274318206589692,2,unreviewed
2024-11-15,2024-11-12,2024-11-19,4.602398314703374,3.0230353115827375,609.6036713913578,608.3145364788361,612.0526335248724,3.7380970460362737,1.5,0.0923913686858963,11,unreviewed
2018-01-11,2017-12-21,2018-02-01,4.590640720012387,3.590426719322199,716.8752545007349,714.5214903890155,720.2640018751845,5.742511486168951,2.5,0.1243571555081476,1,unreviewed
2023-01-14,2023-01-09,2023-01-20,4.5896110120415345,5.828077728892209,848.6403982635667,845.0006637657061,852.7238060152158,7.723142249509692,2.75,0.1285883649098838,1,unreviewed
2025-02-03,2025-01-28,2025-02-10,4.5890898896176155,3.599339350788835,1073.6082360821329,1068.9390191035343,1078.4175372938626,9.478518190328032,1.5,0.1055319750046129,2,unreviewed
2023-03-29,2023-03-22,2023-04-06,4.581032420067755,3.67618474583132,934.6269853766736,930.7530378140508,939.4832552694716,8.730217455420643,2.0,0.1260785361455008,3,unreviewed
2024-02-03,2024-01-30,2024-02-08,4.57948009273245,3.6053711903070265,383.4930262452656,379.7928760801442,386.7786052348092,6.985729154665023,1.75,0.1070683484154784,2,unreviewed
2023-10-22,2023-10-18,2023-10-26,4.571583669035201,2.342970416578064,570.9880791451767,566.9106829273514,576.141828650143,9.231145722791553,1.5,0.1108543939374201,10,unreviewed
2024-01-18,2024-01-10,2024-01-26,4.560040448703401,3.4848884687291775,1064.9125855299717,1057.7145250341855,1072.181707144715,14.467182110529391,1.25,0.1044435909194894,1,unreviewed
2019-11-24,2019-11-22,2019-11-26,4.554317270801079,2.992006612149795,946.2315922960836,939.732631671708,950.4583140942268,10.72568242251873,2.25,0.1151570425093232,11,unreviewed
2019-01-13,2019-01-07,2019-01-19,4.553897129490783,4.280075058548153,951.819697066104,947.2156260525808,955.4469770146534,8.23135096207261,2.0,0.1241099215523586,1,unreviewed
2024-11-15,2024-11-12,2024-11-19,4.5523067549168665,3.46144864424468,904.2979018864764,899.8233263068832,909.0524102533236,9.229083946440367,1.5,0.1234503881143748,11,unreviewed
2022-11-10,2022-11-07,2022-11-14,4.539385725567189,17.58108338323124,1019.9983856190702,1017.3063481827268,1022.5445021917112,5.238154008984566,3.25,0.1367737264320529,11,unreviewed
2024-02-03,2024-01-30,2024-02-08,4.538273436376796,2.907864114322797,970.7278942914512,967.1702787345276,974.6533304592596,7.483051724731922,1.25,0.0998821240634125,2,unreviewed
2018-07-12,2018-06-15,2018-08-08,4.528610310985052,19.541098162813455,409.0022721732629,407.23681512195617,411.2286605583504,3.991845436394214,2.5,0.1093424978109207,7,unreviewed
2025-06-28,2025-06-25,2025-07-01,4.523600861855548,17.12125435398344,36.406676756110095,36.16598820127547,36.88213625783101,0.7161480565555394,1.0,0.0390970302267942,6,unreviewed
2020-04-12,2020-04-08,2020-04-16,4.522342620962943,17.587352709351844,748.4034810500253,746.4808857929893,750.7252998077311,4.244414014741778,3.5,0.1384144628937576,4,unreviewed
2025-01-12,2025-01-10,2025-01-14,4.519468370389752,3.1762404880202726,1039.3077482360138,1035.2655378938653,1043.496889855247,8.231351961381733,2.0,0.108581404461893,1,unreviewed
2021-11-20,2021-11-18,2021-11-22,4.515668324467881,28.183627398465926,550.0994327013842,549.6958412202075,550.6938028605655,0.9979616403579712,0.75,0.0962074159825699,11,unreviewed
2018-10-22,2018-10-08,2018-11-05,4.5146273894430085,44.52104253713627,1087.829140581819,1085.9004765804857,1089.8921550102532,3.9916784297674894,1.75,0.0941798164875819,10,unreviewed
2024-08-24,2024-08-21,2024-08-27,4.514155167076585,8.445792486538693,35.934532396943325,35.69932999834418,36.415478290524334,0.7161482921801507,1.0,0.0336598461408306,8,unreviewed
2021-11-16,2021-11-15,2021-11-18,4.509985002607311,23.57797782313393,532.1432205961245,530.9840574059635,533.2294716327451,2.245414226781577,2.0,0.147237096313998,11,unreviewed
2021-11-20,2021-11-18,2021-11-22,4.507062787564464,0.3935154169524963,39.77675275942848,38.965935775544494,41.08205750398338,2.116121728438884,1.25,0.0910190124122824,11,unreviewed
2023-09-23,2023-09-18,2023-09-29,4.503308647819013,1.9330999300126603,506.2786040819198,502.791636175476,510.0268587563187,7.235222580842674,1.5,0.1229745681460501,9,unreviewed
2025-03-28,2025-03-24,2025-04-01,4.492482150141103,3.8564175082871786,421.91293326989296,419.2123538237065,424.95063231885433,5.738278495147824,2.75,0.1124531353498842,3,unreviewed
2023-03-11,2023-03-06,2023-03-17,4.486163065160608,7.8525589760745,914.427796965672,912.2949836077167,916.7848378797062,4.489854271989316,3.0,0.1190321936739877,3,unreviewed
2025-06-28,2025-06-25,2025-07-01,4.472557060770899,3.516200297682925,420.5807032494985,419.96082449518144,421.4577666977421,1.4969422025606036,1.25,0.0591571573885941,6,unreviewed
2025-03-28,2025-03-24,2025-04-01,4.467943115805375,2.758285062417151,856.796360562975,852.474315925967,860.6957009197213,8.221384993754327,1.25,0.101009045744183,3,unreviewed
2022-12-27,2022-12-20,2023-01-04,4.467354069704659,3.818572015048862,1027.304584504436,1024.5399103164673,1030.0274975714274,5.48758725496009,2.25,0.1172043903844073,12,unreviewed
2023-08-27,2023-08-22,2023-09-01,4.460538499446558,12.453182977768977,378.0049480148537,377.54746272740886,378.5454241000116,0.997961372602731,1.25,0.068043474873414,8,unreviewed
2025-03-03,2025-02-28,2025-03-07,4.4490030756800465,2.37565534913896,314.79413236853367,311.1830340391025,319.66570501355454,8.482670974452049,1.5,0.1158706014479765,3,unreviewed
2023-02-02,2023-02-02,2023-02-03,4.448237265851098,9.75190877711535,259.96205195415564,255.79619050072503,264.27885975316167,8.482669252436608,1.75,0.1226446675901449,2,unreviewed
2025-07-18,2025-07-14,2025-07-22,4.447598695967665,13.125151282440358,377.7278836138857,377.2979722986929,378.79491452872753,1.4969422300346196,1.5,0.0634262128952585,7,unreviewed
2023-02-04,2023-02-03,2023-02-06,4.442605650811528,22.253618130986567,717.3462595081609,715.7699051150121,719.7646363852546,3.9947312702424824,3.25,0.1317042964423068,2,unreviewed
2024-01-03,2023-12-28,2024-01-10,4.433638166161134,4.12851429230214,781.5417426534032,778.1905974522233,784.9318399205804,6.741242468357086,2.0,0.1248098960443117,1,unreviewed
2022-09-19,2022-09-13,2022-09-26,4.4326623480495595,5.967781709092264,31.548197846139704,31.266080355271697,32.21555704437196,0.9494766891002656,1.25,0.0420505506649253,9,unreviewed
2025-06-07,2025-06-02,2025-06-13,4.430350884745191,2.64394497850226,628.2693677449223,626.754315815866,629.9940405800007,3.239724764134735,1.75,0.0976610112625581,6,unreviewed
2024-01-18,2024-01-10,2024-01-26,4.425475536538656,3.313140914506453,1203.3104470291323,1199.1661585555412,1208.894112967886,9.727954412344843,1.5,0.0893130601968793,1,unreviewed
2021-11-20,2021-11-18,2021-11-22,4.413338093186788,26.996716507157597,279.2466704520096,278.9987861881964,279.7472570440732,0.7484708558768034,0.75,0.0357201055603563,11,unreviewed
2025-10-11,2025-10-06,2025-10-17,4.413013756070764,4.016340687746432,166.63945855209,165.73021003045142,167.72613149508834,1.995921464636922,0.75,0.0418736554424605,10,unreviewed
2024-02-19,2024-02-16,2024-02-23,4.408863862671243,3.6865119011692222,397.57065695802373,394.5128058507107,400.25108349788934,5.73827764717862,2.0,0.1060004785550104,2,unreviewed
2019-03-19,2019-03-15,2019-03-23,4.390378081625916,17.232335182834277,280.34255969251427,277.5018448843621,282.74113965174183,5.239294767379761,2.25,0.0999886285048646,3,unreviewed
2020-12-02,2020-11-18,2020-12-17,4.384784389079911,0.3340687595495284,20.43339304651805,13.766408538911492,27.315648965537548,13.549240426626056,1.0,0.1134351339597009,12,unreviewed
2024-09-14,2024-09-11,2024-09-17,4.377954909749336,2.0662417220566858,579.2196263907708,574.3953964537941,584.8739947616123,10.478598307818174,1.25,0.1017840953091144,9,unreviewed
2019-03-11,2019-03-08,2019-03-15,4.376770954530804,14.6238812046949,379.2959395266986,379.04440529458225,379.7928759907372,0.7484706961549819,1.0,0.0383285758475349,3,unreviewed
2020-04-12,2020-04-08,2020-04-16,4.37582912944389,9.620606991297729,36.406427508649074,36.16598820127547,36.88213625783101,0.7161480565555394,1.0,0.0441494294693227,4,unreviewed
2023-02-02,2023-02-02,2023-02-03,4.375529866081836,14.256397701451045,414.11498267940095,410.4801900209859,418.2143915495835,7.734201528597623,2.75,0.1136535632375937,2,unreviewed
2022-07-31,2022-07-29,2022-08-02,4.370166452888209,28.807784420856507,827.5241694557246,826.0674127433449,829.3063637972809,3.2389510539360344,7.25,0.1337251892208615,7,unreviewed
2025-07-18,2025-07-14,2025-07-22,4.367867464088303,2.103566168637141,61.09179149963114,54.598975483328104,67.44822907494381,12.849253591615708,1.0,0.1073522759916643,7,unreviewed
2020-03-26,2020-03-19,2020-04-02,4.364457371175927,28.45298027668547,789.4029457295946,788.9269565031864,790.175177573692,1.2482210705056789,1.25,0.0672658452302095,3,unreviewed
2025-01-19,2025-01-14,2025-01-24,4.364387950558593,3.40449774596395,1084.7957138364495,1079.6646466804668,1088.8941912292505,9.229544548783451,1.25,0.0965802930584131,1,unreviewed
2018-07-12,2018-06-15,2018-08-08,4.363719566609496,0.704121111181006,40.28019561777992,39.66592237725854,41.3153866045177,1.649464227259159,2.0,0.072799243186069,7,unreviewed
2023-03-29,2023-03-22,2023-04-06,4.361728199089634,3.4989591955611106,943.5485332706252,939.4831984257326,947.7145493882708,8.231350962538272,2.0,0.1114874499727223,3,unreviewed
2025-08-01,2025-07-28,2025-08-05,4.3546499157675544,24.831034220989793,244.1772152619259,243.8206578292884,244.81861832085997,0.9979604915715754,1.5,0.0457637777529547,8,unreviewed
2023-02-02,2023-02-02,2023-02-03,4.353221959241738,13.303760907864936,225.40705694116485,219.8695912398398,231.09665321512148,11.227061975281686,3.25,0.1192134683376711,2,unreviewed
2019-01-21,2019-01-19,2019-01-23,4.35081961917236,5.873744666899578,98.58113705097531,98.23149047186598,99.18096716236325,0.9494766904972494,1.0,0.0418057666681881,1,unreviewed
2025-08-09,2025-08-05,2025-08-13,4.344993526608222,20.033822537521257,1085.0558664396217,1083.4061443712562,1086.6488326615654,3.242688290309161,5.0,0.1285800967627953,8,unreviewed
2023-02-25,2023-02-21,2023-03-02,4.335569412721979,4.007323356306425,1078.0907306939505,1075.9231487410143,1080.6624365076425,4.739287766627967,2.75,0.1215050165318427,2,unreviewed
2023-02-02,2023-02-02,2023-02-03,4.333624325613673,8.127149046679143,569.952245121785,566.162211375311,573.8964149910025,7.734203615691513,2.0,0.1184423074786094,2,unreviewed
2022-07-15,2022-07-12,2022-07-18,4.329550589063895,28.401899879837593,567.2646339558574,566.9106829273514,567.9086445686407,0.9979616412892938,1.0,0.0480670887247287,7,unreviewed
2022-07-15,2022-07-12,2022-07-18,4.3225031177678375,19.624334789773364,184.4427245338304,184.19248562911525,184.94095589779317,0.7484702686779201,0.5,0.0333867407661619,7,unreviewed
2024-09-14,2024-09-11,2024-09-17,4.319507365521181,2.650850420708769,26.683195924087453,26.366172274574637,27.315648965537548,0.9494766909629108,1.0,0.0832263878768137,9,unreviewed
2023-01-21,2023-01-20,2023-01-23,4.316914290278574,4.673216737505265,1111.5642853258987,1108.3544681365602,1115.5896984688006,7.235230332240462,2.25,0.1284751686227666,1,unreviewed
2021-10-24,2021-10-21,2021-10-27,4.3134690816361365,7.998814465323319,658.8947965480019,658.6501516872086,659.398014056962,0.7478623697534204,0.75,0.0458844242949123,10,unreviewed
2024-11-29,2024-11-26,2024-12-03,4.313123225999915,2.4211347584702843,566.9726267707445,562.6693451306783,571.1520202965476,8.482675165869296,1.5,0.1187589730508659,11,unreviewed
2019-12-04,2019-12-02,2019-12-06,4.3118804534928445,32.68252713793461,519.9830847567611,519.5074965995736,520.5054582399316,0.9979616403579712,1.0,0.0333267446520823,12,unreviewed
2023-08-04,2023-08-01,2023-08-07,4.30800400123114,26.648390506644525,244.21615810144556,243.8206578292884,244.81861832085997,0.9979604915715754,1.0,0.0498444801102987,8,unreviewed
2019-11-29,2019-11-26,2019-12-02,4.298929422959936,29.167333396688644,566.7483516787933,566.4117018929683,567.4096635333262,0.9979616403579712,1.25,0.0379854328725968,11,unreviewed
2018-01-11,2017-12-21,2018-02-01,4.295322794229754,3.5826577435018168,950.4517602530344,945.968460822478,954.1998117845504,8.23135096207261,2.0,0.122224018171637,1,unreviewed
2023-12-17,2023-12-13,2023-12-21,4.294961283090433,11.749488453573004,85.8611045873404,85.63172697136179,86.3478747936897,0.7161478223279119,0.75,0.0367242764854766,12,unreviewed
2024-01-03,2023-12-28,2024-01-10,4.286990698464155,2.9691026193897336,69.12201242092681,68.36538425646722,70.24817735282704,1.8827930963598192,1.25,0.0651875512866163,1,unreviewed
2025-02-15,2025-02-10,2025-02-20,4.286724991519105,12.28701974660028,377.15684630633905,376.7989919409156,377.7969528166577,0.9979608757421374,1.0,0.0585574044385519,2,unreviewed
2023-02-02,2023-02-02,2023-02-03,4.282416484795343,17.596874281181805,549.3778546849516,546.2029749751091,552.9392167693004,6.736241794191301,2.25,0.1182340349353594,2,unreviewed
2022-07-31,2022-07-29,2022-08-02,4.2824031994480904,34.87140776399247,1223.2727384336793,1221.1162861455232,1225.6061414056458,4.489855260122567,4.5,0.1270186066245335,7,unreviewed
2022-06-23,2022-06-15,2022-07-01,4.281273695441539,18.27352365293543,1009.1384730972352,1007.3290203427896,1011.0705748763868,3.741554533597082,3.0,0.1069519697839782,6,unreviewed
2018-10-22,2018-10-08,2018-11-05,4.281147016848723,1.749363366106557,41.77022142432118,41.5325542492792,42.248702072538435,0.7161478232592344,0.75,0.0779756014341593,10,unreviewed
2023-02-04,2023-02-03,2023-02-06,4.281001439381645,30.38762384241534,243.92268873923413,242.82269654469565,245.56708947010335,2.7443929254077375,3.5,0.1166911406926625,2,unreviewed
2023-06-04,2023-06-02,2023-06-06,4.27884459756009,3.3034538591874365,166.2026664168517,163.48479797830805,169.7220532083884,6.237255230080336,1.5,0.1083256867328774,6,unreviewed
2023-02-02,2023-02-02,2023-02-03,4.278423208799348,24.496724235757057,585.3714658172565,585.1234857081436,585.8719568308443,0.748471122700721,0.75,0.07895925069924,2,unreviewed
2021-02-22,2021-02-08,2021-03-08,4.274543014186307,16.36581564913682,122.93909445280892,122.5684026083909,123.56636346364394,0.9979608552530408,1.0,0.1370379204989109,2,unreviewed
2024-07-20,2024-07-18,2024-07-23,4.273770218634858,6.446601711498293,31.90005120670969,31.266080355271697,32.68221477884799,1.4161344235762954,2.0,0.0710456450295304,7,unreviewed
2019-07-26,2019-07-22,2019-07-31,4.266941300656982,0.3457414432039575,38.267215071109,37.332632769364864,39.21542586479336,1.8827930954284968,1.0,0.0478491613352608,7,unreviewed
2024-02-03,2024-01-30,2024-02-08,4.264517753930018,2.820247285508524,1026.858838435949,1024.2904770709574,1030.0274975714274,5.737020500469953,1.75,0.1117947469610476,2,unreviewed
2023-02-04,2023-02-03,2023-02-06,4.259495892668572,13.747030526206414,311.07682322591666,308.6881312523037,313.42844730243087,4.740316050127149,3.0,0.1300293274723331,2,unreviewed
2023-02-04,2023-02-03,2023-02-06,4.257445645487647,29.136677195390288,524.9920808982055,523.4993438804522,526.4932286632247,2.9938847827725112,4.0,0.1005539110143475,2,unreviewed
2023-12-24,2023-12-21,2023-12-28,4.255462698258298,3.1235158694280365,412.0661605357127,407.98528579296544,416.2184687657282,8.233182972762734,1.5,0.0974761973560563,12,unreviewed
2024-02-19,2024-02-16,2024-02-23,4.250869273852614,3.2640008829556164,1076.028196058547,1071.4333508131094,1080.9118697550148,9.47851894190535,1.5,0.1037499365039977,2,unreviewed
2024-12-16,2024-12-16,2024-12-17,4.249970111570961,4.871938331486605,34.17837469636704,33.83269882807508,34.78217551764101,0.9494766895659268,2.25,0.0494548548318325,12,unreviewed
2023-01-14,2023-01-09,2023-01-20,4.242020421739658,16.41977528061802,568.6001572043897,566.9106829273514,570.1540582282469,3.2433753008954227,3.25,0.1159264114408234,1,unreviewed
2024-02-19,2024-02-16,2024-02-23,4.240094108760567,3.135631305727564,797.1295315582947,792.4225159371272,802.401218119543,9.978702182415873,1.5,0.1093018634369654,2,unreviewed
2021-02-01,2021-01-26,2021-02-08,4.2384848353123905,13.047643815643324,377.8860295476647,377.2979722986929,378.5454241000116,1.2474518013186753,1.25,0.0623098829190991,2,unreviewed
2018-09-22,2018-09-06,2018-10-08,4.235888890933755,27.871289024710237,577.1390979948773,576.8903006301261,577.6387717537582,0.7484711236320436,1.0,0.0496337204310765,9,unreviewed
2023-03-19,2023-03-17,2023-03-22,4.231960669478532,34.73586612539234,1147.0572957038205,1146.5265476536006,1147.7740005273372,1.24745287373662,1.25,0.1535070434160625,3,unreviewed
2023-02-02,2023-02-02,2023-02-03,4.228499992450561,19.017079362275364,616.4521259424255,612.3015162115917,620.7741511599161,8.472634948324412,2.5,0.1158711888433182,2,unreviewed
2017-11-11,2017-10-02,2017-12-21,4.228099623229839,3.564107326036284,1145.9870394982638,1143.782149994746,1149.0214540092277,5.239304014481604,2.25,0.1135982068031752,11,unreviewed
2019-07-05,2019-07-02,2019-07-08,4.22260398028891,19.41150672246973,1060.8191060853928,1059.4605577555485,1062.2043800544925,2.7438222989439964,4.5,0.1196691830274642,7,unreviewed
2020-04-05,2020-04-02,2020-04-08,4.220613298866793,20.15359126480646,1127.650391312736,1125.0703457822092,1130.0601600967348,4.9898143145255744,3.5,0.1301119940724492,4,unreviewed
2019-10-13,2019-10-09,2019-10-17,4.215493263255227,21.415720672035818,1073.287814878881,1071.6827838090248,1075.1749060959555,3.4921222869306803,3.75,0.1223220462752466,10,unreviewed
2023-02-25,2023-02-21,2023-03-02,4.2016562310428744,7.0972233153728705,958.4524532765962,956.1952199093066,960.685073682107,4.489853772800416,2.5,0.1192144944206731,2,unreviewed
2024-03-03,2024-02-27,2024-03-08,4.1965478590929814,2.6280521593317157,680.7974763789953,676.5915587437339,685.3133795834146,8.721820839680731,1.5,0.1040207257565278,3,unreviewed
2025-03-03,2025-02-28,2025-03-07,4.196213480000865,2.467092766053285,298.40687659697505,294.46718298178166,301.95189160062,7.48470861883834,1.5,0.104600938517228,3,unreviewed
2024-04-06,2024-04-04,2024-04-09,4.19394093715042,2.305042916216148,677.3293532967831,672.6045785141177,682.5723310480826,9.967752533964813,1.25,0.1104639098720935,4,unreviewed
2021-11-03,2021-11-03,2021-11-04,4.186526653050644,12.194961422844274,115.2814505287851,115.08369618328288,115.83216694975272,0.7484707664698362,1.5,0.0306000443227696,11,unreviewed
2025-05-16,2025-05-14,2025-05-19,4.185433886459735,11.854286068108502,112.6235005480142,112.3393039526418,113.33726456016302,0.997960607521236,1.25,0.029498388077077,5,unreviewed
2025-01-26,2025-01-24,2025-01-28,4.182544354618575,3.303819769077823,1071.1157194308878,1067.691852873657,1074.426606358029,6.73475348437205,1.75,0.1082924133891538,1,unreviewed
2023-02-25,2023-02-21,2023-03-02,4.17917149810202,2.579041958269376,631.0567636076257,627.0035022045486,634.977765370626,7.974263166077435,1.75,0.1240829088020238,2,unreviewed
2024-11-15,2024-11-12,2024-11-19,4.178701957754054,4.122847660525507,397.8653543081759,394.0138249960728,400.25108349788934,6.237258501816541,3.0,0.1170759887368622,11,unreviewed
2023-08-04,2023-08-01,2023-08-07,4.17768110668137,3.0774099511205755,113.20278427275132,109.84440205944702,116.58063746755944,6.736235408112407,1.75,0.1096047438071518,8,unreviewed
2023-02-04,2023-02-03,2023-02-06,4.17629375466758,15.444628618290867,386.98564002047146,384.78268264839426,389.2735085180029,4.4908258696086705,1.5,0.0941151435169208,2,unreviewed
2020-07-05,2020-07-02,2020-07-08,4.174664397267217,14.821656363092904,1099.1947879170464,1097.3768765050918,1101.36872703908,3.991850533988327,3.25,0.1168139806729215,7,unreviewed
2024-10-13,2024-10-09,2024-10-18,4.158781421577978,31.57021261344271,223.8680539879505,223.3624548637308,224.6099062366411,1.247451372910291,2.0,0.0787999401601063,10,unreviewed
2023-05-12,2023-05-10,2023-05-15,4.15372307239098,11.87326020265664,114.20973655658138,113.83624548604712,114.8342058439739,0.997960357926786,1.0,0.0442414535002939,5,unreviewed
2020-06-14,2020-06-10,2020-06-19,4.142160454204742,1.7504776387659573,41.53574738586164,41.299225381575525,42.01537320576608,0.716147824190557,0.75,0.0712589513277974,6,unreviewed
2021-11-24,2021-11-22,2021-11-27,4.142048807389802,28.111709723327973,789.3220168307048,788.9269565031864,789.9254948263988,0.998538323212415,1.5,0.0650390071836193,11,unreviewed
2023-03-29,2023-03-22,2023-04-06,4.133883183886255,3.34173189851556,868.2648663176641,865.92688826425,870.660569800064,4.7336815358139575,1.0,0.0637983538680786,3,unreviewed
2023-08-04,2023-08-01,2023-08-07,4.128340574436024,30.603042713645657,807.4360957540069,806.8850402240641,808.1310173012316,1.2459770771674812,1.25,0.0457257011511203,8,unreviewed
2025-07-06,2025-07-01,2025-07-11,4.126934510665539,2.6322992254908564,80.26948216701192,75.365252842661,85.64788819337264,10.282635350711644,1.25,0.1037548215513332,7,unreviewed
2019-10-13,2019-10-09,2019-10-17,4.124079907436876,27.157919773007137,567.5918746287887,567.1601734440774,568.1581350858323,0.997961641754955,1.0,0.0360939194945927,10,unreviewed
2022-12-16,2022-12-12,2022-12-20,4.12379112265857,14.999983854015492,380.2916685610163,380.0423662592657,380.7908369554207,0.7484706961549819,0.75,0.0388156046573485,12,unreviewed
2023-02-19,2023-02-17,2023-02-21,4.122667731159205,4.6275085726012115,1089.744798463607,1087.3972476581112,1093.6345154535957,6.237267795484513,2.75,0.1193717304876506,2,unreviewed
2021-11-20,2021-11-18,2021-11-22,4.120566588000074,26.976733075136508,538.3337920989276,537.9697898970917,538.9677515379153,0.9979616408236324,1.0,0.0255926514600309,11,unreviewed
2023-12-02,2023-11-27,2023-12-08,4.113566395075928,24.55633818780384,541.7866334756741,541.4626561431214,542.460617783945,0.9979616408236324,1.0,0.0411898306047124,12,unreviewed
2023-02-04,2023-02-03,2023-02-06,4.11274744385797,18.55598898290755,343.66526666560014,342.1198359001428,345.6127005573362,3.4928646571934223,3.0,0.1179092276175437,2,unreviewed
2025-04-18,2025-04-15,2025-04-21,4.105114419322445,2.2845637726602708,625.9199203739121,621.2722197398543,630.9907861351967,9.71856639534235,1.5,0.1046920294074981,4,unreviewed
2024-03-03,2024-02-27,2024-03-08,4.096421186652657,2.9552383161905715,699.643309535751,695.5456007425673,704.2843041731976,8.738703430630267,1.25,0.1060227624010752,3,unreviewed
2023-02-02,2023-02-02,2023-02-03,4.093847072656832,14.824691981126168,537.1978920437488,534.227433134336,540.2152041234076,5.987770989071578,2.25,0.1143281384575558,2,unreviewed
2024-11-01,2024-10-29,2024-11-04,4.086486740788857,31.426082215996903,571.3936127969741,570.9025302072987,572.1499823653139,1.2474521580152214,1.75,0.0618373940028388,11,unreviewed
2019-01-21,2019-01-19,2019-01-23,4.0864256157169905,30.808826380065835,1220.7886657201825,1220.118553164415,1221.615209480282,1.4966563158668578,1.5,0.0874665123040525,1,unreviewed
2024-07-26,2024-07-23,2024-07-29,4.082164324992621,7.555609465940351,35.58280588994735,35.232672029640526,36.18214918859303,0.9494771589525044,1.5,0.0439005448582696,7,unreviewed
2023-08-27,2023-08-22,2023-09-01,4.080468416110951,15.875160900341834,122.65720815732332,122.31891251774503,123.31687312480062,0.9979606070555748,1.0,0.1751467026755757,8,unreviewed
2024-07-20,2024-07-18,2024-07-23,4.07886419483708,0.2971785318832984,38.85745533221662,37.79929097183049,39.915412466507405,2.116121494676918,1.0,0.0816924309657717,7,unreviewed
2022-08-13,2022-08-10,2022-08-17,4.075088786061522,13.151357058762668,35.504960859155034,35.232672029640526,35.94882008759305,0.7161480579525232,1.75,0.0514121490527246,8,unreviewed
2025-07-18,2025-07-14,2025-07-22,4.071789279631206,25.25336721057545,244.31117715243397,243.8206578292884,245.0681087039411,1.2474508746527135,0.75,0.0366711320778197,7,unreviewed
2024-02-19,2024-02-16,2024-02-23,4.0685552643493175,3.483007980385691,730.4725911177051,727.5049951467663,733.9965541195124,6.491558972746134,1.75,0.1134891222834501,2,unreviewed
2025-03-28,2025-03-24,2025-04-01,4.057474286780375,2.38892185810205,66.06264836566805,61.36551543790847,70.71483508637175,9.34931964846328,1.5,0.103166690106596,3,unreviewed
2024-06-02,2024-05-29,2024-06-07,4.05243196733161,3.2450034692171625,147.5368216265647,142.77710982970893,152.00824812659994,9.231138296891004,1.75,0.1171935570298139,6,unreviewed
2023-02-02,2023-02-02,2023-02-03,4.0518648763587475,16.378625796996406,289.14631638010906,285.98451393283904,292.72075100056827,6.736237067729235,2.0,0.1175301419960001,2,unreviewed
2021-11-20,2021-11-18,2021-11-22,4.047695397987221,13.749475464319628,125.70586379120029,125.31279508769512,126.560246033594,1.2474509458988905,1.0,0.0366947542930174,11,unreviewed
2020-05-25,2020-05-22,2020-05-29,4.046160410213116,2.0242409999679367,37.20474659913421,36.86597503628582,37.81545196054503,0.9494769242592156,0.75,0.0323588398127747,5,unreviewed
2025-10-11,2025-10-06,2025-10-17,4.043686715978215,4.336392250523745,149.2193959319453,148.51538488036022,150.01232641469687,1.4969415343366563,1.0,0.0492059441969352,10,unreviewed
2024-01-28,2024-01-26,2024-01-30,4.039948231735864,2.8007229924829957,348.6094142349754,345.11372003983706,351.8499582684599,6.736238228622824,1.5,0.1055087096878506,1,unreviewed
2020-06-04,2020-05-29,2020-06-10,4.034811729778408,24.34233592594592,924.5816194181806,923.0206101876684,926.0138649833387,2.9932547956705093,2.25,0.079505825782397,6,unreviewed
2023-10-10,2023-10-03,2023-10-18,4.032025549206721,2.531628148423388,568.2686215031052,566.4117018929683,570.6530392616987,4.241337368730456,1.25,0.0869662968405866,10,unreviewed
2023-10-29,2023-10-26,2023-11-01,4.03039026641674,2.5667785360936812,503.9150612243768,500.0472412328236,507.7814448485151,7.734203615691513,1.75,0.1144897019180634,10,unreviewed
2023-11-21,2023-11-16,2023-11-27,4.027508531140872,2.938808170868291,535.9913712442734,533.4789620810188,539.2172420555726,5.738279974553734,2.75,0.1111948155617876,11,unreviewed
2018-12-22,2018-12-18,2018-12-26,4.0265977051975455,3.603991214803695,945.33194299176,941.9775298861788,949.2111478643492,7.233617978170514,1.75,0.1180734975578537,12,unreviewed
2024-09-20,2024-09-17,2024-09-24,4.025805137556525,29.07954667111217,540.083530980787,539.7162235174328,540.7141846609302,0.9979611434973776,1.5,0.047608325527466,9,unreviewed
2018-12-07,2018-12-04,2018-12-10,4.025407637471829,2.9154122537152714,116.10881858352326,111.84032377321272,120.5724808932282,8.732157120015472,1.25,0.1203213033875278,12,unreviewed
2022-06-10,2022-06-06,2022-06-15,4.024621930808262,30.3934262252044,808.0402677169589,807.6324054650031,808.6292607947253,0.996855329722166,1.0,0.0509577838851407,6,unreviewed
2023-08-04,2023-08-01,2023-08-07,4.023904646801672,14.855615659594203,80.75437980541112,80.4984900248237,81.21463784808293,0.7161478232592344,1.0,0.0352870539212157,8,unreviewed
2025-10-11,2025-10-06,2025-10-17,4.021511849728208,6.421778088726982,169.3887221317695,166.47868030006066,172.96542561799288,6.486745317932218,3.0,0.1112381043678567,10,unreviewed
2025-08-09,2025-08-05,2025-08-13,4.021252504780434,8.679682041559454,900.3271689254456,898.57616007654,902.3177146110684,3.741554534528405,3.25,0.1175220969104338,8,unreviewed
2019-12-10,2019-12-10,2019-12-11,4.018974098912891,28.80536407924822,210.6271684327356,210.13947027456015,211.38692189799625,1.2474516234360635,1.5,0.0624627730040864,12,unreviewed
2025-01-19,2025-01-14,2025-01-24,4.011046177091874,0.4877831580391735,40.13396830554021,39.43259350955486,41.08205750398338,1.6494639944285154,1.5,0.1382605355726922,1,unreviewed
2023-09-03,2023-09-01,2023-09-05,4.004847346334397,4.020892671252973,34.779981464117654,34.29935656255111,35.24883325304836,0.9494766904972494,2.0,0.0515896762828356,9,unreviewed
2023-03-04,2023-03-02,2023-03-06,4.001061334230045,12.37481834924398,377.9210628951681,377.54746272740886,378.5454241000116,0.997961372602731,1.0,0.0737138697808062,3,unreviewed
2023-12-17,2023-12-13,2023-12-21,3.997955432108986,30.391155299108753,1113.1260125283834,1112.0968285812996,1114.5917349364609,2.49490635516122,3.5,0.1175062595423598,12,unreviewed
2023-03-29,2023-03-22,2023-04-06,3.9952804617445814,14.291950604992074,417.9410841616224,416.2184691489674,419.9608243606054,3.742355211637914,3.5,0.10484826913301,3,unreviewed
2021-11-16,2021-11-15,2021-11-18,3.991408562677007,5.435232078290989,102.0907210738632,101.61122486693785,102.85867556510492,1.2474506981670856,1.25,0.1365437500026958,11,unreviewed
2019-05-07,2019-05-02,2019-05-13,3.989619406874481,2.16979357259412,68.96594127467897,65.56543691689149,72.81479559186846,7.249358674976975,1.25,0.1030176924451706,5,unreviewed
2023-12-02,2023-11-27,2023-12-08,3.988030092633443,3.1405261522040093,368.90760348565146,365.5719271642156,372.8071462488733,7.235219084657729,1.5,0.1069097144962952,12,unreviewed
2023-01-21,2023-01-20,2023-01-23,3.9874570762709607,4.2837380476341,1036.6706859995477,1033.7689384175465,1040.5036919033157,6.734753485769033,2.0,0.1201425939313494,1,unreviewed
2023-01-21,2023-01-20,2023-01-23,3.9808729704431607,4.145712521558847,551.5245887599085,549.4463507034816,553.9371785898693,4.490827886387706,2.5,0.1080914498284468,1,unreviewed
2019-01-21,2019-01-19,2019-01-23,3.9781344424785208,0.3635739689910229,39.22125944574097,38.49927804293111,40.14874133234843,1.6494632894173265,1.0,0.0554848249129626,1,unreviewed
2018-07-12,2018-06-15,2018-08-08,3.97638102613128,8.78727340285802,407.18138251434567,404.9914011177607,410.230699414853,5.2392982970923185,3.25,0.1237821252101458,7,unreviewed
2018-12-22,2018-12-18,2018-12-26,3.974257054628982,3.957237742194817,968.1355569816344,965.1748137678952,971.9095655032434,6.734751735348254,2.0,0.1210856757409314,12,unreviewed
2024-09-14,2024-09-11,2024-09-17,3.9732475553553583,23.48925338008025,769.086771520696,768.7026521293446,769.701190453954,0.9985383246093988,1.25,0.0491904153973001,9,unreviewed
2019-11-29,2019-11-26,2019-12-02,3.96909423146711,1.9972319019910032,542.6100626451012,540.2152043036185,545.9534840295091,5.738279725890607,1.5,0.1125518623795966,11,unreviewed
2023-02-19,2023-02-17,2023-02-21,3.968026850492781,3.2941934663401606,144.49152894170211,141.5296591320075,148.01640470093116,6.486745568923652,1.5,0.1155370352477236,2,unreviewed
2025-01-12,2025-01-10,2025-01-14,3.960889687509639,3.134381373638349,46.81284780001598,46.43246232997626,47.38193901954219,0.9494766895659268,1.0,0.0468155091122936,1,unreviewed
2019-09-20,2019-09-16,2019-09-24,3.960692590339133,31.394758238504835,571.1334846582661,570.6530396901071,571.900491848588,1.2474521584808826,1.5,0.0611551008542096,9,unreviewed
2023-12-24,2023-12-21,2023-12-28,3.9602845492981658,10.578260020016362,663.1600775068981,661.1420130888,665.6276685525663,4.485655463766307,4.25,0.1245965823106607,12,unreviewed
2023-07-15,2023-07-12,2023-07-18,3.9569247286387736,14.074568383629238,1182.4181682512228,1180.9562667259015,1184.698626562487,3.74235983658582,2.25,0.0912796003178653,7,unreviewed
2021-03-30,2021-03-08,2021-04-21,3.9557217498009383,2.4347481786131584,567.7068906901404,565.4137398237363,570.4035487449728,4.989808921236545,1.25,0.0904082922707334,3,unreviewed
2019-01-04,2019-01-02,2019-01-07,3.9556241991760417,5.647940986929224,1069.4628252760197,1067.1929863807743,1071.9322738982737,4.739287517499179,2.25,0.1179312437897819,1,unreviewed
2020-03-26,2020-03-19,2020-04-02,3.9549568131873007,38.293572760746805,1191.9921102628778,1191.1842937050387,1193.4292505071498,2.244956802111119,2.5,0.1216016988309352,3,unreviewed
2020-06-28,2020-06-24,2020-07-02,3.952590399690776,4.679994895117143,35.127536536971704,34.76601429656148,35.715490986127406,0.9494766895659268,1.5,0.0406969575830179,6,unreviewed
2024-08-31,2024-08-27,2024-09-05,3.945660188736665,32.2491146796873,544.95768555029,544.7060321196914,545.454502995126,0.7484708754345775,0.75,0.0416948121493688,8,unreviewed
2022-07-31,2022-07-29,2022-08-02,3.9456417264700607,31.25109631716725,910.6365403201216,908.8029201640747,912.7939069434068,3.990986779332161,5.0,0.1248967710718128,7,unreviewed
2025-02-03,2025-01-28,2025-02-10,3.935688007496866,2.463452196744679,565.8972195144023,562.1703640953638,569.9045677110553,7.734203615691513,1.5,0.1103876971853522,2,unreviewed
2025-04-04,2025-04-01,2025-04-08,3.927172661260713,19.77721266403534,1060.0922158883163,1058.2133915256709,1062.2043800544925,3.990988528821618,3.0,0.1128345631174107,4,unreviewed
2025-11-13,2025-11-10,2025-11-17,3.9164523839883008,26.383489251936293,245.264301296869,244.81861861469224,245.81657985318452,0.9979612384922802,2.0,0.0587003980273389,11,unreviewed
2021-01-06,2020-12-17,2021-01-26,3.905670046056188,3.4914721206724404,812.7457456764862,809.1271359459497,816.6011556996964,7.474019753746688,1.75,0.117010074057061,1,unreviewed
2023-02-04,2023-02-03,2023-02-06,3.8982008741367777,3.107459598072529,458.4742819245075,457.3843839322217,460.1287780003622,2.7443940681405365,2.5,0.098315317625539,2,unreviewed
2023-02-25,2023-02-21,2023-03-02,3.897889198642784,3.835550274418096,125.0852225261748,122.5684026083909,127.80769723001868,5.239294621627778,1.75,0.1012746674047829,2,unreviewed
2024-02-03,2024-01-30,2024-02-08,3.8955915196658455,7.858417632594817,1003.6392857161932,1002.3403564225882,1005.0841779718176,2.743821549229324,3.5,0.1160685908550545,2,unreviewed
2018-01-11,2017-12-21,2018-02-01,3.890834429761615,3.2968159804849537,1139.062981224448,1136.54691880662,1142.0357145136222,5.488795707002282,1.75,0.1092820258322605,1,unreviewed
2024-05-12,2024-05-10,2024-05-14,3.887527750491234,4.913326397932727,34.19283559174034,33.83269882807508,35.015504385810345,1.1828055577352643,1.75,0.0432079648557763,5,unreviewed
2023-02-02,2023-02-02,2023-02-03,3.886128111090547,30.393832698848396,807.5432257432991,807.1341619710438,808.1310173012316,0.9968553301878272,1.0,0.0427332862189068,2,unreviewed
2024-02-25,2024-02-23,2024-02-27,3.886116884036531,2.8903070662924852,708.6103467305077,705.0335455653258,712.5238357703201,7.4902902049943805,1.5,0.103564215480639,2,unreviewed
2023-02-02,2023-02-02,2023-02-03,3.8846470131757216,13.881750769218616,236.86508240115404,233.59155634557828,239.8288126466796,6.237256301101297,2.75,0.1119337365955116,2,unreviewed
2023-01-14,2023-01-09,2023-01-20,3.884529503343685,5.923778097126663,712.2737715979572,710.276883718092,714.2716149869375,3.9947312688454986,2.75,0.1109889000352885,1,unreviewed
2024-01-03,2023-12-28,2024-01-10,3.88187174779544,4.120769805830108,427.3741093936835,424.70114222960547,430.18993050046265,5.488788270857185,2.75,0.1196545799331461,1,unreviewed
2022-06-23,2022-06-15,2022-07-01,3.880749104766341,25.71349681744564,1024.9247145465845,1024.2904770709574,1025.7871333891526,1.4966563181951642,1.25,0.0499416605801241,6,unreviewed
2022-08-13,2022-08-10,2022-08-17,3.8803031412318094,7.499521553327396,37.33848334953147,37.09930390259251,37.81545196054503,0.7161480579525232,0.75,0.0336300525568528,8,unreviewed
2023-02-04,2023-02-03,2023-02-06,3.8790485179454985,21.86419141644876,755.5415740093624,754.2210518987849,757.4667349313386,3.245683032553643,3.25,0.1181015661327268,2,unreviewed
2023-02-04,2023-02-03,2023-02-06,3.877711063949558,30.807831224460628,539.8050205554609,538.7182614486665,540.9636749294586,2.2454134807921946,4.25,0.1198405983718676,2,unreviewed
2023-02-02,2023-02-02,2023-02-03,3.871558451231114,29.08315019787088,621.7012779640548,619.5279157650657,624.262758364901,4.734842599835247,2.5,0.1252177566022153,2,unreviewed
2023-02-04,2023-02-03,2023-02-06,3.871438633615752,30.935633702466156,523.3798762804963,522.0024007763714,524.7467960375361,2.744395261164754,4.5,0.0952701412079483,2,unreviewed
2019-01-13,2019-01-07,2019-01-19,3.8664807665622,27.37290658206395,567.0349887914318,566.6611924101599,567.6591540519148,0.997961641754955,1.0,0.0502919006291591,1,unreviewed
2021-11-16,2021-11-15,2021-11-18,3.861324430142647,33.066247629930224,529.3229761710693,528.4891532296315,530.2355854255147,1.7464321958832445,1.5,0.0736680752503048,11,unreviewed
2025-01-12,2025-01-10,2025-01-14,3.849511885259505,2.5225603122767617,639.3273418823229,635.7250198405236,642.4533515605144,6.72833171999082,1.5,0.1036384057429127,1,unreviewed
2023-02-25,2023-02-21,2023-03-02,3.847800445619779,2.301275283538179,558.852939212956,556.6815739609301,561.9208731502295,5.239299189299345,1.75,0.1025660969581536,2,unreviewed
2020-07-05,2020-07-02,2020-07-08,3.839567210302045,33.66246501526439,570.8260751113653,570.4035491724499,571.6510013313964,1.247452158946544,1.0,0.1624622794758488,7,unreviewed
2023-02-04,2023-02-03,2023-02-06,3.833812035295774,23.59069945851033,771.0543439361986,769.2020176192746,773.4464323846623,4.2444147653877735,2.25,0.1109913611474164,2,unreviewed
2022-10-28,2022-10-25,2022-11-01,3.8270876536652936,25.95799786800706,536.2104767266338,534.476923651062,538.2192799863406,3.742356335278601,4.75,0.1224762635762907,10,unreviewed
2024-06-02,2024-05-29,2024-06-07,3.825355568720683,3.160589441041205,193.74802721924345,190.6792309479788,196.91648617759347,6.237255229614675,1.75,0.1047024389451994,6,unreviewed
2021-11-16,2021-11-15,2021-11-18,3.822437407891784,5.422419329509779,106.6916730475547,105.85255863331258,107.59898975817488,1.7464311248622837,1.0,0.0613422420359261,11,unreviewed
2023-01-21,2023-01-20,2023-01-23,3.8210228614582658,2.636391146308526,631.9365075656091,628.9969920706935,634.977765370626,5.98077329993248,1.75,0.110313462310774,1,unreviewed
2024-07-26,2024-07-23,2024-07-29,3.8193520887030887,31.398075073002108,224.08845031155911,223.61194499814883,224.6099062366411,0.9979612384922802,1.5,0.0988215185731832,7,unreviewed
2025-01-12,2025-01-10,2025-01-14,3.818778448615383,4.3650321673219805,1024.780248824698,1022.544445348438,1026.784866373986,4.24042102554813,3.0,0.1157540071903383,1,unreviewed
2024-12-16,2024-12-16,2024-12-17,3.8118617724986144,13.064986196388285,36.296854325494195,36.16598820127547,36.64880739059299,0.4828191893175244,1.5,0.0343715834103862,12,unreviewed
2021-05-18,2021-05-04,2021-06-01,3.8101142815409936,2.7244743729715517,113.86507899185298,107.349499668926,119.5745200375095,12.2250203685835,1.25,0.0977100699266673,5,unreviewed
2022-04-18,2022-04-15,2022-04-22,3.809212250123314,24.748812867659503,1114.1882998172782,1112.0968285812996,1115.8391894134693,3.742360832169652,2.0,0.0866280612191363,4,unreviewed
2023-02-02,2023-02-02,2023-02-03,3.805964388141472,4.387415351574959,670.6831364990215,669.8635309739038,671.8573240437545,1.9937930698506536,2.0,0.0777154670870048,2,unreviewed
2023-02-04,2023-02-03,2023-02-06,3.8020959819351456,2.978108633983066,463.10208680239,461.3762297509238,465.1185854608193,3.742355709895491,1.75,0.0871023569337261,2,unreviewed
2021-03-30,2021-03-08,2021-04-21,3.7981143696008233,2.538380977958562,915.279472493528,910.2995186406188,920.0274690780788,9.727950437460096,1.25,0.1007720280061093,3,unreviewed
2023-02-02,2023-02-02,2023-02-03,3.798108444211204,24.686872742355284,549.3257782772548,548.9473696681671,550.1948218271136,1.247452158946544,1.25,0.0490674861924323,2,unreviewed
2025-02-15,2025-02-10,2025-02-20,3.78614402223623,2.9772619537226994,701.2492803455017,697.293379960116,705.7824016455561,8.489021685440093,1.75,0.1061947800115885,2,unreviewed
2018-09-22,2018-09-06,2018-10-08,3.784988259397784,0.6411283463229801,25.80165862688508,25.199527003336694,26.84899123106152,1.6494642277248204,1.5,0.0746090305400421,9,unreviewed
2018-09-22,2018-09-06,2018-10-08,3.782717587723007,32.02370885175535,566.1037277498926,565.4137398237363,566.9106824994087,1.4969426756724715,2.0,0.0670361067331426,9,unreviewed
2025-02-24,2025-02-20,2025-02-28,3.778317767626582,2.8543834818897764,911.2006403059574,908.0546204261482,915.038805407472,6.984184981323779,1.25,0.081312111070472,2,unreviewed
2019-11-20,2019-11-18,2019-11-22,3.777073123943842,1.78111549585509,506.05222202103903,503.29061696119606,510.0268587563187,6.736241795122623,1.5,0.1083959288062087,11,unreviewed
2025-10-11,2025-10-06,2025-10-17,3.770021037081133,3.122050143588355,35.80653275368242,35.232672029640526,36.415478290524334,1.182806260883808,1.25,0.0409768514633446,10,unreviewed
2025-03-03,2025-02-28,2025-03-07,3.765302618140737,2.8670850474666443,903.4769140616576,897.8278605886735,909.0524102533236,11.224549664650112,1.0,0.0972480351604128,3,unreviewed
2023-02-25,2023-02-21,2023-03-02,3.763510094222006,3.2372331404549524,754.7955494394879,751.224857954774,758.7151486584917,7.490290703717619,1.25,0.0983555951010588,2,unreviewed
2024-11-15,2024-11-12,2024-11-19,3.7635079735562464,3.751750524592654,725.4689635535304,721.2629255130887,729.5022644526325,8.239338939543813,1.75,0.108900694724727,11,unreviewed
2023-12-24,2023-12-21,2023-12-28,3.762223972811928,2.6892197967022184,435.0429668861899,432.6848348625936,437.674642438069,4.9898075754754245,1.5,0.0973510301005827,12,unreviewed
2023-10-01,2023-09-29,2023-10-03,3.755886799799961,3.80966594820965,34.66687854716698,34.066027695313096,35.24883325304836,1.1828055577352643,1.75,0.0485191675117104,10,unreviewed
2021-05-18,2021-05-04,2021-06-01,3.738540627109801,47.12458849764754,997.9176279525512,996.1045262729748,1000.344947298523,4.24042102554813,3.0,0.1084270161470151,5,unreviewed
2018-09-22,2018-09-06,2018-10-08,3.7374288992721074,1.2084613628459302,30.461766381221167,29.86610621633008,31.282241577282548,1.4161353609524667,1.25,0.0570764357921014,9,unreviewed
2025-04-25,2025-04-21,2025-04-29,3.729501351686225,2.293062662829937,527.0381281379014,522.251891293563,531.2335474952124,8.981656201649457,1.25,0.0978104922239482,4,unreviewed
2024-01-18,2024-01-10,2024-01-26,3.726701948139808,3.1840198072948316,688.7639901842322,688.0551173822023,689.5530211976729,1.497903815470636,1.25,0.0717263544413522,1,unreviewed
2024-01-03,2023-12-28,2024-01-10,3.718793237055664,2.9022502905791954,77.68548321698617,76.99855561368167,78.64801937434822,1.6494637606665492,1.25,0.0635470081448975,1,unreviewed
2024-11-15,2024-11-12,2024-11-19,3.718695935920856,17.328993107096625,35.45769457678006,35.232672029640526,35.94882008759305,0.7161480579525232,1.25,0.0387166471307299,11,unreviewed
2020-12-02,2020-11-18,2020-12-17,3.716474850401319,28.12973895500437,567.0447285700986,566.6611924101599,567.6591540519148,0.997961641754955,1.0,0.0568071782286901,12,unreviewed
2019-11-20,2019-11-18,2019-11-22,3.714998617543233,15.250032092899264,514.5594450711956,512.7712546256371,516.5136109609157,3.742356335278601,3.25,0.1130641677775642,11,unreviewed
2024-12-28,2024-12-27,2024-12-30,3.714164322684785,3.001404998978472,1011.0228861087304,1008.0773200811818,1013.8143405821174,5.737020500935614,1.5,0.107367867992064,12,unreviewed
2025-02-24,2025-02-20,2025-02-28,3.7128269310613664,2.986260665056138,929.6090682178868,926.7621071278118,932.748559626285,5.986452498473227,1.5,0.0917269650713452,2,unreviewed
2019-11-15,2019-11-12,2019-11-18,3.7086470988511353,1.0998112080414897,30.51120012169546,29.86610621633008,31.282241577282548,1.4161353609524667,1.0,0.0543435752470848,11,unreviewed
2019-11-29,2019-11-26,2019-12-02,3.707374886513533,23.155939608944816,928.5852962776072,927.2609733701684,930.2542281658388,2.9932547956705093,3.0,0.0967967593949109,11,unreviewed
2023-09-09,2023-09-05,2023-09-14,3.6948641436156264,2.2169829083889345,523.2794564607345,518.5095345303416,527.7406812491827,9.231146718841046,1.25,0.0962576271312103,9,unreviewed
2024-01-18,2024-01-10,2024-01-26,3.688650281080271,5.305721249860942,1031.1450946603966,1029.528574236203,1033.2701295199804,3.741555283777416,2.5,0.1098732875736921,1,unreviewed
2018-05-05,2018-03-26,2018-06-15,3.685352832943192,3.000010916261947,41.30345258548415,41.06589651526883,41.78204433852807,0.7161478232592344,0.75,0.0870490824068479,5,unreviewed
2020-04-12,2020-04-08,2020-04-16,3.6812774123353114,19.08326541803384,1047.3696060218963,1045.9911654712632,1049.2338535129093,3.2426880416460335,3.75,0.123096991744801,4,unreviewed
2023-11-21,2023-11-16,2023-11-27,3.678916362875704,3.92442910127646,930.3905614456688,928.0092731080948,933.4968593642116,5.487586256116629,2.0,0.1180799068589241,11,unreviewed
2024-03-15,2024-03-09,2024-03-22,3.6775572032419994,3.3018229156728984,650.9809103110157,646.1908407076262,656.4077793820761,10.21693867444992,1.25,0.1034584397068261,3,unreviewed
2025-01-04,2024-12-30,2025-01-10,3.6774982612084135,30.64018317940755,284.3917302068539,283.9885918619111,284.98655285220593,0.997960990294814,1.0,0.0960238586559763,1,unreviewed
2021-10-30,2021-10-27,2021-11-03,3.670876295259571,18.277663630082152,1079.5042958288122,1077.9186139586382,1081.41073574638,3.4921217877417803,3.25,0.1147460739608774,10,unreviewed
2020-01-30,2020-01-27,2020-02-02,3.6685403195539337,31.37144426548895,807.5169817491343,807.1341619710438,808.1310173012316,0.9968553301878272,1.0,0.0567556212755326,1,unreviewed
2024-09-14,2024-09-11,2024-09-17,3.666787027951737,26.79821733842503,537.5217823843961,537.4708093605004,537.9697897182778,0.4989803577773273,1.0,0.0360048398757141,9,unreviewed
2024-09-14,2024-09-11,2024-09-17,3.666550012366951,18.496671795552245,887.099906852283,886.8531130119227,887.6011580936611,0.7480450817383826,0.75,0.039929882467504,9,unreviewed
2024-01-03,2023-12-28,2024-01-10,3.66576337011555,4.335086329585567,958.642969332623,955.9457866633312,961.4333729194476,5.487586256116629,2.0,0.1150389686102546,1,unreviewed
2024-02-19,2024-02-16,2024-02-23,3.6643107140708975,2.6702780625401057,687.8898801851843,685.0638894941658,691.3008004147559,6.236910920590162,1.75,0.1004114490555217,2,unreviewed
2019-04-19,2019-04-15,2019-04-23,3.663570476976096,11.5764096370035,110.1031021896874,109.59491172106937,110.8423624187708,1.2474506977014244,1.0,0.0433457164987924,4,unreviewed
2022-08-06,2022-08-02,2022-08-10,3.66045116476274,22.611834436222495,778.553661732362,776.6925009796396,780.4375495044515,3.745048524811864,2.75,0.1032041793130887,8,unreviewed
2022-06-23,2022-06-15,2022-07-01,3.659582377899454,27.148445136339557,1011.5880701484076,1011.070518032182,1012.3177411057986,1.247223073616624,1.5,0.0499454823675372,6,unreviewed
2023-01-05,2023-01-04,2023-01-06,3.6568685494536486,34.73213837987306,1146.6316045514045,1146.027566261124,1147.275019135326,1.2474528742022812,1.25,0.0898272170054809,1,unreviewed
2020-01-04,2019-12-30,2020-01-10,3.6453588231663314,1.8014575186207709,542.8424709768212,540.4646945716813,545.454502995126,4.989808423444629,1.5,0.1054823438159301,1,unreviewed
2021-10-11,2021-10-11,2021-10-12,3.645153492822879,2.186885549581278,598.7331135165888,595.6020846944302,602.0851849378087,6.483100243378431,1.25,0.1007026781788667,10,unreviewed
2019-09-20,2019-09-16,2019-09-24,3.64195372005574,31.7971859821712,222.1299836864805,221.6160229272209,222.86347454972565,1.247451622504741,1.5,0.0685562040882737,9,unreviewed
2025-01-19,2025-01-14,2025-01-24,3.6399867401921018,2.955644998573395,696.2847909812476,693.7978205247782,699.0409665214829,5.243145996704698,1.75,0.1014179993035452,1,unreviewed
2019-01-21,2019-01-19,2019-01-23,3.639402808638214,1.7578232690323066,598.4984440679159,594.8536138888448,603.0819304930046,8.228316604159772,1.25,0.0980441714745734,1,unreviewed
2023-12-24,2023-12-21,2023-12-28,3.638796173486206,3.0787926199042643,454.20890490737,450.64814341347665,458.38234469201416,7.734201278537512,1.5,0.1049369360880725,12,unreviewed
2025-10-03,2025-09-30,2025-10-06,3.6369782015783727,1.7528994821934898,544.0629921064645,540.9636751082726,546.9514460978098,5.987770989537239,1.5,0.0981085767714079,10,unreviewed
2023-11-21,2023-11-16,2023-11-27,3.636693346268972,2.2949367472657243,569.1667501785101,566.4117018929683,572.1499823653139,5.73828047234565,1.5,0.1033325140421771,11,unreviewed
2025-02-24,2025-02-20,2025-02-28,3.6364586384675106,2.9613599844698983,734.0425849771739,730.5011880910024,737.4921133043244,6.990925213322043,1.25,0.0948135194012984,2,unreviewed
2024-09-14,2024-09-11,2024-09-17,3.635963151150263,26.12401849340013,790.0487338133904,789.6760047371499,790.674543063622,0.998538326472044,1.0,0.0492819635636907,9,unreviewed
2022-07-31,2022-07-29,2022-08-02,3.632573266935116,2.3356162489531886,47.585342609595465,45.03248842479661,50.64854503190145,5.616056607104838,2.5,0.1125606286974179,7,unreviewed
2024-01-18,2024-01-10,2024-01-26,3.6315178614850714,4.443856538579916,1147.3960515411875,1145.5285848681815,1149.7699260977097,4.241341229528189,2.5,0.1132298950531524,1,unreviewed
2021-11-03,2021-11-03,2021-11-04,3.6291339836822982,30.437606191786795,210.1352684383311,209.6404895088635,210.88794113043696,1.2474516215734184,1.25,0.0610378745889253,11,unreviewed
2023-05-18,2023-05-15,2023-05-22,3.624946853886957,2.363527797879231,590.9516736421177,588.1173709183931,594.354632426519,6.237261508125812,1.5,0.0984792678443339,5,unreviewed
2018-12-14,2018-12-10,2018-12-18,3.617125152471438,1.9495172297570755,544.210871414218,541.2131656254642,547.6999176507816,6.486752025317401,1.5,0.0996947226432535,12,unreviewed
2024-04-06,2024-04-04,2024-04-09,3.6153236469094945,2.2377786549212786,69.08035901634554,65.56543691689149,72.58146649040282,7.016029573511332,1.25,0.0849100190692316,4,unreviewed
2022-10-22,2022-10-19,2022-10-25,3.6114148233087104,48.46997721134244,997.8194647995236,996.3539595184848,999.0977820679544,2.743822549469769,3.5,0.0971544905933988,10,unreviewed
2021-03-30,2021-03-08,2021-04-21,3.60848343950508,3.1836386720124703,549.6993011347656,547.2009370434098,551.9412554479204,4.740318404510617,2.0,0.1052387829398728,3,unreviewed
2022-05-21,2022-05-18,2022-05-25,3.603071625234139,4.150943783272689,34.57168073879436,34.29935656255111,35.24883325304836,0.9494766904972494,1.5,0.0600790074589577,5,unreviewed
2021-11-16,2021-11-15,2021-11-18,3.601433847543265,2.7142603818255653,116.41878456273092,114.58471575472504,118.3270690916106,3.742353336885571,1.25,0.0850269925314575,11,unreviewed
2019-07-05,2019-07-02,2019-07-08,3.592443784039794,1.0258802142009238,33.27993358200451,32.43272468959913,35.24883325304836,2.8161085634492338,2.0,0.0616932181879843,7,unreviewed
2023-12-17,2023-12-13,2023-12-21,3.5900438764987865,11.62326505739418,113.83575576853012,113.5867551472038,114.3352256640792,0.7484705168753862,1.0,0.0422585964289611,12,unreviewed
2020-02-07,2020-02-05,2020-02-10,3.584006902436709,2.3058304874039512,1014.4218505486132,1009.82335180277,1019.0524367475882,9.229084944818169,1.25,0.0947471957753732,2,unreviewed
2023-02-04,2023-02-03,2023-02-06,3.583396337815795,18.5644045948861,725.1399944794126,723.7597532169893,726.5060715093277,2.746318292338401,3.25,0.1257198234763153,2,unreviewed
2021-11-16,2021-11-15,2021-11-18,3.5738270206976104,30.99931040470801,532.4909383550818,532.2315099919215,532.9799811155535,0.7484711236320436,0.75,0.0581952194450046,11,unreviewed
2021-11-16,2021-11-15,2021-11-18,3.573207037825826,30.67583122760446,540.7868832668033,539.9657140341587,541.9616367490962,1.9959227149374783,1.25,0.0486067414653143,11,unreviewed
2023-12-24,2023-12-21,2023-12-28,3.572093688302554,11.542977635357657,378.0434098964409,377.54746272740886,378.5454241000116,0.997961372602731,1.0,0.038774118931917,12,unreviewed
2019-11-01,2019-10-29,2019-11-05,3.5713165266745435,0.9625380188044084,37.867784966793344,37.56596187129617,38.28211016301066,0.7161482917144895,0.75,0.0341253718199071,11,unreviewed
2025-01-26,2025-01-24,2025-01-28,3.5675872111929734,2.6139368557943548,645.7524343936636,643.4497921722941,648.4338204134256,4.984028241131455,1.75,0.0959447387340626,1,unreviewed
2022-07-15,2022-07-12,2022-07-18,3.5661682986828933,28.99387572188065,283.24238206306785,282.99063032958657,283.7391011849977,0.7484708554111421,0.75,0.1024174487597796,7,unreviewed
2025-02-24,2025-02-20,2025-02-28,3.5620336865513385,3.7341017323690417,1012.9621098623184,1010.3222182942554,1015.560372304637,5.23815401038155,2.0,0.1067438533837937,2,unreviewed
2024-11-15,2024-11-12,2024-11-19,3.560194196123306,3.7909578405946553,952.2249725898396,949.460524267517,955.197543768678,5.73701950116083,2.0,0.1107087496342113,11,unreviewed
2023-02-04,2023-02-03,2023-02-06,3.5601721162504085,30.96778583432574,230.27003718656184,229.10073143756017,232.0946144987829,2.993883061222732,4.0,0.126245505130229,2,unreviewed
2023-02-02,2023-02-02,2023-02-03,3.55449172589839,17.26607412252343,542.0693202301793,539.9657140341587,544.4565416728146,4.490827638655901,2.25,0.1109868553046686,2,unreviewed
2025-11-07,2025-11-05,2025-11-10,3.553541480520963,1.030155525082571,30.44707821927298,29.86610621633008,31.515570444520563,1.6494642281904817,1.5,0.0548312174760845,11,unreviewed
2023-12-10,2023-12-08,2023-12-13,3.551783947587249,8.225276851976892,195.22916040457685,193.42362367734313,197.1659765164368,3.7423528390936553,2.5,0.1035081452493496,12,unreviewed
2021-11-16,2021-11-15,2021-11-18,3.5460013910436836,2.8226896407126016,42.83251540368268,42.69919928722083,43.18201847746968,0.482819190248847,1.0,0.0298945063046843,11,unreviewed
2024-02-25,2024-02-23,2024-02-27,3.544141754290945,2.497676725270852,76.9936469100545,75.13192374166101,79.58133484143764,4.449411099776626,1.5,0.0758255709050363,2,unreviewed
2023-09-03,2023-09-01,2023-09-05,3.543777810623254,15.000551337969206,36.64023407668338,36.39931730134413,37.11546512553468,0.716147824190557,0.75,0.0437435987712709,9,unreviewed
2023-12-10,2023-12-08,2023-12-13,3.543610278028323,2.700906638729246,623.7861953809897,622.5181504404172,625.757875204552,3.239724764134735,1.25,0.0830882756176701,12,unreviewed
2020-01-24,2020-01-21,2020-01-27,3.540965371219673,2.9096294912640532,1040.0535761162853,1035.2655378938653,1044.7440560855905,9.478518191725016,1.25,0.0985350257894923,1,unreviewed
2023-02-04,2023-02-03,2023-02-06,3.5404018978531044,18.17109838756264,713.1506983168289,711.0259319539182,715.2703464683145,4.24441451439634,2.0,0.1135504567666627,2,unreviewed
2025-11-07,2025-11-05,2025-11-10,3.53648334413884,1.708307789256249,31.109129131449304,30.332764418795705,31.748899311758574,1.416134892962873,1.5,0.0601424982035513,11,unreviewed
2024-04-21,2024-04-16,2024-04-26,3.5359431980956155,5.600119957904929,105.96270944678626,105.60306829307228,106.60102890152484,0.9979606084525584,1.5,0.1258167957553866,4,unreviewed
2023-02-02,2023-02-02,2023-02-03,3.5296535529456516,35.24864838907593,1196.925665188381,1196.6718261023052,1197.420182682108,0.7483565798029304,0.75,0.065324139292025,2,unreviewed
2022-08-20,2022-08-17,2022-08-24,3.528584487913221,22.27424785329471,652.109466964382,651.6729377768934,652.9191724266857,1.2462346497923136,1.5,0.1273885318529001,8,unreviewed
2019-11-15,2019-11-12,2019-11-18,3.528296950585361,28.651363364848727,566.9774384896238,566.6611924101599,567.6591540519148,0.997961641754955,1.0,0.036500110808772,11,unreviewed
2023-03-29,2023-03-22,2023-04-06,3.5281526829412533,3.835435803039846,925.0567480685272,922.022877204232,928.2587631973438,6.235885993111879,1.75,0.1144048121381097,3,unreviewed
2024-07-26,2024-07-23,2024-07-29,3.524918854776932,29.521744048418476,212.8820332146683,212.384882977698,213.6323343515396,1.2474513738416135,2.0,0.0867299185455431,7,unreviewed
2022-09-03,2022-08-30,2022-09-08,3.523290931944583,2.2100592525439535,94.54613730391094,89.83164845127612,99.64762537227944,9.815976921003312,1.25,0.1020831315857354,9,unreviewed
2022-07-23,2022-07-18,2022-07-29,3.522318544321735,0.2503668171357699,39.14083735458523,38.26594917429611,40.14874133234843,1.8827921580523252,0.75,0.0596378624042543,7,unreviewed
2021-11-20,2021-11-18,2021-11-22,3.519947764748648,22.59580486289625,643.4927344015731,643.2006060322747,644.1976547907107,0.9970487584359944,1.25,0.03889388066317,11,unreviewed
2021-01-06,2020-12-17,2021-01-26,3.5198551415530144,3.753351597834486,789.5606570007684,785.4313980676234,793.1713715177029,7.73997345007956,1.75,0.1051364571842694,1,unreviewed
2024-01-03,2023-12-28,2024-01-10,3.5171643285679433,4.519350973380857,931.3736620162584,928.508139600046,934.245159102138,5.737019502092153,2.5,0.1159198534320716,1,unreviewed
2023-02-02,2023-02-02,2023-02-03,3.5146966220951827,27.8467825112227,798.7733016629179,796.667122607585,800.6573658902198,3.990243282634765,1.75,0.0767507780513085,2,unreviewed
2023-02-04,2023-02-03,2023-02-06,3.5102052391360026,25.43419906396578,784.1593627016116,781.9358391328715,786.4299363922328,4.494097259361297,3.0,0.1212242861708078,2,unreviewed
2018-12-14,2018-12-10,2018-12-18,3.507657446344593,6.492502199121747,1156.9944592572583,1155.5082137142308,1159.250573551748,3.7423598375171423,4.0,0.1162696213342181,12,unreviewed
2024-09-20,2024-09-17,2024-09-24,3.5066692784736,4.203307220491564,34.69252784124,34.29935656255111,35.24883325304836,0.9494766904972494,1.25,0.0474112469549368,9,unreviewed
2024-01-03,2023-12-28,2024-01-10,3.505459750520922,5.286499300522965,924.3850565857758,922.2723104502074,926.2632982288488,3.990987778641283,2.75,0.1062403886574882,1,unreviewed
2022-08-13,2022-08-10,2022-08-17,3.5037365224744796,11.771864290042648,37.678500468095706,37.56596187129617,38.04878106107935,0.4828191897831857,0.75,0.0311180284953224,8,unreviewed
2021-11-16,2021-11-15,2021-11-18,3.4990685629046334,15.461412949700817,119.81566021929588,119.07553960895166,120.82197098433971,1.746431375388056,1.25,0.0646398385896963,11,unreviewed
2021-11-16,2021-11-15,2021-11-18,3.49769948603988,2.7457646613432076,162.29073921985204,161.73836660431698,162.98581705149263,1.2474504471756518,1.25,0.061602104991562,11,unreviewed
2020-11-12,2020-11-12,2020-11-13,3.495147202426865,30.980531223761584,1221.0141894277103,1220.367986409925,1221.8646427257918,1.4966563158668578,1.5,0.0827664424534834,11,unreviewed
2025-08-01,2025-07-28,2025-08-05,3.490310837046776,31.514137733784537,541.4795491397728,541.2131656254642,541.9616367490962,0.7484711236320436,0.75,0.0465891053849832,8,unreviewed
2025-11-07,2025-11-05,2025-11-10,3.4888206327436917,2.4433968506210166,486.2895014380033,482.8324036723934,490.31711522722617,7.4847115548327565,1.25,0.1045554339667053,11,unreviewed
2023-11-21,2023-11-16,2023-11-27,3.484614791191657,2.789481226453448,646.5524101873026,643.9481647014618,649.6797516117804,5.731586910318583,2.0,0.1134548451628766,11,unreviewed
2023-01-07,2023-01-06,2023-01-09,3.484222031418657,2.6071983579385365,612.1918881149534,611.3047711541876,613.2985652177595,1.9937940635718403,1.25,0.0664788470030737,1,unreviewed
2024-04-06,2024-04-04,2024-04-09,3.4792944150384253,2.400152717285623,513.5301849102779,511.2743115215562,516.5136109609157,5.239299439359456,1.75,0.1044666777870339,4,unreviewed
2025-10-11,2025-10-06,2025-10-17,3.476453284274581,12.36543962517064,153.23569851432595,151.25977736059576,155.00213019968942,3.7423528390936553,1.5,0.0604194960017819,10,unreviewed
2025-07-06,2025-07-01,2025-07-11,3.475200594536462,2.165322140777085,519.6748306278681,516.2641208716668,523.7488339697011,7.484713098034263,1.5,0.1038122301517556,7,unreviewed
2023-02-04,2023-02-03,2023-02-06,3.4740536885961855,30.20520477907613,558.7325519277772,557.9290262982249,559.9249500078149,1.995923709589988,4.0,0.1188148350914013,2,unreviewed
2022-09-27,2022-09-26,2022-09-28,3.4711569215424394,25.91263273709323,536.1918982821259,534.476923651062,538.4687705030665,3.991846852004528,4.75,0.1233210347376685,9,unreviewed
2023-02-04,2023-02-03,2023-02-06,3.469366268799377,15.030253407959602,578.2217337884945,577.1397911468521,579.3852051254362,2.2454139785841107,2.25,0.0840356699500142,2,unreviewed
2020-04-05,2020-04-02,2020-04-08,3.466531687150377,2.224812940820722,502.7128314643395,499.0492791645229,506.5339930090122,7.484713844489306,1.25,0.1030463632861535,4,unreviewed
2025-06-20,2025-06-16,2025-06-25,3.4654653041364045,32.111369894826325,567.8503333903816,567.1601734440774,568.6571156224236,1.496942178346217,2.0,0.1057905925334167,6,unreviewed
2021-04-27,2021-04-21,2021-05-04,3.4649660744678177,48.62951385048072,993.4473589833724,991.614728845656,995.3562833783216,3.7415545326657593,3.25,0.1150784802412149,4,unreviewed
2021-09-21,2021-09-08,2021-10-05,3.4646412383716165,14.493156737748157,1092.1987211092485,1090.640627706889,1094.133496846538,3.492869139648974,2.75,0.1029488036117404,9,unreviewed
2025-10-11,2025-10-06,2025-10-17,3.4497507342574085,5.44868425782057,160.1869983980857,158.74448353564367,161.98785669356585,3.2433731579221785,2.25,0.0890131168034015,10,unreviewed
2024-05-05,2024-05-01,2024-05-10,3.4486977613357337,11.031328888080251,32.09889757091226,31.732738089747727,32.68221477884799,0.9494766891002656,1.75,0.042047230765937,5,unreviewed
2019-02-17,2019-02-15,2019-02-19,3.445320413997572,3.4162168402748616,1002.0113569245397,999.5965909673832,1004.086445988156,4.489855020772666,2.25,0.1055249336958964,2,unreviewed
2024-02-25,2024-02-23,2024-02-27,3.4445580970298724,4.182887514787081,398.3032317861148,395.7602574941702,400.9995544189587,5.239296924788505,2.5,0.1046301595766323,2,unreviewed
2024-11-15,2024-11-12,2024-11-19,3.439501369528454,3.517749758421045,1127.9746902231293,1125.0703457822092,1131.8065949711015,6.736249188892543,1.5,0.1007224116881947,11,unreviewed
2022-09-27,2022-09-26,2022-09-28,3.4391534555989964,28.77001399410823,827.4610973824477,826.0674127433449,829.05724204937,2.989829306025058,7.25,0.1160961389530425,9,unreviewed
2023-02-04,2023-02-03,2023-02-06,3.435580882265997,19.832899790512776,802.6374954559524,801.1552410423756,804.3941920958459,3.238951053470373,2.25,0.1054850428603483,2,unreviewed
2024-03-15,2024-03-09,2024-03-22,3.4312370726946075,3.464488364883603,164.478297360323,162.23734678328037,167.47664115577936,5.239294372498989,1.75,0.1116288932839302,3,unreviewed
2019-12-14,2019-12-14,2019-12-15,3.428456193787317,5.230166485186414,753.3221796072713,751.724223446101,755.2195902243257,3.495366778224706,2.0,0.1010816150927289,12,unreviewed
2024-12-28,2024-12-27,2024-12-30,3.4271333349615976,2.369548590654233,569.6659988649053,566.162211375311,573.397433957085,7.235222581773996,1.5,0.1119034894531054,12,unreviewed
2023-02-19,2023-02-17,2023-02-21,3.424986285626044,5.239936180543844,1064.3281744324076,1062.4537559570745,1065.945877993945,3.492122036870569,3.5,0.1119677757837948,2,unreviewed
2023-03-29,2023-03-22,2023-04-06,3.422088458239418,3.420599161353673,800.1478939775195,797.4161708443426,803.148583360482,5.732412516139448,1.75,0.111952273008004,3,unreviewed
2022-07-31,2022-07-29,2022-08-02,3.4214183902322186,28.70621846275073,1149.9879659632024,1148.522473223973,1151.7658516680822,3.243378444109112,4.5,0.1121384104128707,7,unreviewed
2023-02-04,2023-02-03,2023-02-06,3.419995735370799,22.43591142846403,651.7093942782493,649.9286338025704,653.6667308462784,3.738097043707967,2.5,0.1213833067299627,2,unreviewed
2019-12-26,2019-12-22,2019-12-30,3.416169305871989,13.348717353295497,1220.0346316955904,1218.6219536922872,1221.365776234772,2.7438225424848497,4.0,0.1136722706639197,12,unreviewed
2019-11-29,2019-11-26,2019-12-02,3.4152639687106277,15.456771909682214,730.9028533433716,729.5024571092799,732.4984573977999,2.9960002885200083,3.75,0.1165728437320717,11,unreviewed
2024-11-08,2024-11-04,2024-11-12,3.4104500574385708,14.57683545424961,32.31164203150433,31.966066955123097,33.14887274708599,1.1828057919628918,2.5,0.0888749376258014,11,unreviewed
2021-11-16,2021-11-15,2021-11-18,3.406694233635018,32.09710307000319,529.4026368651022,528.7386437463574,530.2355854255147,1.496941679157317,1.0,0.0435355641603111,11,unreviewed
2023-02-04,2023-02-03,2023-02-06,3.40475557089651,23.161774593959628,757.7520268214588,756.4681966071948,759.4641968952492,2.996000288054347,3.0,0.1069876373213732,2,unreviewed
2019-02-23,2019-02-19,2019-02-27,3.400662935472471,5.128834919316327,701.9944892148196,700.539255649317,703.5352559369057,2.9960002875886858,3.5,0.0957793237446055,2,unreviewed
2024-05-12,2024-05-10,2024-05-14,3.4005418080341405,2.1544337413130292,27.343683596740895,27.06615887628868,27.782306699082255,0.7161478227935731,1.0,0.0317339292407238,5,unreviewed
2021-11-16,2021-11-15,2021-11-18,3.397940873853721,2.7476914147446587,180.95010906699403,180.69962238240987,181.44809314841405,0.748470766004175,0.75,0.1892832415138605,11,unreviewed
2020-02-17,2020-02-16,2020-02-19,3.3954615660918113,14.548661956022968,109.23895872246494,108.59695061529057,110.09389214869589,1.4969415334053338,1.25,0.1109881416261131,2,unreviewed
2023-09-23,2023-09-18,2023-09-29,3.394138083540868,3.295022505843327,143.89336024953127,141.77914947178215,146.76895325584337,4.989803784061223,1.5,0.0935066911675139,9,unreviewed
2019-11-20,2019-11-18,2019-11-22,3.393014941531592,1.6989979897496272,567.1996135942346,563.9167977166362,570.4035487449728,6.486751028336585,1.25,0.0999592884793152,11,unreviewed
2023-11-21,2023-11-16,2023-11-27,3.392248819840032,1.898674816262317,549.272363326873,545.7039939402603,553.1887070373632,7.48471309710294,1.25,0.0910384485062475,11,unreviewed
2022-04-18,2022-04-15,2022-04-22,3.391347162657486,26.35333247321645,1116.8172090874202,1115.0907174344177,1118.3340963777157,3.243378943298012,2.0,0.0751867078347736,4,unreviewed
2025-02-15,2025-02-10,2025-02-20,3.390959267941226,2.828489781782942,420.6659414548207,418.2143919337541,423.9526704279706,5.738278494216502,1.5,0.0951466171723547,2,unreviewed
2025-03-14,2025-03-10,2025-03-18,3.387551233322086,2.2164948025095788,545.29959777917,541.9616371775046,548.9473694898188,6.985732312314212,1.25,0.1001216623966867,3,unreviewed
2019-09-08,2019-09-05,2019-09-11,3.3811526857481646,39.274254593470715,1196.7738119293092,1196.1729596126825,1197.669615927618,1.4966563149355352,1.5,0.117427645226563,9,unreviewed
2019-12-13,2019-12-13,2019-12-14,3.3791071165064137,5.232348069763605,753.3471107462644,751.724223446101,755.2195902243257,3.495366778224706,2.0,0.0993489698485061,12,unreviewed
2025-03-21,2025-03-18,2025-03-24,3.378645185606169,2.2825937622625925,562.8969872690654,559.4259694018401,566.4117014645599,6.985732062719762,1.5,0.1061681836427618,3,unreviewed
2022-09-27,2022-09-26,2022-09-28,3.376023917983476,31.120688857874462,910.623764465034,908.8029201640747,912.7939069434068,3.990986779332161,5.25,0.1169897605877754,9,unreviewed
2024-06-02,2024-05-29,2024-06-07,3.367590529241642,3.1839531223502813,265.03431060600303,261.53446732414886,269.0191752933897,7.484707969240844,1.5,0.1010717706442171,6,unreviewed
2023-11-05,2023-11-01,2023-11-09,3.3675519830228526,12.948291958315828,1149.316145005246,1148.522473223973,1150.5183981866576,1.995924962684512,3.75,0.091429854559199,11,unreviewed
2022-07-03,2022-07-01,2022-07-06,3.364534150903298,46.34676426243689,1001.779665963438,1000.3448904552496,1003.3381462502292,2.993255794979632,2.75,0.1021559314311876,7,unreviewed
2024-01-03,2023-12-28,2024-01-10,3.3620832226390394,3.949418690237282,905.6200032664706,902.5670910133048,909.0524102533236,6.485319240018725,1.75,0.1075522209047533,1,unreviewed
2022-07-15,2022-07-12,2022-07-18,3.349826710142078,27.7497147938705,537.8332203104776,537.4708093605004,538.4687705030665,0.9979611425660552,0.75,0.0487712121609942,7,unreviewed
2023-02-02,2023-02-02,2023-02-03,3.3484913144393733,24.75038925882214,587.1194101545309,586.8699193284847,587.6183899543248,0.7484706258401275,0.75,0.0371975944470609,2,unreviewed
2018-12-14,2018-12-10,2018-12-18,3.347770225708922,2.449214271194033,622.6507317924185,618.780357345473,626.7546197646298,7.97426241915673,1.5,0.1136789253326644,12,unreviewed
2024-11-15,2024-11-12,2024-11-19,3.346919090269449,2.7044186773004544,629.9911235843355,626.754315815866,632.485902975779,5.731587159913033,1.25,0.092846220871137,11,unreviewed
2021-08-24,2021-08-09,2021-09-08,3.346680016391426,27.745673669010475,573.8973046439505,573.6469249017537,574.3953960244544,0.748471122700721,0.75,0.0357516538949752,8,unreviewed
2023-02-04,2023-02-03,2023-02-06,3.343761044719737,21.187159259453185,720.6994538820165,719.5151462960057,722.2614638376981,2.746317541692406,3.0,0.1146799436549381,2,unreviewed
2024-12-28,2024-12-27,2024-12-30,3.3422435212518806,4.0521743544779,1014.1376465757484,1010.0727850487456,1017.8052715174854,7.732486468739808,2.25,0.1167901353962015,12,unreviewed
2023-01-14,2023-01-09,2023-01-20,3.3324204103404074,6.167893007746917,679.653086021078,678.0866755843163,681.3264003489166,3.239724764600396,3.75,0.1067871273190947,1,unreviewed
2024-11-15,2024-11-12,2024-11-19,3.3309620783962255,3.491594921377052,146.60931856322787,144.27405136357993,148.76487496960908,4.490823606029153,1.25,0.0848376579114397,11,unreviewed
2023-01-21,2023-01-20,2023-01-23,3.3283661963901134,3.420884470800765,1162.7019216196222,1159.001083462499,1166.2363130473532,7.235229584854096,1.75,0.0950905766826016,1,unreviewed
2024-02-12,2024-02-08,2024-02-16,3.32752447920151,3.302624364318081,736.8250188309892,733.4973810357042,740.4883062485605,6.990925212856382,1.5,0.0932631897745292,2,unreviewed
2022-06-23,2022-06-15,2022-07-01,3.3266960473601586,17.63167355330103,1025.1219328078116,1024.041043824982,1026.5354331275448,2.4943893025629222,2.5,0.0833461719142189,6,unreviewed
2019-02-02,2019-01-30,2019-02-06,3.324981613839363,15.758726076675742,729.5657178895855,727.7546778917313,731.999091906473,4.244414014741778,3.5,0.1132604842232259,2,unreviewed
2021-01-06,2020-12-17,2021-01-26,3.324762998148659,3.5548910381292864,748.354860215019,745.7318375562318,750.7252998077311,4.993462251499295,2.0,0.1112870589365889,1,unreviewed
2022-06-23,2022-06-15,2022-07-01,3.3233801369564753,8.793167527357816,35.96376838514749,35.46600089687854,36.64880739059299,1.1828064937144518,0.75,0.0288911123771995,6,unreviewed
2023-05-06,2023-05-02,2023-05-10,3.3191892024372724,2.271078319600009,622.6719737245912,619.7771019055508,625.5086890640669,5.731587158516049,1.5,0.0949679225869444,5,unreviewed
2019-02-10,2019-02-06,2019-02-15,3.317304304812997,10.826192135661122,643.0111192782227,641.4563028039411,644.6960275666788,3.239724762737751,5.0,0.1078832516390375,2,unreviewed
2023-10-22,2023-10-18,2023-10-26,3.3130978395357387,3.6422416596723215,866.5603429269894,861.940941312816,870.909691546578,8.968750233761966,1.5,0.0979112862904327,10,unreviewed
2025-01-12,2025-01-10,2025-01-14,3.3091227763162587,3.068994809192777,721.30392840525,717.7673670789227,725.0079750376754,7.240607958752662,1.5,0.0968488740018738,1,unreviewed
2024-02-19,2024-02-16,2024-02-23,3.308611321633298,3.1677121795251733,1100.5343716986658,1097.3768765050918,1104.1131256939843,6.736249188892543,1.75,0.0980499785095339,2,unreviewed
2023-02-25,2023-02-21,2023-03-02,3.307477513922707,7.271819008965827,951.6092868228914,949.9593907599336,953.451512046624,3.492121286690235,2.75,0.1067378455934633,2,unreviewed
2022-11-17,2022-11-14,2022-11-21,3.30427480964702,21.34990080498033,529.3719639350038,528.988134263549,530.2355854255147,1.2474511619657278,1.0,0.0457158120903041,11,unreviewed
2025-03-21,2025-03-18,2025-03-24,3.303789114815774,2.1925824095276867,537.4198821925013,532.9799815434963,541.7121462323703,8.732164688874036,1.25,0.1003485457062698,3,unreviewed
2023-03-11,2023-03-06,2023-03-17,3.3000207541352378,20.671708697355037,910.2752044390426,909.0523534100504,911.796174459625,2.7438210495747626,3.25,0.1065266509442729,3,unreviewed
2021-11-20,2021-11-18,2021-11-22,3.2880467267918267,31.473866891568772,286.8096413687168,286.48349469993263,287.48145519103855,0.997960491105914,1.25,0.0438369165590706,11,unreviewed
2018-01-11,2017-12-21,2018-02-01,3.282097760358733,12.792915326292832,747.9068625411032,745.9815203016624,750.2259343164042,4.244414014741778,2.5,0.1130405381269823,1,unreviewed
2019-11-29,2019-11-26,2019-12-02,3.281204585839222,2.6463320495393625,519.6742912746477,518.0105534959584,521.7529103280976,3.742356832139194,2.0,0.1037588515295004,11,unreviewed
2023-11-05,2023-11-01,2023-11-09,3.279235984290004,2.1864519379073815,518.3524509864274,515.2661588019691,521.7529103280976,6.486751526128501,1.25,0.0917204962872022,11,unreviewed
2023-10-01,2023-09-29,2023-10-03,3.2777310600716536,2.113817247634398,502.9754391894602,501.0452033020556,505.2865406717174,4.241337369661778,1.5,0.0966194552263221,10,unreviewed
2019-09-03,2019-09-01,2019-09-05,3.2757300248108336,27.555722617424617,567.3326297720685,566.9106829273514,567.9086445686407,0.9979616412892938,1.0,0.0330451666572632,9,unreviewed
2025-01-26,2025-01-24,2025-01-28,3.274907580731625,7.770546536223726,1011.5865707469566,1010.3222182942554,1013.0660408441908,2.7438225499354303,4.25,0.1115223367947896,1,unreviewed
2025-03-03,2025-02-28,2025-03-07,3.273991702613993,3.2019335054646585,1087.8277672345632,1083.6555776172318,1092.1375712766312,8.48199365939945,1.25,0.0975657193802871,3,unreviewed
2025-01-19,2025-01-14,2025-01-24,3.273863838943252,2.452250271867108,594.1214866941798,590.8617666079663,597.5980081544258,6.736241546459496,1.25,0.0992933754817973,1,unreviewed
2023-05-12,2023-05-10,2023-05-15,3.273591271020748,16.62057409891033,315.30668445156437,314.9253892125562,315.9233505865559,0.9979613739997149,1.0,0.0526035838433986,5,unreviewed
2018-07-12,2018-06-15,2018-08-08,3.2715548081672536,14.288782018406977,407.801339825016,406.48834370449185,409.23273752396926,2.744393819477409,3.0,0.098946395848678,7,unreviewed
2019-06-01,2019-05-29,2019-06-05,3.2700186976877488,31.303105225925343,565.8351671404382,565.4137398237363,566.4117014645599,0.9979616408236324,1.75,0.0625846463844159,6,unreviewed
2024-03-03,2024-02-27,2024-03-08,3.2687293329065104,5.507049642258528,101.87214157106352,101.3617345285602,102.6091854753904,1.247450946830213,1.25,0.1434028620678835,3,unreviewed
2019-10-03,2019-09-30,2019-10-07,3.2669207792495456,19.05889138429576,1005.3762135534446,1003.587522652466,1007.3290771865286,3.741554534062743,3.25,0.1119344057800782,10,unreviewed
2023-02-02,2023-02-02,2023-02-03,3.266413877760715,24.348461374522696,804.2813320107458,802.8990932712331,804.8924353397451,1.9933420685119927,1.25,0.0515176162580986,2,unreviewed
2022-08-06,2022-08-02,2022-08-10,3.259275280209559,25.328282658998315,869.7352822153861,867.6707404931076,871.9061785354279,4.235438042320311,4.0,0.1181364232132578,8,unreviewed
2024-01-18,2024-01-10,2024-01-26,3.257315098950853,3.2957943655276347,360.31955340903426,357.3387460298836,363.3265139698051,5.9877679399214685,1.5,0.088564859803833,1,unreviewed
2025-02-24,2025-02-20,2025-02-28,3.2546150548324793,2.106766982999513,49.4046305036176,48.999080803245306,49.94855772797018,0.9494769247248768,0.5,0.0339403831818796,2,unreviewed
2023-03-19,2023-03-17,2023-03-22,3.25334078420164,36.86667563589152,1196.676205687699,1196.422392857727,1197.1707494375296,0.7483565798029304,1.0,0.0739603007151155,3,unreviewed
2023-02-02,2023-02-02,2023-02-03,3.2416559158716702,17.941849011496465,561.3794318802176,558.6774978497997,564.4157780734822,5.738280223682523,2.25,0.1002194153910856,2,unreviewed
2025-01-12,2025-01-10,2025-01-14,3.23570195963679,14.775963132207886,32.36524976425813,31.732738089747727,33.38220184762031,1.6494637578725817,3.0,0.0618849990493619,1,unreviewed
2023-02-04,2023-02-03,2023-02-06,3.2340687975125677,29.58055197948701,232.28218880708607,231.3461438920349,233.59155605221167,2.245412160176784,4.25,0.1193529412720998,2,unreviewed
2021-11-20,2021-11-18,2021-11-22,3.232033706854564,31.862841368761533,199.18910709541615,198.662917801179,199.91036924533543,1.247451444156468,1.0,0.0935409831588555,11,unreviewed
2024-03-30,2024-03-25,2024-04-04,3.212238539448336,28.986775172298096,517.2778238167614,516.7631019051187,518.0105533166789,1.2474514115601778,1.25,0.0950664488612868,3,unreviewed
2022-09-03,2022-08-30,2022-09-08,3.209471756731088,11.582564314856931,48.5052007146036,45.49914662633091,52.04851823346689,6.549371607135981,2.0,0.1089749519054573,9,unreviewed
2025-10-11,2025-10-06,2025-10-17,3.2043167301345066,4.750983725144844,170.53983160409436,169.47256311913952,172.46644543949515,2.993882320355624,1.25,0.0878714061437112,10,unreviewed
2023-10-29,2023-10-26,2023-11-01,3.20385342703877,2.791644289857515,629.1127061237205,626.754315815866,631.738344555255,4.984028739389032,2.0,0.1053673184243312,10,unreviewed
2023-02-04,2023-02-03,2023-02-06,3.1990091403483483,19.97839778023866,335.40173572879155,333.88665476534516,337.62900985078886,3.7423550854437058,1.75,0.0809804185870054,2,unreviewed
2024-11-15,2024-11-12,2024-11-19,3.197821130915867,13.497614868506185,36.98446667644264,36.86597503628582,37.348793991841376,0.4828189555555582,0.75,0.0327523091848063,11,unreviewed
2019-02-02,2019-01-30,2019-02-06,3.1937210731616736,14.2918754598642,865.5463276071082,864.1830370351672,866.9237435944378,2.7407065592706203,3.75,0.1055224205360799,2,unreviewed
2021-11-20,2021-11-18,2021-11-22,3.1924439957673307,29.936344232027903,270.3423266530747,270.01713637355715,270.7656072289683,0.7484708554111421,0.5,0.0262042025057499,11,unreviewed
2019-12-26,2019-12-22,2019-12-30,3.1903010006457277,14.31637473019587,642.6152614974221,641.7054891916923,643.9484684001654,2.242979208473116,5.0,0.1070449864387231,12,unreviewed
2024-02-25,2024-02-23,2024-02-27,3.1896928685531836,2.9587783327576527,501.6256474389399,498.05131826968864,505.2865406717174,7.2352224020287395,1.25,0.1018581963467793,2,unreviewed
2024-11-15,2024-11-12,2024-11-19,3.189014193137905,4.157438909183176,403.1204089058426,401.49853524845093,404.7419107602909,3.243375511839986,2.5,0.098576522668,11,unreviewed
2019-01-21,2019-01-19,2019-01-23,3.188555567981343,5.129566367608496,961.328203260366,959.9367176005616,963.179405641742,3.242688041180372,3.5,0.1114259147341397,1,unreviewed
2025-08-30,2025-08-25,2025-09-05,3.1848358578682094,18.32034177947813,1082.8521604596224,1081.4106786530465,1084.6533674439415,3.242688790895045,3.75,0.1120650975259175,8,unreviewed
2021-06-22,2021-06-01,2021-07-14,3.1818470289715304,36.00450277457374,1047.120127389766,1046.2405987177044,1047.986687282566,1.7460885648615658,1.75,0.1000031572453419,6,unreviewed
2023-12-02,2023-11-27,2023-12-08,3.1798345795391265,3.0406850255810283,357.24691957057956,354.344861890655,360.3326298315078,5.987767940852791,1.5,0.0998740046240056,12,unreviewed
2019-02-02,2019-01-30,2019-02-06,3.1790915356808216,6.455531776266492,1055.8593691632989,1053.2247276045382,1058.2134483684786,4.988720763940364,2.75,0.1102767017719204,2,unreviewed
2017-11-11,2017-10-02,2017-12-21,3.1762025651923635,15.180887920505086,689.1621739894574,688.0551173822023,690.3020694334991,2.24695205129683,3.75,0.1008811868796752,11,unreviewed
2025-08-01,2025-07-28,2025-08-05,3.172636353856641,3.1317064781868726,35.56020671815624,34.999343163799495,36.18214918859303,1.1828060247935357,1.25,0.0390597529287476,8,unreviewed
2021-11-20,2021-11-18,2021-11-22,3.1725278256678173,36.20891549634428,283.52788543860606,283.24012071313336,284.23808195116,0.997961238026619,2.0,0.050691574829199,11,unreviewed
2021-12-28,2021-12-21,2022-01-04,3.1716204925857414,2.499194212631936,616.008289055073,615.0425642495975,617.2855444545858,2.242980204988271,1.25,0.0733248653569101,12,unreviewed
2025-10-11,2025-10-06,2025-10-17,3.169015005211193,3.967703231802475,34.56216807274451,34.066027695313096,35.24883325304836,1.1828055577352643,2.25,0.0394858450483965,10,unreviewed
2018-01-11,2017-12-21,2018-02-01,3.1679982083524596,11.5830198134462,1098.4047590411942,1096.6284044170752,1100.6202549496666,3.991850532591343,1.75,0.0962052522858048,1,unreviewed
2021-06-22,2021-06-01,2021-07-14,3.1679814925164806,21.379524544557817,527.829039191298,527.4911911599338,528.4891528007574,0.9979616408236324,1.0,0.0595092860251836,6,unreviewed
2023-01-05,2023-01-04,2023-01-06,3.1672778057197535,4.129020365845479,1259.233999664743,1256.0369434929453,1263.0211317073554,6.984188214410096,1.75,0.1047162613241898,1,unreviewed
2019-02-10,2019-02-06,2019-02-15,3.163827108295352,15.947602813532988,1118.6134247293735,1117.8351155919954,1119.8310405542145,1.9959249622188509,3.5,0.0898279754146563,2,unreviewed
2020-10-30,2020-10-20,2020-11-09,3.159374084437394,8.532930430988701,660.1713583143843,659.8960823887028,660.6439447570592,0.7478623683564365,0.75,0.03122982878908,10,unreviewed
2023-02-04,2023-02-03,2023-02-06,3.1584315108802112,30.288066893309857,630.9748631087507,629.2461782111786,632.7350891157985,3.4889109046198428,2.25,0.0931123407024698,2,unreviewed
2021-11-24,2021-11-22,2021-11-27,3.157577132069579,28.6477743281957,538.9407157432154,538.7182614486665,539.4667325727642,0.7484711240977049,1.25,0.0895164179512575,11,unreviewed
2023-02-04,2023-02-03,2023-02-06,3.1521063133925304,28.019521006068093,540.8452986108999,539.7162235174328,541.9616367490962,2.245413231663406,3.5,0.0838066303790501,2,unreviewed
2023-01-14,2023-01-09,2023-01-20,3.1467936714320643,3.975467880088327,139.2419064924196,137.03883502818644,141.52965888381004,4.490823855623603,1.5,0.1212309928872411,1,unreviewed
2022-09-27,2022-09-26,2022-09-28,3.140377410061807,17.115480857591407,37.74444776624857,37.332632769364864,38.28211016301066,0.9494773936457932,1.25,0.034103872406862,9,unreviewed
2023-03-11,2023-03-06,2023-03-17,3.1346090744533286,12.713920179082203,1147.960646293304,1147.0255290460773,1149.2709447056986,2.245415659621358,3.25,0.1001918747284817,3,unreviewed
2023-02-25,2023-02-21,2023-03-02,3.1324173040192775,11.74981531670646,377.29414982986054,377.0484821200371,377.7969528166577,0.7484706966206431,0.75,0.04847759256167,2,unreviewed
2023-02-04,2023-02-03,2023-02-06,3.1316589165204824,27.13681838324008,639.2954802925282,638.2168822358362,640.7090475852601,2.4921653494238853,2.5,0.0926985764496128,2,unreviewed
2021-11-20,2021-11-18,2021-11-22,3.1274904984818352,28.37366125524808,566.9171500510319,566.6611924101599,567.4096635333262,0.7484711231663823,1.0,0.0544623964022527,11,unreviewed
2020-06-21,2020-06-19,2020-06-24,3.1274268785090764,12.498785327804937,376.7978466200226,376.5495017617941,377.29797220928594,0.7484704474918544,0.75,0.0572203811100497,6,unreviewed
2021-06-22,2021-06-01,2021-07-14,3.1194450668287823,29.002939678040548,210.72976693855577,210.38896065810695,211.38692189799625,0.997961239889264,1.25,0.0882198877244132,6,unreviewed
2023-01-05,2023-01-04,2023-01-06,3.1180744306509713,3.795964556129979,459.1846768570354,457.63387415604666,461.12673914432526,3.4928649882785976,1.75,0.102948758999436,1,unreviewed
2019-10-13,2019-10-09,2019-10-17,3.1173343806737366,27.976278874709905,567.2616213842025,566.9106829273514,567.9086445686407,0.9979616412892938,0.75,0.0539946401079544,10,unreviewed
2019-07-19,2019-07-16,2019-07-22,3.1158912676249995,15.886297935111218,1124.2742186899516,1123.5734016057104,1125.5693265679292,1.9959249622188509,3.0,0.0864649288925894,7,unreviewed
2024-03-03,2024-02-27,2024-03-08,3.1137959874829644,16.613064764707584,86.4472273117242,86.09838470444083,87.0478613958694,0.949476691428572,1.0,0.1122985091027161,3,unreviewed
2022-05-21,2022-05-18,2022-05-25,3.108195558704551,4.016375920905059,35.15803102983276,34.76601429656148,35.715490986127406,0.9494766895659268,1.25,0.0397119811018803,5,unreviewed
2024-02-03,2024-01-30,2024-02-08,3.1067442748553904,3.0024876026666565,647.1787464396373,644.9449100056663,649.9289377508685,4.984027745202184,1.5,0.1078080724706822,2,unreviewed
2018-09-22,2018-09-06,2018-10-08,3.1065483003902856,30.778808218468484,565.7740317621658,565.4137398237363,566.6611919822171,1.2474521584808826,1.5,0.0590943544170272,9,unreviewed
2025-11-07,2025-11-05,2025-11-10,3.1058023250234315,31.010704165528647,571.1278686795994,570.6530396901071,571.900491848588,1.2474521584808826,1.25,0.075068938786452,11,unreviewed
2024-11-15,2024-11-12,2024-11-19,3.1024410697960265,14.495094843217329,120.81974388650312,120.57248089509083,121.32095141196623,0.7484705168753862,0.75,0.1097004372001627,11,unreviewed
2024-12-28,2024-12-27,2024-12-30,3.1020319060496577,36.84294310023635,1106.9954115261878,1106.6080332631243,1107.60599544039,0.9979621772654356,1.0,0.0938571728665313,12,unreviewed
2022-12-16,2022-12-12,2022-12-20,3.0976876598706125,23.842862529019836,768.6186666986338,768.2032866384834,769.2018249626271,0.9985383241437376,1.0,0.0795377607569876,12,unreviewed
2022-01-27,2022-01-20,2022-02-03,3.0946224246341005,19.37637032220558,822.1160590851862,820.337613562122,823.8256863621064,3.4880727999843657,3.0,0.1155450728979058,1,unreviewed
2021-06-22,2021-06-01,2021-07-14,3.0935604076966903,20.646701133625424,1124.6457201357446,1123.5734016057104,1125.5693265679292,1.9959249622188509,4.0,0.0898523411682613,6,unreviewed
2024-04-06,2024-04-04,2024-04-09,3.087422764383601,2.215919573979056,591.3451027948772,588.3668614355847,594.8536134613678,6.486752025783062,1.25,0.1009563363064942,4,unreviewed
2022-06-23,2022-06-15,2022-07-01,3.08700137562286,28.467756733936156,1019.9020550941758,1019.551246396266,1020.5490362229756,0.9977898267097772,1.25,0.0366716079424003,6,unreviewed
2025-10-11,2025-10-06,2025-10-17,3.0858743041446783,10.125001768573558,38.14923486906207,38.03262007376179,38.51543926354498,0.4828191897831857,0.5,0.0255353934261359,10,unreviewed
2023-01-14,2023-01-09,2023-01-20,3.0817853486994555,3.493393506568182,1037.2540057631418,1035.2655378938653,1039.5059589189475,4.240421025082469,2.25,0.100917664873934,1,unreviewed
2023-01-05,2023-01-04,2023-01-06,3.08141778742547,4.78173041052801,224.17488239089087,222.6139844604768,226.1068475418724,3.492863081395626,2.5,0.1082617647360076,1,unreviewed
2023-10-22,2023-10-18,2023-10-26,3.0788149820693813,3.454085549490577,614.3092013120065,613.0490751285106,616.039612759836,2.9905376313254237,1.25,0.0773460772062915,10,unreviewed
2024-02-12,2024-02-08,2024-02-16,3.078322239143115,4.707557692596034,402.5517423379198,401.99751619342715,403.4944586455822,1.4969424521550536,1.25,0.0635386953855047,2,unreviewed
2018-05-05,2018-03-26,2018-06-15,3.0770604430167383,40.20239526456519,1154.837180584041,1154.2607599846087,1155.7577038034797,1.496943818870932,1.25,0.0850231633086602,5,unreviewed
2019-12-26,2019-12-22,2019-12-30,3.07253968259955,19.506108363169243,1024.102416917562,1022.7938785939476,1025.7871333891526,2.993254795204848,3.25,0.109040294060685,12,unreviewed
2024-08-17,2024-08-14,2024-08-21,3.0720531769255146,28.002222084160433,536.7157544281758,536.4728477885947,537.2213189136237,0.7484711250290275,0.75,0.0405436250926783,8,unreviewed
2024-01-18,2024-01-10,2024-01-26,3.069193334404977,5.054966062157366,967.0120329781156,964.6759472754784,969.4152337918058,4.739286516327411,2.0,0.1049856229829781,1,unreviewed
2023-03-11,2023-03-06,2023-03-17,3.066065477156064,19.478981259776393,1055.7268707228263,1053.474160851445,1058.2134483684786,4.739287517033517,2.25,0.1049215151015065,3,unreviewed
2024-12-28,2024-12-27,2024-12-30,3.065072444228331,32.36267507899146,1042.0053931492546,1041.7508012903854,1042.4991573705338,0.7483560801483691,1.0,0.1159857978534091,12,unreviewed
2019-12-10,2019-12-10,2019-12-11,3.064832933742651,31.596425798600063,221.98021611512965,221.6160229272209,222.61398416617885,0.9979612389579416,1.5,0.0815038770610815,12,unreviewed
2024-01-18,2024-01-10,2024-01-26,3.0638604837472823,6.088343738489745,989.4665420013744,987.12493141694,991.3653524415568,4.240421024616808,3.25,0.1071721463771281,1,unreviewed
2019-06-20,2019-06-17,2019-06-24,3.0589387303841473,11.33965408962126,109.99668298956108,109.59491172106937,110.59287232812494,0.9979606070555748,1.0,0.0480861642025663,6,unreviewed
2024-11-15,2024-11-12,2024-11-19,3.057176020531082,3.605952307578025,1206.523938874368,1203.4065237259492,1209.6424127044156,6.235888978466392,1.75,0.100730873155269,11,unreviewed
2019-02-02,2019-01-30,2019-02-06,3.0567427809911014,13.013244614744623,1165.0980453802115,1163.9908973877318,1166.4858037438244,2.4949063560925424,4.25,0.1069501704210327,2,unreviewed
2020-04-05,2020-04-02,2020-04-08,3.055745880966986,0.3600765004635463,38.87827698662576,38.49927804293111,39.448754732031375,0.9494766891002656,1.0,0.0383102439081045,4,unreviewed
2023-01-14,2023-01-09,2023-01-20,3.046236815705354,6.710308980224247,646.8724520497713,644.9449100056663,649.1813793322071,4.236469326540828,2.0,0.0978552458006796,1,unreviewed
2023-11-05,2023-11-01,2023-11-09,3.0448273838186655,2.265283793550856,544.0209454514484,541.4626561431214,547.2009366159327,5.7382804728113115,1.5,0.0933309409941963,11,unreviewed
2022-07-31,2022-07-29,2022-08-02,3.042412382127258,28.512209247521135,873.3999179800447,872.154931939207,874.8956389995292,2.7407070603221655,3.25,0.1038163642252999,7,unreviewed
2023-12-24,2023-12-21,2023-12-28,3.041625739875856,6.996092671175815,661.4010257637643,659.3977101081982,663.8833655724302,4.485655464231968,4.5,0.1052657064655987,12,unreviewed
2019-12-11,2019-12-11,2019-12-11,3.0405669039370844,10.101271577587,35.15700313661584,34.76601429656148,35.715490986127406,0.9494766895659268,1.0,0.0408759086891787,12,unreviewed
2020-11-10,2020-11-09,2020-11-11,3.039018817933295,32.86489695564867,1190.434926278734,1190.186560723465,1190.934917303268,0.7483565798029304,1.0,0.0638066145797829,11,unreviewed
2021-11-20,2021-11-18,2021-11-22,3.0389861971041254,41.960675767582146,1135.0450751839608,1132.804558362346,1137.5448809848167,4.740322622470558,2.0,0.1012488443158997,11,unreviewed
2024-05-26,2024-05-24,2024-05-29,3.03847243463784,25.752030332801535,244.24747113334556,244.07014796324071,244.81861832085997,0.748470357619226,1.5,0.0426174726765962,5,unreviewed
2023-02-04,2023-02-03,2023-02-06,3.034846283308174,18.07863541348387,397.0729815917271,395.7602574941702,398.7541407966055,2.993883302435279,2.5,0.1134238842235994,2,unreviewed
2023-03-29,2023-03-22,2023-04-06,3.0335844871817983,3.5424249226708144,1131.398465192445,1129.062197919469,1134.5509926299565,5.488794710487127,1.75,0.1002383161373975,3,unreviewed
2019-01-13,2019-01-07,2019-01-19,3.0325010764692353,4.666479401762058,1162.1540567070697,1160.248536943458,1164.988859565463,4.740322622004896,2.5,0.1071945343185699,1,unreviewed
2023-02-04,2023-02-03,2023-02-06,3.0302625890159725,3.073417510554142,449.0115024410817,447.90374921076,450.398652556818,2.4949033460579813,2.0,0.0870272372484434,2,unreviewed
2020-01-12,2020-01-10,2020-01-14,3.0286867472397545,2.428932185447642,610.4160680806347,609.3112815367058,612.0526335248724,2.7413519881665707,1.25,0.0741892733676228,1,unreviewed
2017-11-11,2017-10-02,2017-12-21,3.0280576579797134,6.1262114854176195,93.14388879336131,91.69827962107956,94.9810461513698,3.282766530290246,3.5,0.1091859086223575,11,unreviewed
2021-12-07,2021-12-06,2021-12-08,3.0262081255755886,27.948746493332717,538.2732650305686,537.9697898970917,538.7182610211894,0.7484711240977049,0.75,0.0716460969056755,12,unreviewed
2021-09-21,2021-09-08,2021-10-05,3.020737057408451,9.867530906199873,283.29397797362753,281.4936890248209,285.2360429861583,3.7423539613373578,3.0,0.1002153705421503,9,unreviewed
2022-06-10,2022-06-06,2022-06-15,3.0181242724487913,10.858801300527206,994.2959964931446,992.6124618290924,996.3540163622238,3.7415545331314206,2.75,0.1103992740783528,6,unreviewed
2017-11-11,2017-10-02,2017-12-21,3.008510982702376,2.928432762427983,1004.6802908670644,1001.5920566846617,1008.0773769239896,6.485320239327848,1.5,0.1060471578962165,11,unreviewed
2018-12-22,2018-12-18,2018-12-26,3.0078939313391415,3.8171585757445623,408.2495733522903,406.7378341774456,409.9812089414336,3.2433747639879584,2.25,0.0973748382003823,12,unreviewed
2022-12-16,2022-12-12,2022-12-20,3.006146627499087,12.769057081768134,377.7988185100094,377.2979722986929,378.5454241000116,1.2474518013186753,1.5,0.0917531301878957,12,unreviewed
2025-01-12,2025-01-10,2025-01-14,3.0022907581697464,27.30369526598515,537.6992300743423,537.4708093605004,538.4687705030665,0.9979611425660552,1.25,0.0388307133577835,1,unreviewed
2022-10-01,2022-09-28,2022-10-05,2.9959100491372066,22.84766922541869,247.4749507655395,247.06403106823564,248.0619920589961,0.9979609907604754,1.0,0.13589409075476,10,unreviewed
2024-02-12,2024-02-08,2024-02-16,2.9954450619833684,4.395934045912474,584.2316112047978,582.129600496497,586.620428383816,4.490827887319028,1.75,0.0908174391500815,2,unreviewed
2025-06-07,2025-06-02,2025-06-13,2.9800306286817393,2.5275576971296796,568.4119738577433,566.6611924101599,570.4035487449728,3.742356334812939,1.5,0.0821013027359091,6,unreviewed
2022-09-27,2022-09-26,2022-09-28,2.978737833411774,27.837457438104693,778.3808355479944,777.6912319618277,780.1878667585552,2.4966347967274487,1.75,0.0684173854676434,9,unreviewed
2021-11-20,2021-11-18,2021-11-22,2.9728738183540684,3.542149606540242,101.35484707671972,100.61326376255602,102.11020529503004,1.4969415324740112,3.0,0.0754517421000318,11,unreviewed
2019-10-03,2019-09-30,2019-10-07,2.9727069094843612,7.680106570803118,1007.092821697262,1004.8346878825688,1009.8234088965692,4.988721014000475,2.25,0.1004630060086792,10,unreviewed
2024-09-08,2024-09-05,2024-09-11,2.97156044015174,29.122083201972035,540.0931538373644,539.7162235174328,540.7141846609302,0.9979611434973776,1.0,0.0359194705134877,9,unreviewed
2018-05-05,2018-03-26,2018-06-15,2.971086408982168,36.72184847381752,1056.209081187438,1055.719060066156,1056.9662831388414,1.2472230726853013,1.25,0.1045150895727289,5,unreviewed
2024-05-26,2024-05-24,2024-05-29,2.970480771790516,6.419299921910481,274.7433631077302,274.00898051448166,275.75541190616786,1.746431391686201,1.25,0.0650700870890417,5,unreviewed
2024-09-20,2024-09-17,2024-09-24,2.969258270353196,34.336619211796695,216.1591858942975,215.6282567162998,217.1251977249049,1.496941008605063,1.5,0.071666811885701,9,unreviewed
2022-10-28,2022-10-25,2022-11-01,2.9682899993168217,13.554930681857964,333.26047499881696,331.8907318408601,335.38359624892473,3.4928644080646336,6.25,0.1093681424505862,10,unreviewed
2019-09-13,2019-09-11,2019-09-16,2.967819959988677,11.637271849938744,110.4419361351692,110.09389214869589,111.091852507554,0.9979603588581084,1.0,0.0446828922526681,9,unreviewed
2020-06-21,2020-06-19,2020-06-24,2.966817009829896,6.934243491529367,31.730078647462832,31.499409222509712,32.21555704437196,0.7161478218622506,1.0,0.0714436611389222,6,unreviewed
2022-07-31,2022-07-29,2022-08-02,2.9606942111771177,36.5337303768808,1173.7187640748664,1171.2261285758575,1176.2159418934025,4.989813317544758,3.25,0.104124055288981,7,unreviewed
2020-08-09,2020-08-05,2020-08-14,2.9562708766397803,2.8972609335859536,629.3164229109819,628.498619790189,630.4924133569002,1.993793566711247,1.0,0.0538825888699844,8,unreviewed
2021-11-20,2021-11-18,2021-11-22,2.9546188156412967,36.550023041756766,282.6499394597095,282.24215942807496,283.24012041883543,0.9979609907604754,1.0,0.0363612624466053,11,unreviewed
2018-12-22,2018-12-18,2018-12-26,2.9529749254432347,3.742771015029435,745.9996250046469,742.9853263576515,749.476886080578,6.491559722926468,1.5,0.1005286009669653,12,unreviewed
2022-10-16,2022-10-13,2022-10-19,2.9444714299863217,13.998031417669482,377.7990449858083,377.54746272740886,378.2959336712957,0.7484709438867867,0.75,0.0609574014271105,10,unreviewed
2022-08-13,2022-08-10,2022-08-17,2.93641227637836,28.14148842935498,567.4042175113191,567.1601734440774,567.9086445686407,0.7484711245633662,1.0,0.0472420882495993,8,unreviewed
2025-10-31,2025-10-27,2025-11-05,2.934172978082307,31.6175309428337,567.6463719525027,567.1601734440774,568.4076253529638,1.2474519088864326,2.5,0.1367020493295957,10,unreviewed
2021-02-01,2021-01-26,2021-02-08,2.9290678495035745,46.94395207529061,994.4219003043252,992.3630285831168,996.1045831162484,3.7415545331314206,3.0,0.1042647104494773,2,unreviewed
2022-04-18,2022-04-15,2022-04-22,2.926791938536924,20.068633059190127,1121.2933963259252,1119.5815504649654,1122.8249289090743,3.243378444109112,3.75,0.1108655693196808,4,unreviewed
2022-08-06,2022-08-02,2022-08-10,2.9237009434486976,2.32148392858998,558.516367686676,556.1825934238732,561.6713826335035,5.48878920963034,1.75,0.0998178302973391,8,unreviewed
2021-11-03,2021-11-03,2021-11-04,2.921397962807364,12.550716887392474,113.36432411192564,113.08777447091416,113.83624523645268,0.7484707655385137,1.0,0.0335985860114587,11,unreviewed
2022-10-01,2022-09-28,2022-10-05,2.9184053291868235,12.03771250303484,377.94309507536326,377.54746272740886,378.5454241000116,0.997961372602731,1.0,0.0894708316115101,10,unreviewed
2019-08-30,2019-08-29,2019-09-01,2.9156231404565647,3.263432870511897,609.1954696573666,608.5637226193212,610.0591444033198,1.4954217839986086,1.0,0.0579984494409145,8,unreviewed
2025-02-03,2025-01-28,2025-02-10,2.9144366279646188,3.1402029373570457,628.6814911555548,626.006757395342,631.4891584143043,5.482401018962264,1.0,0.0866135919617315,2,unreviewed
2021-11-20,2021-11-18,2021-11-22,2.914406003056164,26.75055857791627,271.88858022437955,271.76356806000695,272.26254853233695,0.498980472330004,0.75,0.0240351466876319,11,unreviewed
2019-02-17,2019-02-15,2019-02-19,2.9117584766015776,3.0428412190101253,645.4837534639349,644.197351089213,647.4370753569528,3.2397242677398026,2.0,0.0854472627453778,2,unreviewed
2023-02-04,2023-02-03,2023-02-06,2.9106905342745475,2.89840365509698,434.36803072015977,432.6848348625936,435.9282096279785,3.2433747653849423,1.5,0.0880682281954899,2,unreviewed
2024-05-12,2024-05-10,2024-05-14,2.9100929431382743,2.178379823669295,26.831493597773992,26.599501141812652,27.315648965537548,0.7161478237248957,1.0,0.041115361515536,5,unreviewed
2021-11-20,2021-11-18,2021-11-22,2.908809316629089,2.647595144702373,609.167925561832,608.5637226193212,610.0591444033198,1.4954217839986086,1.25,0.0521502112995883,11,unreviewed
2018-01-11,2017-12-21,2018-02-01,2.903411972783324,3.583810454093462,1075.58034379313,1073.6782497772947,1077.9186708023772,4.240421025082469,2.0,0.1009074189146824,1,unreviewed
2023-01-21,2023-01-20,2023-01-23,2.899638060948301,4.55618562056468,436.6992530329253,433.68279625615105,439.67056522285566,5.987768966704607,1.75,0.1022414903957079,1,unreviewed
2023-02-04,2023-02-03,2023-02-06,2.8989189681385628,30.831182145528867,622.9944709077687,621.7705920194276,624.7611306444742,2.990538625046611,2.25,0.102653522204076,2,unreviewed
2019-12-11,2019-12-11,2019-12-11,2.8985658772897533,4.599062518290647,35.564313662987225,35.46600089687854,35.94882008759305,0.4828191907145083,1.75,0.0329313718217282,12,unreviewed
2023-01-27,2023-01-23,2023-01-31,2.8968594898243354,2.75857126041367,679.2005063845737,676.840744884219,681.5755864894018,4.734841605182737,1.5,0.087258700754615,1,unreviewed
2022-09-27,2022-09-26,2022-09-28,2.896311110608167,26.747778863628383,567.9093052859087,567.6591544793919,568.4076253529638,0.7484708735719323,0.75,0.0360941128145786,9,unreviewed
2023-02-04,2023-02-03,2023-02-06,2.89619060689506,29.50337513603788,221.62722321917713,220.3685720069334,223.1129646841437,2.7443926772102714,2.75,0.1070255726509102,2,unreviewed
2023-01-21,2023-01-20,2023-01-23,2.8929403123848476,5.140163290234175,519.455656612635,517.5115729593672,521.5034200609662,3.991847101598978,2.0,0.1051945275338743,1,unreviewed
2021-02-22,2021-02-08,2021-03-08,2.8860439697103533,17.49564236451797,125.44581929366844,125.06330474931748,126.06126585509628,0.9979611057788134,0.75,0.1760062925574096,2,unreviewed
2019-09-27,2019-09-24,2019-09-30,2.876612620611523,0.2506441908877887,40.13528231132085,39.66592237725854,40.848728402517736,1.1828060252591968,0.75,0.0550040418257697,9,unreviewed
2020-11-12,2020-11-12,2020-11-13,2.8679946092036435,38.13393208602553,1228.5464066902468,1227.850984269753,1229.3476410857402,1.4966568159870803,1.0,0.1517831050065884,11,unreviewed
2019-12-09,2019-12-09,2019-12-10,2.8654535526446443,3.0021510434261707,558.9484338128957,557.1805547457188,560.6734210611321,3.4928663154132664,2.0,0.0872273383045979,12,unreviewed
2024-02-19,2024-02-16,2024-02-23,2.86489101486591,3.448958128070399,1049.7919955838877,1046.9888982060363,1053.474217693787,6.48531948775053,1.75,0.0986108369654938,2,unreviewed
2018-02-15,2018-02-01,2018-03-01,2.8571429130267196,2.0867073753815895,568.3387850875542,566.4117018929683,570.4035487449728,3.991846852004528,1.5,0.0902002650951578,2,unreviewed
2020-04-12,2020-04-08,2020-04-16,2.8533509755327486,6.2135255850978215,127.14437856434456,125.56228542746976,129.05514792632312,3.4928624988533556,2.5,0.0975569010147773,4,unreviewed
2022-01-27,2022-01-20,2022-02-03,2.8489674970371683,21.15878279608283,968.0945813393508,966.9208454894832,969.664667038247,2.7438215487636626,2.75,0.1142317238322899,1,unreviewed
2022-07-31,2022-07-29,2022-08-02,2.8456711716054897,40.74810768152891,1014.2960822776608,1012.567117509432,1016.0592387956568,3.492121286224574,4.5,0.1066534465488583,7,unreviewed
2022-07-31,2022-07-29,2022-08-02,2.8452613217613765,14.497075852314026,373.0906643004206,371.31020501535386,375.05255960254,3.742354587186128,2.75,0.1012848018332734,7,unreviewed
2025-02-24,2025-02-20,2025-02-28,2.8437485386052157,2.142758357264289,48.40911473318687,48.06576486630365,49.24857089249417,1.182806026190519,0.5,0.0344161622555919,2,unreviewed
2018-01-11,2017-12-21,2018-02-01,2.838993631739266,3.451197483712365,1163.6206080958098,1161.2464997284114,1165.9868223513477,4.740322622936219,1.75,0.0984470057128441,1,unreviewed
2020-04-12,2020-04-08,2020-04-16,2.8364753411509107,23.91495815815166,911.4467479494108,910.0500853941776,913.0433401893824,2.993254795204848,2.75,0.0966034542797985,4,unreviewed
2023-01-05,2023-01-04,2023-01-06,2.830794202328625,4.305361384045314,482.8451510724214,479.83851899718866,486.0757784377783,6.237259440589696,1.5,0.1004446629161728,1,unreviewed
2018-01-11,2017-12-21,2018-02-01,2.828746512421114,3.4823343710649177,1185.2877735589566,1183.4511736887507,1187.9417183590122,4.490544670261443,2.0,0.091177698379154,1,unreviewed
2019-01-21,2019-01-19,2019-01-23,2.822883682441333,28.379636620343828,1211.288764470267,1210.640088841319,1212.136745157186,1.4966563158668578,1.25,0.0757858213417857,1,unreviewed
2021-12-01,2021-11-30,2021-12-03,2.81712114747743,38.42908506566467,1192.1277900869648,1191.433726950083,1193.179817010183,1.7460900600999594,1.75,0.1496407031815237,12,unreviewed
2021-11-16,2021-11-15,2021-11-18,2.812905326321824,32.15934781157765,528.4209056871392,528.2396627115086,528.9881338356063,0.7484711240977049,1.25,0.0346052552256273,11,unreviewed
2018-03-13,2018-03-01,2018-03-26,2.812892228092139,27.24941045397317,215.38398348351825,215.12927595013753,215.87774680554867,0.7484708554111421,0.75,0.0438471736713984,3,unreviewed
2024-10-13,2024-10-09,2024-10-18,2.8095091424819247,10.748005784119623,114.5849055700733,114.33522566594183,115.0836959341541,0.7484702682122588,0.75,0.0314167543446584,10,unreviewed
2023-01-21,2023-01-20,2023-01-23,2.8072599893273464,4.822996165567156,1024.8984992483122,1023.0433115903288,1026.784866373986,3.741554783657193,2.5,0.1021383170063202,1,unreviewed
2019-06-13,2019-06-10,2019-06-17,2.8021342154437283,6.51805143950756,101.72806417670604,101.3617345285602,102.35969538567588,0.997960857115686,1.25,0.0510878250348737,6,unreviewed
2025-01-19,2025-01-14,2025-01-24,2.796222547778976,31.967694731324304,565.7474963182277,565.4137398237363,566.4117014645599,0.9979616408236324,1.25,0.1083378435858357,1,unreviewed
2023-06-16,2023-06-12,2023-06-21,2.7921040901307,23.870083292806857,768.5867043817778,768.2032866384834,769.2018249626271,0.9985383241437376,1.0,0.0663680374742438,6,unreviewed
2023-01-21,2023-01-20,2023-01-23,2.7896370073831633,5.767863232395647,854.5858608366855,852.9725594194606,856.2115094736218,3.2389500541612506,3.5,0.1020001080871838,1,unreviewed
2021-02-22,2021-02-08,2021-03-08,2.7873207413945766,31.24913344169881,566.5062789078177,566.162211375311,567.1601730166003,0.9979616412892938,1.25,0.0980277095342373,2,unreviewed
2020-04-12,2020-04-08,2020-04-16,2.787137927531679,10.555068480051482,1189.929239113861,1188.191094761249,1191.6832170393318,3.492122278083116,2.75,0.1051503390463324,4,unreviewed
2024-01-18,2024-01-10,2024-01-26,2.7838030558812124,5.074375314265259,1221.4645271674665,1218.6219536922872,1224.3589751794934,5.737021487206221,2.0,0.0996783573629103,1,unreviewed
2019-11-01,2019-10-29,2019-11-05,2.783438675605864,1.2243900646349084,30.108880684966454,29.399448483251035,30.815583609044552,1.4161351257935166,1.25,0.0589762024464259,11,unreviewed
2023-02-01,2023-01-31,2023-02-02,2.782795614900825,14.349027125634835,381.09054943831273,380.7908372939564,381.53930823970586,0.7484709457494318,0.5,0.0126827725444628,2,unreviewed
2019-12-11,2019-12-11,2019-12-11,2.7811427430595517,1.321146832990837,30.349535361651657,29.86610621633008,31.048912710044533,1.1828064937144518,1.0,0.0598658684568323,12,unreviewed
2024-11-15,2024-11-12,2024-11-19,2.775151862291463,3.170519335772359,35.70702993751881,35.46600089687854,36.18214918859303,0.7161482917144895,1.25,0.0377473741807531,11,unreviewed
2020-11-10,2020-11-09,2020-11-11,2.7737547177916695,38.152186390704195,1195.6725266048368,1195.175226630643,1196.422449701931,1.2472230712883174,1.0,0.0938896060118548,11,unreviewed
2019-12-13,2019-12-13,2019-12-13,2.7705350481899127,0.320753420370849,36.42946938220955,35.69932999834418,37.348793991841376,1.6494639934971929,1.0,0.0578670773574326,12,unreviewed
2018-10-22,2018-10-08,2018-11-05,2.7674786698515694,18.04404665969412,1087.2336183018897,1085.401610339526,1089.1436821748505,3.742071835324168,2.5,0.1070648760911166,10,unreviewed
2023-02-02,2023-02-02,2023-02-03,2.7672349180343736,13.688770016622996,499.78361367932473,497.8018277962692,501.793674425222,3.991846628952771,2.25,0.0967794869977109,2,unreviewed
2023-03-19,2023-03-17,2023-03-22,2.766979814418116,38.24349344125715,1062.454878688572,1062.2043229616247,1062.9526790427044,0.7483560810796916,0.75,0.0841136225166285,3,unreviewed
2024-07-26,2024-07-23,2024-07-29,2.765023812118405,1.092838387757496,30.306003700707713,29.632777349557728,31.048912710044533,1.4161353604868054,1.25,0.079635766554445,7,unreviewed
2023-02-04,2023-02-03,2023-02-06,2.7643758239841034,31.680017125743717,284.1131714795087,282.99063032958657,285.48553312011063,2.4949027905240655,2.75,0.0931807611067033,2,unreviewed
2021-09-21,2021-09-08,2021-10-05,2.764135814518246,11.393568822112853,277.8019997449816,276.5038833511062,279.24827627744526,2.74439292633906,1.75,0.0794535401616003,9,unreviewed
2025-04-18,2025-04-15,2025-04-21,2.760305330805487,26.156711026852236,245.45469064774264,245.06810899777335,246.06606998760253,0.9979609898291528,1.0,0.0609350915572014,4,unreviewed
2023-02-04,2023-02-03,2023-02-06,2.750370947314208,28.01031909447313,608.9602426255944,608.065350339748,610.3083305433393,2.242980203591287,2.5,0.0843882261211877,2,unreviewed
2024-05-19,2024-05-14,2024-05-24,2.7476156411410657,18.249601036963387,40.36590921133757,40.365909211337566,40.61539930058643,0.2494900892488658,0.75,0.0235156178140381,5,unreviewed
2023-08-27,2023-08-22,2023-09-01,2.7431397889399416,30.495172571858888,807.2680082216242,806.8850402240641,807.881895554252,0.9968553301878272,0.75,0.0902795337247529,8,unreviewed
2021-02-01,2021-01-26,2021-02-08,2.742285909109487,0.3413781025218207,38.88011734824578,38.49927804293111,39.448754732031375,0.9494766891002656,1.0,0.0565818563497622,2,unreviewed
2025-01-19,2025-01-14,2025-01-24,2.7390394193231367,29.83685675703986,209.77112372228825,209.39099937304857,210.38896036380905,0.9979609907604754,1.0,0.0592681825435622,1,unreviewed
2022-06-23,2022-06-15,2022-07-01,2.730746742991637,18.60015741100653,1030.8443046146792,1029.528574236203,1032.521830032114,2.9932557959109545,1.75,0.0782968323322362,6,unreviewed
2019-09-03,2019-09-01,2019-09-05,2.7292843568335057,15.373335725287832,382.66204819965134,382.537270040717,383.03625030908734,0.4989802683703601,0.5,0.0324640653681663,9,unreviewed
2019-06-28,2019-06-24,2019-07-02,2.7251816170608527,25.446968230264098,1098.657824832878,1097.1273858090865,1100.6202549496666,3.4928691405802965,1.75,0.0869382208303295,6,unreviewed
2025-05-30,2025-05-27,2025-06-02,2.7226660084909557,3.6333880773001,420.44535872392817,419.96082449518144,421.20827622525394,1.2474517300724983,1.0,0.0573688397061298,5,unreviewed
2017-11-11,2017-10-02,2017-12-21,2.722037418211093,4.89590528301292,1153.3692472238251,1151.5163615788333,1155.258722411003,3.742360832169652,3.75,0.1040874731993451,11,unreviewed
2025-02-15,2025-02-10,2025-02-20,2.715782764046147,9.514587593126745,1014.212011671738,1013.065984000452,1015.8098055501468,2.743821549694985,3.0,0.0952909528479668,2,unreviewed
2022-01-04,2022-01-04,2022-01-04,2.713285181135199,26.75273739008659,208.8870947181831,208.64252897165716,209.3909993292764,0.748470357619226,0.75,0.0516789603747761,1,unreviewed
2023-01-21,2023-01-20,2023-01-23,2.70911295837269,4.573512800845082,1092.0496613677735,1090.1416463130154,1094.133496846538,3.9918505335226655,2.0,0.0991673011094669,1,unreviewed
2023-02-04,2023-02-03,2023-02-06,2.702975938784824,21.180264730216827,493.5164357045604,492.3130391426384,495.057433210779,2.7443940681405365,1.75,0.0827505381669527,2,unreviewed
2025-03-03,2025-02-28,2025-03-07,2.6984188151871265,6.914142292958254,745.7287927483553,744.48342383001,747.229741373565,2.746317543555051,3.0,0.0967705422306718,3,unreviewed
2023-08-04,2023-08-01,2023-08-07,2.697338398355634,30.89507116558857,806.537288302444,806.1376749826595,807.134530313313,0.9968553306534886,1.0,0.0402561285321376,8,unreviewed
2024-08-17,2024-08-14,2024-08-21,2.6972392260451583,11.24713087563763,114.33486317669414,114.08573557483032,114.8342058439739,0.7484702691435814,0.75,0.0357893847514502,8,unreviewed
2023-02-02,2023-02-02,2023-02-03,2.6960242093105156,29.14022065585414,608.7851423966183,607.0686057782732,610.5575166833587,3.488910905085504,2.75,0.0978416018709068,2,unreviewed
2021-02-22,2021-02-08,2021-03-08,2.6922307125034877,41.75755136314679,1030.4057308255567,1029.7780074821785,1031.274663801305,1.4966563191264868,1.25,0.0526276744877929,2,unreviewed
2023-02-04,2023-02-03,2023-02-06,2.6842353659858516,14.93686917694985,335.7258869363762,334.13614519359544,337.8785000294447,3.7423548358492553,2.5,0.0954861465506336,2,unreviewed
2019-06-13,2019-06-10,2019-06-17,2.6833345196460954,4.873999618791709,31.61593969295639,31.266080355271697,32.21555704437196,0.9494766891002656,0.5,0.0233575954551949,6,unreviewed
2023-01-21,2023-01-20,2023-01-23,2.68278083876553,4.714960872866301,851.15227570645,849.2357332152314,853.4711712561548,4.235438040923327,2.25,0.0998130642161487,1,unreviewed
2018-02-15,2018-02-01,2018-03-01,2.6737865339305418,23.786938666633073,587.4355762070475,587.1194095970131,587.8678802223876,0.7484706253744662,0.75,0.0343512364818723,2,unreviewed
2024-12-09,2024-12-03,2024-12-16,2.6724505145026134,2.8760782652532524,28.990488815232005,28.932790747843683,29.415609704330564,0.4828189564868808,1.0,0.0394491142510792,12,unreviewed
2022-08-06,2022-08-02,2022-08-10,2.671538503481365,28.891103050389123,561.7659174459369,560.4239309718832,563.1683257366531,2.7443947647698224,4.25,0.1075325617492661,8,unreviewed
2023-02-04,2023-02-03,2023-02-06,2.662692146269301,18.60724057122595,323.2736853401617,322.16060888394713,324.6555115808733,2.4949026969261467,2.5,0.0864205024727572,2,unreviewed
2023-02-02,2023-02-02,2023-02-03,2.662249301360884,24.08479483669477,643.5875427116672,641.7054891916923,645.443586235866,3.738097044173628,2.0,0.0927792057544931,2,unreviewed
2022-01-04,2022-01-04,2022-01-04,2.660237787516315,38.80893626090974,1191.1067953257464,1190.186560723465,1192.1820835303515,1.9955228068865836,1.5,0.105174147146132,1,unreviewed
2018-02-15,2018-02-01,2018-03-01,2.6590047451227248,40.73622167872659,1106.1811940203577,1105.610070478171,1107.1070140474476,1.496943569276482,1.75,0.1079512779679153,2,unreviewed
2023-11-05,2023-11-01,2023-11-09,2.65686549235246,26.252059841213168,244.06322495939213,243.8206578292884,244.56912818737328,0.7484703580848873,0.75,0.0404114425523325,11,unreviewed
2022-07-31,2022-07-29,2022-08-02,2.65646786752272,48.9777950078134,991.0829654803708,989.8686961233616,992.6125186723656,2.7438225490041077,2.75,0.0965080806083027,7,unreviewed
2021-11-20,2021-11-18,2021-11-22,2.6496491786385032,24.25864481096777,765.4095988036997,764.4580454584211,766.7049975101836,2.2469520517624915,1.5,0.0693142191882955,11,unreviewed
2019-12-04,2019-12-02,2019-12-06,2.6433741286587606,11.262927075982509,503.15026440335726,501.7936748536304,504.78755963686854,2.9938847832381725,2.75,0.0938852340060203,12,unreviewed
2025-01-12,2025-01-10,2025-01-14,2.6404446784033233,17.247335322933676,128.5629472766328,128.3066776576452,129.05514792632312,0.7484702686779201,0.75,0.0390215350546158,1,unreviewed
2019-11-20,2019-11-18,2019-11-22,2.626378427171472,12.25011333966943,114.33452236612769,114.08573557483032,114.8342058439739,0.7484702691435814,0.75,0.0325918759026777,11,unreviewed
2019-02-23,2019-02-19,2019-02-27,2.6206838158843664,26.996624254105043,567.4102340596204,567.1601734440774,567.9086445686407,0.7484711245633662,0.75,0.0380223123775956,2,unreviewed
2024-03-23,2024-03-22,2024-03-25,2.618458364288267,11.999896679351782,114.08472896138368,113.83624548604712,114.5847157551907,0.7484702691435814,0.75,0.0319050546051484,3,unreviewed
2023-09-03,2023-09-01,2023-09-05,2.6176256911153986,12.000620538076864,113.83467257985797,113.5867551472038,114.3352256640792,0.7484705168753862,0.75,0.0361413498095901,9,unreviewed
2021-11-20,2021-11-18,2021-11-22,2.615175698438975,23.849558222328437,191.97541147978856,191.67719230381772,192.42566257156432,0.7484702677465975,0.5,0.028353627051071,11,unreviewed
2024-05-12,2024-05-10,2024-05-14,2.6122809896784647,7.501170910980203,36.17142093168386,35.932659099344164,36.64880739059299,0.7161482912488282,0.75,0.0317307506140328,5,unreviewed
2020-04-12,2020-04-08,2020-04-16,2.6076403492733915,6.769667874089057,952.4349968454474,951.7054227311164,953.2020788006485,1.4966560695320368,1.25,0.0534965585997172,4,unreviewed
2019-04-19,2019-04-15,2019-04-23,2.6047601109380576,16.115663434171413,315.1817828836442,314.9253892125562,315.6738601573743,0.7484709448181093,1.0,0.0781101447089481,4,unreviewed
2022-12-02,2022-11-28,2022-12-06,2.6003884208491943,8.124472281354002,30.564021379966704,30.332764418795705,31.048912710044533,0.7161482912488282,0.5,0.0122205323757233,12,unreviewed
2021-11-20,2021-11-18,2021-11-22,2.597148168315075,36.39451065459794,274.03084730013745,273.7594901314005,274.50796098681167,0.7484708554111421,1.25,0.0327908207566089,11,unreviewed
2022-09-19,2022-09-13,2022-09-26,2.59613941751172,46.67141692646013,1020.4997100676364,1019.301813150756,1021.796202453319,2.4943893025629222,2.5,0.0930035238565712,9,unreviewed
2018-02-15,2018-02-01,2018-03-01,2.5957117291262244,38.272325643312094,1178.0516871625914,1177.463395981118,1178.7108488562517,1.2474528751336038,1.5,0.1464013294027319,2,unreviewed
2023-02-02,2023-02-02,2023-02-03,2.5942210258429625,38.07649185415498,1187.2970082513298,1186.9439285350963,1187.9417183590122,0.9977898239158094,1.0,0.1381068164423809,2,unreviewed
2023-01-21,2023-01-20,2023-01-23,2.587635298329582,23.47132550624617,999.626846192528,998.5988587331958,1000.843813790474,2.2449550572782755,4.0,0.0917379322628519,1,unreviewed
2024-11-15,2024-11-12,2024-11-19,2.582657596813934,3.3724304481343803,163.30573315281487,161.73836660431698,165.231229103636,3.492862499319017,1.0,0.0674692104199717,11,unreviewed
2023-02-02,2023-02-02,2023-02-03,2.5767124351047,27.482330593832355,780.1997668347454,779.6886939243414,780.9369149943814,1.2482210700400174,1.25,0.0900508510522243,2,unreviewed
2022-12-27,2022-12-20,2023-01-04,2.572188368943828,3.316721702183463,916.9616166911284,914.7893153182232,919.0297360946424,4.240420776419342,2.0,0.0971553456625671,12,unreviewed
2018-01-11,2017-12-21,2018-02-01,2.5677960959226023,28.976991553317426,1252.8175410198578,1251.2977108322084,1254.540400865022,3.242690032813698,2.5,0.1013333995035702,1,unreviewed
2025-02-15,2025-02-10,2025-02-20,2.56201310277138,26.099653593254843,245.35088384532784,245.06810899777335,245.81657985318452,0.7484708554111421,1.25,0.0403476246508397,2,unreviewed
2018-02-15,2018-02-01,2018-03-01,2.555132789835119,37.13384246276395,1105.2630598635735,1104.8615983896889,1105.85956056742,0.9979621777310967,1.0,0.0767692624161123,2,unreviewed
2023-03-29,2023-03-22,2023-04-06,2.547370092825708,15.79945910899877,1089.534000356913,1088.1457197475247,1091.1396084916778,2.9938887441530824,3.25,0.1080899032685598,3,unreviewed
2023-10-29,2023-10-26,2023-11-01,2.5420420448522316,16.246274211277903,123.0617632316782,122.81789269763976,123.56636346364394,0.748470766004175,0.75,0.1433912331271944,10,unreviewed
2019-11-29,2019-11-26,2019-12-02,2.534373966959168,13.909590212207558,1213.1334898012558,1211.3883885769174,1214.8805108559318,3.4921222790144384,2.75,0.0996656651622989,11,unreviewed
2024-08-24,2024-08-21,2024-08-27,2.5265137816973824,28.730425157825195,792.8250043619979,792.4225159371272,793.4210542622022,0.99853832507506,1.25,0.0841724066631043,8,unreviewed
2021-02-22,2021-02-08,2021-03-08,2.525896667961625,45.95237581619118,998.9699201134916,997.8505589952692,1000.344947298523,2.4943883032537997,2.5,0.0931517556734372,2,unreviewed
2022-08-20,2022-08-17,2022-08-24,2.5217659852989764,31.500148834846375,866.9206082817709,866.674253505189,867.4219870883971,0.7477335832081735,0.75,0.0476811328083022,8,unreviewed
2020-04-12,2020-04-08,2020-04-16,2.5193989480772276,1.3068913694208146,30.416729003106724,29.86610621633008,31.048912710044533,1.1828064937144518,1.0,0.0634461248538042,4,unreviewed
2025-03-14,2025-03-10,2025-03-18,2.512353784564496,10.561946315446267,1011.0076700280232,1009.0750528140924,1013.0660408441908,3.990988030098378,2.0,0.0968499372617962,3,unreviewed
2019-08-30,2019-08-29,2019-09-01,2.5059308493343506,3.1170357723504383,403.1115022654782,402.7459876113571,403.743949118536,0.997961507178843,1.0,0.0514314736159286,8,unreviewed
2022-11-24,2022-11-21,2022-11-28,2.5050963049858135,28.502774038890077,567.1640358041451,566.9106829273514,567.6591540519148,0.7484711245633662,0.75,0.0396131536944829,11,unreviewed
2021-12-16,2021-12-16,2021-12-17,2.5046882639448462,2.3576124417715527,610.2939379704688,609.8096543140709,611.0558889629319,1.246234648860991,1.0,0.040666022667585,12,unreviewed
2023-03-11,2023-03-06,2023-03-17,2.5021883732505734,19.76071290813099,1145.344497983412,1144.031640691217,1146.7760377428494,2.7443970516324043,3.5,0.0966778081205217,3,unreviewed
2021-01-06,2020-12-17,2021-01-26,2.4988459545249064,29.007738388672912,213.10412470916617,212.63437311304733,213.6323343515396,0.9979612384922802,1.5,0.1045572035881146,1,unreviewed
2023-01-14,2023-01-09,2023-01-20,2.496595741037448,11.059689819963054,354.47396116425034,353.3469011746347,355.8418038706295,2.494902695994824,3.0,0.0962769070821099,1,unreviewed
2019-11-01,2019-10-29,2019-11-05,2.493139929066218,36.25522685799704,1047.0248173124526,1046.2405987177044,1047.7372542871162,1.4966555694118142,1.5,0.0900101720659646,11,unreviewed
2024-06-09,2024-06-07,2024-06-11,2.487926397043706,20.24443143307115,877.637380785148,877.3864876264706,878.1342212092131,0.7477335827425122,0.75,0.0441992056479949,6,unreviewed
2022-08-27,2022-08-24,2022-08-30,2.487202563922273,19.69760521057789,1078.0780136414248,1076.6714477282949,1079.9141367697157,3.242689041420818,2.75,0.0997786606940461,8,unreviewed
2020-10-30,2020-10-20,2020-11-09,2.479519828486466,20.244120377124975,877.6391642087527,877.3864876264706,878.1342212092131,0.7477335827425122,0.75,0.046274213151828,10,unreviewed
2022-08-20,2022-08-17,2022-08-24,2.47588475788611,19.24953445159002,900.5700335018464,900.3221925487742,901.0705486312507,0.7483560824766755,0.75,0.0432300962764676,8,unreviewed
2022-01-27,2022-01-20,2022-02-03,2.4703309213818634,38.540713461724565,1191.5485475269727,1190.685427214019,1192.4315167753955,1.7460895613767209,1.75,0.1247311255854495,1,unreviewed
2021-11-16,2021-11-15,2021-11-18,2.4686607723519094,32.50240832960664,522.2566199727639,522.0024007763714,522.7508719004691,0.7484711240977049,0.75,0.0384593902772114,11,unreviewed
2022-11-10,2022-11-07,2022-11-14,2.468298138507186,17.884423146346013,1061.4926243541756,1059.9594242474996,1063.7009787810966,3.741554533597082,2.75,0.1015315153121774,11,unreviewed
2025-05-02,2025-04-29,2025-05-05,2.4607032859553164,37.63583184712859,1112.2509505101357,1111.8473378848284,1112.8453000630252,0.997962178196758,1.0,0.044436267998373,5,unreviewed
2022-07-15,2022-07-12,2022-07-18,2.440455044547012,47.19212795453257,999.1105237455448,998.0999922407792,1000.344947298523,2.2449550577439368,2.75,0.0917191802242214,7,unreviewed
2021-11-20,2021-11-18,2021-11-22,2.4394941334682705,14.43616536032203,648.1824492427617,647.9351439364254,648.6830068039708,0.7478628675453365,0.5,0.0281621696289006,11,unreviewed
2018-05-05,2018-03-26,2018-06-15,2.4356330872195775,22.461021000196745,1072.2146081691687,1070.4356185793877,1074.426606358029,3.990987778641283,2.0,0.102568401927216,5,unreviewed
2022-09-27,2022-09-26,2022-09-28,2.4321474611826814,24.806949956240583,948.9211455895878,947.7144925445318,950.4583140942268,2.743821549694985,3.75,0.1083850210977746,9,unreviewed
2022-06-23,2022-06-15,2022-07-01,2.4271406316991126,30.667296052127764,1011.0927893686834,1010.8210847871378,1011.569441367872,0.7483565807342529,1.25,0.0374638815745353,6,unreviewed
2019-02-02,2019-01-30,2019-02-06,2.419159880351698,17.93089485221435,914.583903579734,913.2927165925504,916.0365381427108,2.7438215501606464,2.5,0.0960036567174518,2,unreviewed
2023-10-10,2023-10-03,2023-10-18,2.4116703749900137,17.74953725004584,125.56130767725148,125.31279508769512,126.06126585509628,0.7484707674011588,0.75,0.0455163876541001,10,unreviewed
2022-10-09,2022-10-05,2022-10-13,2.409337018930313,2.3815997155444553,610.604452343442,610.0588404540904,611.305075103417,1.2462346493266525,1.0,0.0399457941894188,10,unreviewed
2020-02-23,2020-02-23,2020-02-24,2.4053071302637212,28.500916862728214,566.9111255119014,566.6611924101599,567.4096635333262,0.7484711231663823,0.75,0.0290651301060283,2,unreviewed
2024-09-20,2024-09-17,2024-09-24,2.404745777562911,13.49995869490958,35.47873341704655,35.232672029640526,35.94882008759305,0.7161480579525232,0.75,0.0387350385532328,9,unreviewed
2023-02-04,2023-02-03,2023-02-06,2.4030781234338496,16.4140922940047,767.111971716639,765.7064591851085,768.4527767277323,2.7463175426237285,2.0,0.0882910369146013,2,unreviewed
2024-01-18,2024-01-10,2024-01-26,2.398585929631879,17.447723173748695,1161.0299346938689,1159.749555551447,1162.7434433000162,2.99388774856925,2.5,0.0953171477060536,1,unreviewed
2024-02-19,2024-02-16,2024-02-23,2.392193057957488,3.1152323960723507,629.0782847130353,628.2494336497039,629.9940405800007,1.744606930296868,1.5,0.0725982573192098,2,unreviewed
2021-11-03,2021-11-03,2021-11-04,2.3913063701802977,6.118608418037983,103.85230989477074,103.60714658070356,104.35561709897593,0.7484705182723701,1.0,0.0429401162976468,11,unreviewed
2023-01-05,2023-01-04,2023-01-06,2.3782162489226337,31.630635604233284,1244.7298021134818,1244.3135799621232,1245.311369787436,0.9977898253127933,1.0,0.0618859805200595,1,unreviewed
2019-06-13,2019-06-10,2019-06-17,2.3756901617689885,18.995479437093337,888.3463505860889,888.0999677442014,888.8483243249357,0.7483565807342529,0.75,0.0422802148081514,6,unreviewed
2018-10-22,2018-10-08,2018-11-05,2.375274760770389,14.750003938861514,36.752154296611394,36.63264616858214,37.11546512553468,0.482818956952542,0.75,0.0293785984631337,10,unreviewed
2025-08-09,2025-08-05,2025-08-13,2.365564606496823,25.74404814167655,789.6801364494567,789.4263219931163,790.175177573692,0.7488555805757642,0.75,0.0471282711079121,8,unreviewed
2023-10-22,2023-10-18,2023-10-26,2.360947293415094,3.3739368364912083,688.6317106720093,688.0551173822023,689.303338452708,1.2482210705056789,1.0,0.0609348499072191,10,unreviewed
2024-08-17,2024-08-14,2024-08-21,2.3597608432956716,0.3808284571227388,40.00337653721001,39.66592237725854,40.61539930058643,0.949476923327893,1.0,0.0467681494334449,8,unreviewed
2024-12-16,2024-12-16,2024-12-17,2.350865274163503,10.549925485636782,37.47443763292779,37.332632769364864,37.81545196054503,0.4828191911801696,0.75,0.0277511713389185,12,unreviewed
2021-01-06,2020-12-17,2021-01-26,2.3488306201131564,1.6257261950477109,30.28836128023321,29.632777349557728,31.048912710044533,1.4161353604868054,1.25,0.0658994818761578,1,unreviewed
2020-01-17,2020-01-14,2020-01-21,2.3476805331742416,27.250114108363352,579.6344088943785,579.3852053037845,580.1336759296246,0.7484706258401275,0.75,0.0443377528771066,1,unreviewed
2025-07-06,2025-07-01,2025-07-11,2.340940558413183,18.58240228900447,1092.6919233248211,1091.389099795837,1094.3829875430092,2.9938877471722662,2.5,0.09562599868965,7,unreviewed
2023-01-05,2023-01-04,2023-01-06,2.3315422667511787,36.1403763604534,1109.367445780928,1109.102940225508,1109.851411708165,0.7484714826568961,1.0,0.0466141886531512,1,unreviewed
2021-11-20,2021-11-18,2021-11-22,2.3295281956331944,31.600155557249508,565.9333215954969,565.4137398237363,566.6611919822171,1.2474521584808826,1.0,0.0524619583652809,11,unreviewed
2020-08-09,2020-08-05,2020-08-14,2.32719552567124,31.10002249992831,1220.82767371798,1220.118553164415,1221.615209480282,1.4966563158668578,1.0,0.0626838492787089,8,unreviewed
2025-10-31,2025-10-27,2025-11-05,2.3240019277838098,3.3574251809472604,29.466957409704836,28.932790747843683,30.58225450804457,1.649463760200888,1.0,0.0623487216478009,10,unreviewed
2021-10-24,2021-10-21,2021-10-27,2.321692148537545,30.103917414385453,566.7287401970276,566.4117018929683,567.4096635333262,0.9979616403579712,1.5,0.1154100835000727,10,unreviewed
2021-12-28,2021-12-21,2022-01-04,2.3153701320485007,0.2982232033571149,35.42337474922386,34.76601429656148,36.415478290524334,1.649463993962854,1.0,0.07514541914702,12,unreviewed
2021-07-27,2021-07-14,2021-08-09,2.314994836581747,31.627360933213573,571.5241605196418,571.1520207254216,572.1499823653139,0.99796163989231,1.0,0.044644544259315,7,unreviewed
2024-12-16,2024-12-16,2024-12-17,2.305444355965301,7.749672167737573,36.75042717220387,36.63264616858214,37.11546512553468,0.482818956952542,0.75,0.0307628699397235,12,unreviewed
2023-01-05,2023-01-04,2023-01-06,2.303435960746848,30.496421028261345,807.8874975181064,807.6324054650031,808.3801390477456,0.7477335827425122,0.75,0.061776457312674,1,unreviewed
2025-10-03,2025-09-30,2025-10-06,2.3014500196364267,6.546570575032129,31.92589945387777,31.499409222509712,32.68221477884799,1.1828055563382804,1.25,0.0537038905668821,10,unreviewed
2019-11-29,2019-11-26,2019-12-02,2.2975785571765073,29.07512448966904,212.89189470403048,212.63437311304733,213.38284396845847,0.7484708554111421,1.5,0.0402539499646044,11,unreviewed
2021-04-27,2021-04-21,2021-05-04,2.2869776609118007,41.16653221806792,1187.3805373691116,1186.6944952886552,1188.1911516049877,1.496656316332519,1.5,0.1335429182157124,4,unreviewed
2019-12-14,2019-12-14,2019-12-14,2.277956161657084,25.74240124867922,789.4265883441675,789.17663924722,789.9254948263988,0.7488555791787803,0.75,0.0427248656464449,12,unreviewed
2022-04-25,2022-04-22,2022-04-29,2.2654816571946412,37.24311618452724,1063.2042959760995,1062.9526221989654,1063.7009787810966,0.7483565821312368,0.75,0.062961003220005,4,unreviewed
2025-07-25,2025-07-22,2025-07-28,2.2553991389628703,6.723071799500777,32.050247309968256,31.732738089747727,32.68221477884799,0.9494766891002656,1.25,0.078628138175731,7,unreviewed
2023-02-02,2023-02-02,2023-02-03,2.2423015330025287,35.867951455000885,1109.3552404045208,1109.102940225508,1109.851411708165,0.7484714826568961,1.0,0.0406558250383298,2,unreviewed
2019-12-10,2019-12-10,2019-12-11,2.236717321079916,27.89300094365351,582.7888320292865,582.3790910132229,583.3770524053834,0.9979613921605052,1.0,0.0478795534676564,12,unreviewed
2024-08-10,2024-08-07,2024-08-14,2.233948604814477,32.62071894501459,566.5069057789347,566.162211375311,567.1601730166003,0.9979616412892938,1.5,0.0503927839202525,8,unreviewed
2019-09-20,2019-09-16,2019-09-24,2.2199463477905175,39.44363943079371,1227.284675373512,1226.8532507885247,1228.100474359002,1.2472235704772174,1.75,0.067871487004437,9,unreviewed
2019-12-08,2019-12-08,2019-12-08,2.2192430352289256,23.36677779039394,522.8649267967174,522.5013818112202,523.4993434520438,0.9979616408236324,1.0,0.0578183123909942,12,unreviewed
2022-11-04,2022-11-01,2022-11-07,2.210296944353684,34.2473666670147,574.3954242628694,574.1459059352055,574.8943770602345,0.7484711250290275,0.75,0.0332235972865389,11,unreviewed
2019-12-07,2019-12-07,2019-12-07,2.2044152154996417,2.84381745552763,629.3513697482698,628.7478059302084,630.243226969149,1.495421038940549,1.0,0.0488931896367008,12,unreviewed
2025-05-02,2025-04-29,2025-05-05,2.201157498659275,6.6477159575523155,35.559526788297205,35.46600089687854,35.94882008759305,0.4828191907145083,1.0,0.0294042877151036,5,unreviewed
2021-11-20,2021-11-18,2021-11-22,2.1952065363054665,37.2315823741323,282.71062349990683,281.99266929365695,283.24012041883543,1.247451125178486,1.0,0.0608585256897166,11,unreviewed
2025-06-07,2025-06-02,2025-06-13,2.1882382781127463,0.2531681677102285,35.71603660829967,35.232672029640526,36.415478290524334,1.182806260883808,0.75,0.0801907138800674,6,unreviewed
2019-01-21,2019-01-19,2019-01-23,2.1762159744370657,31.482618465937264,565.9113585167995,565.6632303404622,566.4117014645599,0.7484711240977049,1.25,0.0494729488389726,1,unreviewed
2021-11-16,2021-11-15,2021-11-18,2.1691048831682505,29.431203472678902,545.0676481599841,544.4565418520942,545.7039935118519,1.247451659757644,1.25,0.0464969809763271,11,unreviewed
2022-10-16,2022-10-13,2022-10-19,2.1587859730769168,28.650931910131916,538.6172454972956,538.2192804138176,539.2172420555726,0.997961641754955,1.0,0.0476559900570616,10,unreviewed
2025-03-21,2025-03-18,2025-03-24,2.1558906405911835,0.2537894097310121,35.26134382915607,34.76601429656148,35.94882008759305,1.1828057910315692,0.75,0.0477232765652242,3,unreviewed
2023-06-16,2023-06-12,2023-06-21,2.148842545569903,17.749661047697142,125.81739309172389,125.56228542746976,126.31075594434516,0.7484705168753862,0.75,0.0785007923527242,6,unreviewed
2018-10-22,2018-10-08,2018-11-05,2.1444740364796777,40.135590619675675,1109.8064992001152,1109.3524309215136,1110.5998837966472,1.2474528751336038,1.0,0.1012423606609886,10,unreviewed
2018-05-05,2018-03-26,2018-06-15,2.1414545203020214,5.8904525635461775,106.44987801831086,106.10204872256143,107.10000908048823,0.997960357926786,1.0,0.0529073601773657,5,unreviewed
2019-09-03,2019-09-01,2019-09-05,2.1407328702188693,15.250517674954027,380.9155589196308,380.7908372939564,381.2898178114556,0.4989805174991488,0.75,0.0295461864435859,9,unreviewed
2018-05-05,2018-03-26,2018-06-15,2.1303659332853555,31.108897771136263,1220.8705671390155,1220.367986409925,1221.615209480282,1.2472230703569949,1.0,0.0657551238943935,5,unreviewed
2024-09-14,2024-09-11,2024-09-17,2.121759148931493,30.62541570478515,904.8110653340178,904.5625559818,905.310912563,0.7483565811999142,1.0,0.0503139242367814,9,unreviewed
2024-08-31,2024-08-27,2024-09-05,2.1144933738073424,17.50356840085142,125.56688554918614,125.31279508769512,126.06126585509628,0.7484707674011588,0.75,0.0418049710820924,8,unreviewed
2023-06-09,2023-06-06,2023-06-12,2.1081426035855126,29.248188419732767,563.4187767997087,563.1683261645958,563.9167972886935,0.7484711240977049,0.75,0.0381148234262235,6,unreviewed
2024-07-20,2024-07-18,2024-07-23,2.1055678658644648,6.878005959486864,31.378867256833928,31.266080355271697,31.748899311758574,0.4828189564868808,1.0,0.0318415378367106,7,unreviewed
2022-08-20,2022-08-17,2022-08-24,2.103547619866772,27.34411091887308,224.49125447816684,224.11092576384544,225.10888675460592,0.9979609907604754,1.0,0.0928810184685955,8,unreviewed
2021-11-16,2021-11-15,2021-11-18,2.091661912014956,31.71437064689746,526.2438484581659,525.9942480563186,526.7427191799507,0.7484711236320436,1.0,0.0317910515788594,11,unreviewed
2022-05-15,2022-05-12,2022-05-18,2.089296122243654,6.195809124741096,31.68790478402398,31.499409222509712,32.21555704437196,0.7161478218622506,1.0,0.0456234014193611,5,unreviewed
2023-01-07,2023-01-06,2023-01-09,2.068332717494518,2.8385533018344464,615.5195020732522,615.0425642495975,616.2887991480529,1.246234898455441,1.0,0.0523590340612597,1,unreviewed
2024-04-06,2024-04-04,2024-04-09,2.063757692982916,38.89386344314382,1195.7784782599656,1195.4246598756872,1196.422449701931,0.9977898262441158,1.0,0.1319539320271512,4,unreviewed
2021-12-04,2021-12-03,2021-12-06,2.0461037742676664,2.504508289546244,608.4360865216612,608.065350339748,609.0623988485895,0.9970485088415444,0.75,0.0465582336703149,12,unreviewed
2019-12-04,2019-12-02,2019-12-06,2.044069182589842,2.8735538318592577,629.240136737921,628.7478059302084,629.9940405800007,1.2462346497923136,1.0,0.0437535473151596,12,unreviewed
2024-05-12,2024-05-10,2024-05-14,2.0423763923342886,10.251086279016429,35.24241354008895,34.999343163799495,35.715490986127406,0.7161478223279119,0.75,0.0358040882234533,5,unreviewed
2021-11-20,2021-11-18,2021-11-22,2.037462061301309,37.364770027080134,214.3824034462944,214.1313149142079,214.87978527182713,0.748470357619226,1.0,0.0475692228426296,11,unreviewed
2024-09-14,2024-09-11,2024-09-17,2.0270071791113353,14.5625,79.50684157793876,79.33184475218877,79.81466394243762,0.482819190248847,0.75,0.0138360377910015,9,unreviewed
2025-03-03,2025-02-28,2025-03-07,2.000005490477154,4.54305126788956,34.30884587655813,34.066027695313096,35.015504385810345,0.9494766904972494,1.25,0.0355101823618422,3,unreviewed
2021-11-16,2021-11-15,2021-11-18,1.999731675104203,29.499122846689605,519.0095367603619,518.7590250484645,519.5074961711653,0.748471122700721,0.75,0.0345092160872571,11,unreviewed
2022-09-27,2022-09-26,2022-09-28,1.9972211810811369,0.9963441788709544,30.488375495574513,30.099435317330062,31.048912710044533,0.9494773927144706,0.75,0.0499274329727017,9,unreviewed
2019-11-01,2019-10-29,2019-11-05,1.996114068810095,11.916722911217974,37.878120134723815,37.79929097183049,38.28211016301066,0.4828191911801696,0.5,0.0231625300129033,11,unreviewed
2020-10-04,2020-09-18,2020-10-20,1.995110494926091,2.9301347640807944,608.960799525482,608.5637226193212,609.5607716259547,0.9970490066334604,1.0,0.0441582701409847,10,unreviewed
2022-12-02,2022-11-28,2022-12-06,1.9866558995266703,7.043888333533219,31.457550257587467,31.266080355271697,31.982228178996593,0.7161478237248957,0.75,0.0450060637859878,12,unreviewed
2022-08-27,2022-08-24,2022-08-30,1.968113172368471,16.498003195774128,315.6748586427841,315.4243700681254,316.17284101387486,0.7484709457494318,0.75,0.0360951983806531,8,unreviewed
2020-02-26,2020-02-25,2020-02-28,1.9592556504749137,30.368187033301748,223.87013247366983,223.61194499814883,224.3604158530943,0.7484708549454808,1.0,0.0565151535192494,2,unreviewed
2022-09-27,2022-09-26,2022-09-28,1.9558460565427165,17.583919641859143,37.21993410781636,36.86597503628582,37.81545196054503,0.9494769242592156,0.75,0.0387620029735711,9,unreviewed
2022-07-31,2022-07-29,2022-08-02,1.9524258592817256,5.862186392466328,106.05361681515714,105.35357795562597,106.60102890152484,1.2474509458988905,1.0,0.0861388501240974,7,unreviewed
2020-08-17,2020-08-14,2020-08-20,1.9370660019371193,4.550470997926353,31.86982469591465,31.732738089747727,32.21555704437196,0.4828189546242356,0.75,0.0314063001946527,8,unreviewed
2018-02-15,2018-02-01,2018-03-01,1.932143562476239,30.82732383331375,1220.9618430035275,1220.6174196554348,1221.615209480282,0.997789824847132,1.0,0.0612137623168483,2,unreviewed
2020-02-07,2020-02-05,2020-02-10,1.92002146276486,31.624773942740717,571.3933810936705,571.1520207254216,571.900491848588,0.7484711231663823,1.0,0.0624769745876645,2,unreviewed
2019-05-07,2019-05-02,2019-05-13,1.9192409953931668,16.753275893037834,1162.543000338414,1161.2464997284114,1164.240387476981,2.99388774856925,3.5,0.1000381407274022,5,unreviewed
2021-11-06,2021-11-04,2021-11-08,1.918216401969144,2.393363717269094,610.1915351025717,609.8096543140709,610.8067028233781,0.9970485093072056,1.0,0.0358656792274164,11,unreviewed
2019-02-10,2019-02-06,2019-02-15,1.9167930610099797,10.995160726645118,109.84791668480293,109.59491172106937,110.34338223794477,0.7484705168753862,0.75,0.0377008918772249,2,unreviewed
2019-01-26,2019-01-23,2019-01-30,1.911158264971772,5.001626365093679,1154.2857605848087,1152.514324363321,1156.2566851968877,3.742360833566636,2.5,0.0961761130156254,1,unreviewed
2024-12-28,2024-12-27,2024-12-30,1.9074340640370315,12.987944110980168,121.07599405143598,120.82197098387404,121.57044175034387,0.7484707664698362,0.75,0.0308141294775182,12,unreviewed
2023-10-10,2023-10-03,2023-10-18,1.9030062386780873,31.249750822098612,807.3881288425655,807.1341619710438,807.881895554252,0.7477335832081735,0.75,0.0632671923361035,10,unreviewed
2022-07-15,2022-07-12,2022-07-18,1.8960579396925064,28.250752000152637,583.0125881702587,582.6285815304145,583.6265426743776,0.9979611439630388,0.75,0.0377709369128783,7,unreviewed
2025-10-31,2025-10-27,2025-11-05,1.8941181542485963,7.033645719829176,31.612346543142245,31.499409222509712,31.982228178996593,0.4828189564868808,1.0,0.071192293109589,10,unreviewed
2022-07-09,2022-07-06,2022-07-12,1.8904737277698935,31.866307729615233,535.7253320739931,535.2253952021711,536.4728473611176,1.247452158946544,1.0,0.0494706810468305,7,unreviewed
2019-12-13,2019-12-13,2019-12-13,1.8879406548937496,2.9515776862291285,704.2760993056336,703.0360831031576,706.0320843909867,2.996001287829131,1.75,0.0876172349745827,12,unreviewed
2019-10-20,2019-10-17,2019-10-24,1.8657467650244384,3.7124731220180145,35.06507018256004,34.76601429656148,35.48216211888939,0.7161478223279119,0.75,0.0362671416373257,10,unreviewed
2019-12-26,2019-12-22,2019-12-30,1.86502630001921,22.361174710863963,780.7845833338527,779.1893284330145,781.9356462266296,2.7463177936151624,2.25,0.0839281468609442,12,unreviewed
2018-02-15,2018-02-01,2018-03-01,1.8643203054391584,36.602540423933135,1055.9699288211236,1055.719060066156,1056.467416646425,0.7483565802685916,1.0,0.063917230788627,2,unreviewed
2022-12-09,2022-12-06,2022-12-12,1.8629905232634616,28.138224640653096,538.319296652959,537.9697898970917,538.9677515379153,0.9979616408236324,1.0,0.0490764718540837,12,unreviewed
2022-10-28,2022-10-25,2022-11-01,1.8620643536796475,14.304293261846576,372.91748214003337,371.31020501535386,375.05255960254,3.742354587186128,2.5,0.0984027205653093,10,unreviewed
2020-11-12,2020-11-12,2020-11-13,1.8618459874790327,37.095813308489454,1192.3551272385744,1191.9325934411029,1192.9303835164756,0.9977900753729044,1.0,0.0801946695043939,11,unreviewed
2025-03-14,2025-03-10,2025-03-18,1.86032721656073,15.62712502015854,1031.676533235801,1030.526307220105,1033.2701295199804,2.743822299875319,2.0,0.0888686175493399,3,unreviewed
2019-06-20,2019-06-17,2019-06-24,1.859515126320225,22.997912826765457,247.31529649373763,247.06403106823564,247.81250192504376,0.748470856808126,0.75,0.0431687246163346,6,unreviewed
2025-04-11,2025-04-08,2025-04-15,1.852928587964055,31.492699474374273,526.2382029528197,525.9942480563186,526.7427191799507,0.7484711236320436,0.75,0.0428625838302326,4,unreviewed
2023-01-27,2023-01-23,2023-01-31,1.8472795709907597,16.881844985635052,590.6995946276752,589.6143140215427,592.109217769932,2.4949037483893335,2.5,0.0920936112953358,1,unreviewed
2025-07-18,2025-07-14,2025-07-22,1.8466458037915456,30.60697765574842,565.9061036129938,565.6632303404622,566.4117014645599,0.7484711240977049,1.0,0.0505838621378352,7,unreviewed
2025-02-15,2025-02-10,2025-02-20,1.8459477305218268,19.71005067894041,420.4702384090411,419.2123538237065,421.9567476431839,2.744393819477409,1.75,0.0889913608696059,2,unreviewed
2021-01-06,2020-12-17,2021-01-26,1.8452099883279185,15.749110574404147,112.8309271969158,112.58879404189064,113.33726456016302,0.7484705182723701,0.75,0.0687630192962456,1,unreviewed
2019-09-13,2019-09-11,2019-09-16,1.8451781783415389,3.014741986918923,608.6925534389715,608.3145364788361,609.3115852372721,0.9970487584359944,0.75,0.0409112118927541,9,unreviewed
2023-12-24,2023-12-21,2023-12-28,1.8421469361296872,5.2096876168016,1013.6122825980812,1012.3176842625252,1015.31093905773,2.993254795204848,2.25,0.0925122605955283,12,unreviewed
2022-06-23,2022-06-15,2022-07-01,1.8410214239645637,22.48458153775852,1011.090329507632,1010.5716515406966,1011.8188746138476,1.2472230731509626,2.0,0.0631228789666437,6,unreviewed
2022-06-23,2022-06-15,2022-07-01,1.838128212144589,28.46833805788635,1016.5884598378432,1016.3086151988246,1017.0569717795588,0.7483565807342529,0.75,0.030720668558575,6,unreviewed
2019-05-25,2019-05-22,2019-05-29,1.8315990565089464,34.24150090514441,1045.98993017484,1045.7417322252877,1046.4900888069533,0.7483565816655755,0.75,0.0542539268213247,5,unreviewed
2024-01-18,2024-01-10,2024-01-26,1.8252800962734956,4.5594656366471344,1098.7860594903254,1097.3768765050918,1100.8697456461375,3.492869141045958,2.25,0.0947380725591165,1,unreviewed
2022-04-18,2022-04-15,2022-04-22,1.8239002289623825,15.232804042411944,1109.1586881590567,1108.1049774405546,1110.5998837966472,2.4949063560925424,2.5,0.0936703067940255,4,unreviewed
2021-04-27,2021-04-21,2021-05-04,1.82063671147744,10.780691562893846,344.6303163159286,343.3672870444134,346.36117109376937,2.9938840493559837,1.75,0.0841282999647872,4,unreviewed
2020-09-03,2020-08-20,2020-09-18,1.8201464634520663,23.94499068839469,999.4558346327422,998.349425487686,1000.843813790474,2.4943883027881384,2.25,0.0984800708658137,9,unreviewed
2025-06-14,2025-06-13,2025-06-16,1.8177943332631503,2.2137440655763783,602.2405308503103,599.5930195888504,605.0754196131602,5.482400024309754,0.75,0.0854338418771272,6,unreviewed
2019-02-10,2019-02-06,2019-02-15,1.814878792080188,11.605898664379362,1214.4366736216723,1213.1344212950207,1215.8782440875657,2.743822792544961,2.0,0.0912475463771295,2,unreviewed
2021-11-16,2021-11-15,2021-11-18,1.8144196055709256,3.039396945628861,138.59146459438776,137.78730604611337,139.53373717004433,1.746431123930961,1.0,0.0501475463650869,11,unreviewed
2024-11-29,2024-11-26,2024-12-03,1.813486699754702,12.804926657148782,377.851543293239,377.54746272740886,378.2959336712957,0.7484709438867867,0.75,0.0601439555388295,11,unreviewed
2019-01-26,2019-01-23,2019-01-30,1.8013564916154217,30.63820492364947,568.7488828764734,568.4076255331747,569.4055866757408,0.9979611425660552,1.0,0.0505374653412239,1,unreviewed
2022-07-31,2022-07-29,2022-08-02,1.797890887158188,37.291339577000514,1051.9785231440662,1050.7303961459547,1053.723650940694,2.9932547947391868,2.5,0.0924926460523455,7,unreviewed
2020-06-04,2020-05-29,2020-06-10,1.797497378914921,13.356460560486722,924.6568129236002,923.270043183118,926.512731224764,3.2426880416460335,2.25,0.0943233194001779,6,unreviewed
2022-07-31,2022-07-29,2022-08-02,1.7863370634975957,14.144296419515104,333.5570170498896,332.14022201951593,335.38359624892473,3.2433742294088006,6.0,0.1008963178862624,7,unreviewed
2025-01-04,2024-12-30,2025-01-10,1.7798084692146534,3.353868574382524,167.38053956877172,164.98173901438713,169.97154354676604,4.989804532378912,1.0,0.0927272101136753,1,unreviewed
2024-01-03,2023-12-28,2024-01-10,1.7792201715842044,4.115144314575223,942.456833196568,940.4809309095144,944.7213514363392,4.240420526824892,1.25,0.0937846778718261,1,unreviewed
2021-01-06,2020-12-17,2021-01-26,1.7738132847425256,3.4360466665902454,899.9324837214795,896.331261862535,903.0660143485292,6.73475248599425,1.0,0.0973418176597171,1,unreviewed
2022-08-20,2022-08-17,2022-08-24,1.7731341727195904,0.1466703930226856,35.91332606446209,35.46600089687854,36.64880739059299,1.1828064937144518,0.75,0.0537213005186875,8,unreviewed
2021-12-16,2021-12-16,2021-12-17,1.7656307582854305,19.980622764090363,901.7325456969496,901.5693580298685,902.3177146110684,0.7483565811999142,0.75,0.0505870147406819,12,unreviewed
2024-01-18,2024-01-10,2024-01-26,1.7652797881023798,3.679880290590806,638.0765681831649,636.970950790681,639.4631168865599,2.492166095878929,2.0,0.0892118943611912,1,unreviewed
2019-12-13,2019-12-13,2019-12-14,1.7634374285383212,6.145972328749342,273.64184059726045,272.0130584430881,275.75541190616786,3.74235346307978,1.5,0.0881360463336136,12,unreviewed
2018-01-11,2017-12-21,2018-02-01,1.7620288074944226,32.8398999988708,1100.152439773082,1098.3748392914422,1101.8677084320225,3.4928691405802965,2.25,0.0970590946157508,1,unreviewed
2021-10-24,2021-10-21,2021-10-27,1.7537070655675262,19.810330101074236,1013.9556881088268,1013.065984000452,1015.31093905773,2.2449550572782755,2.5,0.0853015589590964,10,unreviewed
2023-07-01,2023-06-26,2023-07-06,1.751073261067848,3.42155674447435,110.67451129691776,108.84644070547074,112.83828413113952,3.991843425668776,1.25,0.0868398209575162,7,unreviewed
2025-10-24,2025-10-22,2025-10-27,1.750587129628947,33.11901736367446,529.3763029700563,528.988134263549,529.9860951574519,0.9979608939029276,1.0,0.0888089634629276,10,unreviewed
2021-11-16,2021-11-15,2021-11-18,1.7493983093536762,35.990185516896645,278.2675631703324,278.0008251531981,278.7492955108173,0.748470357619226,0.75,0.0899200923879284,11,unreviewed
2025-02-15,2025-02-10,2025-02-20,1.748051437106866,3.233531828282509,688.1726239952709,686.5590063352138,690.3020694334991,3.7430630982853472,1.25,0.0911970972961987,2,unreviewed
2025-08-30,2025-08-25,2025-09-05,1.7453480872448102,16.11588723531629,183.0296021495923,181.4480933980085,185.1904462366365,3.742352838627994,1.25,0.0834058408713993,8,unreviewed
2025-10-11,2025-10-06,2025-10-17,1.7452879601333011,4.709424344785588,167.0535479583825,166.72817038930953,167.72613149508834,0.9979611057788134,0.75,0.0410807683911395,10,unreviewed
2021-01-06,2020-12-17,2021-01-26,1.7411807295390416,35.095619044821525,1007.3026644808082,1006.8301538513042,1007.8279436775484,0.9977898262441158,1.0,0.036919020347407,1,unreviewed
2020-04-12,2020-04-08,2020-04-16,1.7333554728897511,16.464722321077407,1277.2260250915222,1275.9916051202454,1278.7354276627302,2.7438225424848497,2.25,0.0876163055515737,4,unreviewed
2020-04-12,2020-04-08,2020-04-16,1.7310281045921931,12.083252480375492,1248.0184182937533,1246.558479170315,1249.551734959241,2.993255788926035,2.75,0.0920921837015939,4,unreviewed
2023-01-05,2023-01-04,2023-01-06,1.731012760951704,3.58291744151313,279.3508624409267,277.2523545003496,281.2441983479075,3.9918438475579023,1.75,0.098081340959551,1,unreviewed
2019-04-19,2019-04-15,2019-04-23,1.7265699661874048,2.1438559142939098,48.90764584205956,48.06576486630365,49.48189975973219,1.4161348934285345,1.0,0.046445877581598,4,unreviewed
2020-04-12,2020-04-08,2020-04-16,1.7261221938497255,18.661932989985942,736.8976771012523,735.7445267434232,738.2411615401506,2.4966347967274487,2.5,0.0941845230856997,4,unreviewed
2022-07-31,2022-07-29,2022-08-02,1.723349610487903,41.66959451318568,1030.831167696012,1029.7780074821785,1032.272396785207,2.4943893030285835,4.0,0.093462703435342,7,unreviewed
2023-01-21,2023-01-20,2023-01-23,1.7166851064788426,4.827564984597119,1120.4170534843618,1118.0846062884666,1123.0744196055457,4.989813317079097,1.5,0.0953211628134526,1,unreviewed
2023-02-02,2023-02-02,2023-02-03,1.7145866453381704,27.846390470454946,551.6261950152671,550.1948222545907,553.4381975554861,3.2433753008954227,1.5,0.0907124887039006,2,unreviewed
2023-02-04,2023-02-03,2023-02-06,1.7134010684340597,16.578166037851513,710.3395887055232,709.5278354813345,711.7747875340283,2.246952052693814,1.5,0.0753757524748126,2,unreviewed
2020-02-07,2020-02-05,2020-02-10,1.707377941071936,14.752831440044304,108.3482950187815,108.0979704358615,108.84644070453942,0.7484702686779201,0.75,0.0428934072149044,2,unreviewed
2024-11-15,2024-11-12,2024-11-19,1.7052642610358195,3.6216557506673746,979.902183177547,978.1453375597484,982.385758586228,4.240421026479453,1.5,0.0875732546777949,11,unreviewed
2020-03-26,2020-03-19,2020-04-02,1.7052104959215864,23.500179778946883,522.8561218009866,522.5013818112202,523.4993434520438,0.9979616408236324,0.75,0.0545066852674795,3,unreviewed
2018-03-13,2018-03-01,2018-03-26,1.7051799333856534,27.80856152683528,582.2198701812739,581.6306194625795,582.8780716196634,1.2474521570838988,1.0,0.048454364421828,3,unreviewed
2020-08-09,2020-08-05,2020-08-14,1.6992526725903234,29.75068309596268,539.7146862038006,539.4667330007069,540.2152041234076,0.748471122700721,0.75,0.0524059215932198,8,unreviewed
2024-10-03,2024-10-03,2024-10-03,1.689716974261665,3.1039915798494437,608.6045900942336,608.3145364788361,609.3115852372721,0.9970487584359944,1.25,0.0645470970441621,10,unreviewed
2023-04-28,2023-04-25,2023-05-02,1.6885826051983726,12.74781919243632,377.2983274605011,377.0484821200371,377.7969528166577,0.7484706966206431,0.75,0.0748525244976428,4,unreviewed
2021-11-20,2021-11-18,2021-11-22,1.686333826278928,40.23525727418866,1106.6686593717511,1105.859561173711,1107.60599544039,1.746434266678989,2.0,0.0714229610296648,11,unreviewed
2019-02-02,2019-01-30,2019-02-06,1.6861257515444945,6.485981369170813,1060.4243753831302,1058.712258017622,1062.4538130508736,3.741555033251643,1.5,0.0874911680376364,2,unreviewed
2025-09-19,2025-09-15,2025-09-23,1.6856320106578706,21.849087449159555,1087.3015953454735,1086.3993425723163,1088.6447005332448,2.2453579609282315,2.25,0.0859923656224884,9,unreviewed
2025-11-13,2025-11-10,2025-11-17,1.6842984237583134,27.76672702039964,1114.7797730299194,1113.843263455201,1115.8391894134693,1.9959259582683444,1.75,0.0728093106961029,11,unreviewed
2024-01-03,2023-12-28,2024-01-10,1.6841242173034954,3.105228831756976,79.17151537082582,78.63185815140605,79.81466394243762,1.1828057910315692,1.0,0.0573186582990257,1,unreviewed
2022-07-31,2022-07-29,2022-08-02,1.6761424056232008,27.034376368701928,878.4575413342017,876.3900006376207,880.874560426455,4.484559788834304,1.25,0.094323639121693,7,unreviewed
2023-02-04,2023-02-03,2023-02-06,1.671946980282392,17.24182139546829,296.66417125559525,295.2156541310251,298.20953694265336,2.993882811628282,1.75,0.0949334818879214,2,unreviewed
2023-02-04,2023-02-03,2023-02-06,1.666173031146906,3.63709041212276,442.5452098079246,441.6664888896048,443.6624117884785,1.9959228988736868,1.5,0.0715877440114758,2,unreviewed
2023-03-04,2023-03-02,2023-03-06,1.661787868593223,2.662045168575189,607.259762561186,606.0718612186611,608.8132127085701,2.7413514899089932,1.25,0.0870152514093188,3,unreviewed
2022-09-27,2022-09-26,2022-09-28,1.6612597604468051,24.19768071508508,878.2004530270335,877.1373658790253,879.6289516920224,2.491585812997073,3.0,0.0971582454623553,9,unreviewed
2023-12-17,2023-12-13,2023-12-21,1.6551995838064282,3.3775881475597376,609.0140082528194,608.3145364788361,609.5607716259547,1.2462351471185684,1.0,0.0561705085967288,12,unreviewed
2019-01-21,2019-01-19,2019-01-23,1.6550763357023393,4.296853811279025,765.8939963289522,764.4580454584211,767.4540457450785,2.996000286657363,1.5,0.0897557257876254,1,unreviewed
2021-03-30,2021-03-08,2021-04-21,1.6544978305578937,21.59504042985035,799.1071905670301,798.4149018255994,799.9100006502122,1.4950988246127963,3.25,0.0883489734272929,3,unreviewed
2025-03-14,2025-03-10,2025-03-18,1.6539619258461868,7.681879624143729,1027.4890871311686,1026.285943038296,1029.029764587991,2.743821549694985,2.5,0.0866276448376282,3,unreviewed
2022-11-04,2022-11-01,2022-11-07,1.648600882808407,23.609272648853977,997.8594702975408,996.8528260109016,999.0977820679544,2.2449560570530593,2.5,0.0839375451864116,11,unreviewed
2018-08-22,2018-08-08,2018-09-06,1.645094237231492,14.262972542420744,346.1453005339925,345.11372003983706,347.608622985892,2.4949029460549355,1.75,0.081088618296026,8,unreviewed
2023-02-04,2023-02-03,2023-02-06,1.644252582415411,24.761201668246603,790.8492475352701,789.9256874844432,792.1726400358602,2.2469525514170527,2.5,0.0959530663642236,2,unreviewed
2024-03-15,2024-03-09,2024-03-22,1.643486834958984,2.744586317715763,436.31728233171214,434.1817772006616,438.9220943027176,4.740317102055997,1.0,0.0851621678138924,3,unreviewed
2025-10-11,2025-10-06,2025-10-17,1.6426865331251963,5.307792116492032,157.8857097908938,156.99805216258392,159.2434639642015,2.245411801617593,1.0,0.0703606677072511,10,unreviewed
2021-01-06,2020-12-17,2021-01-26,1.6421045974920223,3.689340508425984,926.4136392488358,924.7666419106536,928.5081964442506,3.741554533597082,1.25,0.0881354515028878,1,unreviewed
2019-06-13,2019-06-10,2019-06-17,1.6391523812659414,34.12385159992145,215.86699296859737,215.6282567162998,216.37672707345337,0.7484703571535647,1.0,0.1149221141141738,6,unreviewed
2023-11-21,2023-11-16,2023-11-27,1.639008737347056,4.9853419835962285,925.038750391434,924.0183421722612,926.2632982288488,2.244956056587398,2.25,0.0887448555814559,11,unreviewed
2019-11-20,2019-11-18,2019-11-22,1.6353420438778878,17.78628758970134,515.0612501842609,513.5197256789543,516.7631014776416,3.243375798687339,1.0,0.0795046361209454,11,unreviewed
2022-06-23,2022-06-15,2022-07-01,1.6343927340882958,14.166109748497638,1024.7698750228828,1024.2904770709574,1025.537700143177,1.24722307221964,1.0,0.045094184240321,6,unreviewed
2020-01-04,2019-12-30,2020-01-10,1.634192580664196,2.0580480441591216,569.4119338041562,568.1581352637149,571.1520202965476,2.9938850328326225,1.0,0.0806445028053857,1,unreviewed
2023-02-02,2023-02-02,2023-02-03,1.632335688302439,35.363416696120666,1226.1154682182132,1225.8555178074166,1226.6038743876852,0.7483565802685916,1.0,0.0780202583508977,2,unreviewed
2019-01-13,2019-01-07,2019-01-19,1.632083890429865,3.754087999130803,862.9015002401378,860.9444543244317,865.4290131120943,4.484558787662536,1.25,0.0915729782672072,1,unreviewed
2023-01-05,2023-01-04,2023-01-06,1.6279743520522794,4.639495460794996,488.8153773280107,487.0737404618412,491.0655866446905,3.991846182849258,1.25,0.0861975896582688,1,unreviewed
2021-11-20,2021-11-18,2021-11-22,1.6249195953995164,23.236578784232215,293.210032793276,292.9702416774817,293.71871253382415,0.7484708563424647,0.75,0.0330712016545924,11,unreviewed
2018-05-05,2018-03-26,2018-06-15,1.623170669873882,41.12393189160234,1187.2906211357451,1186.6944952886552,1188.1911516049877,1.496656316332519,1.0,0.0790732277016847,5,unreviewed
2019-11-24,2019-11-22,2019-11-26,1.6218617201206378,2.266388883376667,520.5364871950841,519.0085155651905,522.0024005975574,2.9938850323669612,1.0,0.0809818610515155,11,unreviewed
2024-05-12,2024-05-10,2024-05-14,1.6217847524281042,3.4504390885326632,36.30615441972936,36.16598820127547,36.64880739059299,0.4828191893175244,0.75,0.027470585967873,5,unreviewed
2018-02-15,2018-02-01,2018-03-01,1.6209231384048834,35.15205271893985,1045.4959227805812,1045.242865734268,1045.9912223145366,0.7483565802685916,1.25,0.0655999920411084,2,unreviewed
2025-07-12,2025-07-11,2025-07-14,1.620786168345886,25.74392470747237,245.80416644488108,245.56708976393568,246.31556012155488,0.748470357619226,0.75,0.0486129165517864,7,unreviewed
2019-12-04,2019-12-02,2019-12-06,1.6204892127671573,16.02509836198774,702.5370055357863,701.5379866305739,704.034621427767,2.49663479719311,2.25,0.0878452558979289,12,unreviewed
2023-01-14,2023-01-09,2023-01-20,1.619290537633361,5.448542734325207,804.4877207322759,802.1517280302942,806.636286818888,4.4845587885938585,1.25,0.0879624821632132,1,unreviewed
2024-11-15,2024-11-12,2024-11-19,1.6171847789075784,10.60530861807231,37.49889769884067,37.332632769364864,37.81545196054503,0.4828191911801696,0.5,0.0234613841226145,11,unreviewed
2024-12-09,2024-12-03,2024-12-16,1.6169621090029238,1.3596639365351464,29.28692778954019,29.166119615081698,29.6489385724999,0.4828189574182033,1.0,0.0250968990858544,12,unreviewed
2022-07-31,2022-07-29,2022-08-02,1.6161337395340951,42.912495814034735,1027.4678807914106,1026.285943038296,1028.7803315920755,2.494388553779572,2.25,0.0894712033807137,7,unreviewed
2018-11-30,2018-11-27,2018-12-04,1.6159955220246511,3.63916657689656,1157.0025171803327,1154.2607599846087,1159.9990456406958,5.7382856560871005,1.25,0.0912793475148069,11,unreviewed
2023-02-02,2023-02-02,2023-02-03,1.614920282112511,5.486233994478659,469.3469942676197,468.1124705201946,471.1063550617546,2.9938845415599644,2.0,0.0877763075814262,2,unreviewed
2024-02-19,2024-02-16,2024-02-23,1.6129242990259978,5.47659530433129,1118.6714167351352,1116.837152806111,1120.8290033391677,3.991850533057004,1.75,0.0905200312225724,2,unreviewed
2023-02-04,2023-02-03,2023-02-06,1.6085427540786092,12.02227637369551,305.66763480301984,304.44679522234946,307.1911885952577,2.7443933729082346,2.5,0.0892004438697198,2,unreviewed
2019-09-27,2019-09-24,2019-09-30,1.6030430569237295,28.161024951840595,566.6446045312366,566.4117018929683,567.1601730166003,0.7484711236320436,1.0,0.0460254995546086,9,unreviewed
2024-08-17,2024-08-14,2024-08-21,1.5994934366789413,26.500000000000004,538.0964099194392,537.9697898970917,538.4687705030665,0.4989806059747934,0.25,0.0253102165371975,8,unreviewed
2023-02-04,2023-02-03,2023-02-06,1.5966763817087102,26.849351713843895,242.670752050673,241.82473501190543,243.82065778318793,1.995922771282494,2.0,0.0822365300660326,2,unreviewed
2023-02-04,2023-02-03,2023-02-06,1.595539455372003,14.776827271321034,642.8085454038132,641.9546753321774,644.4468411784619,2.492165846284479,2.5,0.1045983286974186,2,unreviewed
2025-03-21,2025-03-18,2025-03-24,1.5950808925879638,38.71801447047338,1191.874628249913,1190.4359939694405,1192.9303835164756,2.494389547035098,2.75,0.0837393252824274,3,unreviewed
2019-11-15,2019-11-12,2019-11-18,1.5940434504243446,2.7498440435982223,629.173649396772,628.498619790189,629.9940405800007,1.4954207898117602,1.0,0.0636750082817027,11,unreviewed
2021-10-16,2021-10-12,2021-10-21,1.5931677402110809,2.4209339941906096,631.5949546239847,630.2429232676513,633.4826475358568,3.239724268205464,1.25,0.08753101426088,10,unreviewed
2020-01-04,2019-12-30,2020-01-10,1.5868802157268758,2.3978981624697706,631.9030235241223,630.7412960459478,633.2334613967687,2.492165350820869,1.5,0.0863099011346813,1,unreviewed
2019-01-13,2019-01-07,2019-01-19,1.5864294495081253,4.0122405670289885,801.9666133684683,800.6569975488819,803.6468268553726,2.9898293064907193,1.5,0.0848547964717264,1,unreviewed
2021-02-01,2021-01-26,2021-02-08,1.585445647713695,4.413768359512201,1060.8571080621134,1058.4628247716464,1063.4515455341898,4.98872076254338,1.75,0.089729672201836,2,unreviewed
2024-02-19,2024-02-16,2024-02-23,1.5839921808262534,3.3206196090963997,422.4180281345698,420.45980519102886,424.7011418463662,4.2413366553373635,1.0,0.0835955844375411,2,unreviewed
2023-02-02,2023-02-02,2023-02-03,1.5835054880346509,16.296363775298992,217.6456983011292,215.8777468507178,218.6221392787993,2.744392428081482,1.25,0.0608732849271002,2,unreviewed
2020-01-12,2020-01-10,2020-01-14,1.5831961203239824,27.868801685858713,582.0137571850751,581.6306194625795,582.6285811024718,0.99796163989231,1.0,0.0518182920369075,1,unreviewed
2024-12-28,2024-12-27,2024-12-30,1.5787638665159536,5.4763344333319965,1040.4909739681534,1038.7576023386791,1042.4991573705338,3.7415550318546593,1.75,0.0890088117160236,12,unreviewed
2022-07-31,2022-07-29,2022-08-02,1.5744191837292518,42.58816148969948,1033.856433338234,1033.0206394307315,1035.016161491163,1.99552206043154,3.25,0.0840526746733876,7,unreviewed
2018-05-05,2018-03-26,2018-06-15,1.5739798316820846,13.471231058363516,1048.2037056688987,1047.2383312014863,1049.2338535129093,1.995522311422974,2.5,0.0917782915275965,5,unreviewed
2024-12-28,2024-12-27,2024-12-30,1.5720676148930364,2.9885598756412057,647.4462847666261,647.187585267704,647.9354476369917,0.7478623692877591,0.75,0.0533132354877219,12,unreviewed
2018-11-24,2018-11-21,2018-11-27,1.5684094664594252,27.83901333182745,582.0113703492682,581.6306194625795,582.6285811024718,0.99796163989231,1.0,0.0489212991061862,11,unreviewed
2023-02-04,2023-02-03,2023-02-06,1.567975540821699,21.38942798293782,798.3633898138987,796.91680535255,800.1591223962605,3.2423170437105,1.75,0.0968037337851707,2,unreviewed
2022-12-27,2022-12-20,2023-01-04,1.567385060152969,6.204222374288364,421.717996037315,420.45980519102886,423.20419925963506,2.744394068606198,2.75,0.091554858236223,12,unreviewed
2018-10-22,2018-10-08,2018-11-05,1.5625776356232328,36.48809831736278,1056.2157050664132,1055.968493311666,1056.7168498924002,0.7483565807342529,0.75,0.0567567477362195,10,unreviewed
2025-03-28,2025-03-24,2025-04-01,1.5591250670231624,3.640617222812383,412.2750143838828,410.9791704691015,413.97305501112714,2.9938845420256257,1.5,0.0827387605185821,3,unreviewed
2018-12-22,2018-12-18,2018-12-26,1.5578934591975857,3.704919018274237,1147.1591319928875,1145.2790941717103,1149.0214540092277,3.7423598375171423,1.25,0.0889108877077911,12,unreviewed
2025-04-25,2025-04-21,2025-04-29,1.5571324520528542,2.7976466810246117,631.9893575462953,630.4921096567996,633.7318336754106,3.239724018611014,1.5,0.0942074017624902,4,unreviewed
2025-02-03,2025-01-28,2025-02-10,1.5566372765982175,2.9054843110778092,608.5403449252467,608.3145364788361,609.0623988485895,0.7478623697534204,1.0,0.0523903816405086,2,unreviewed
2023-03-11,2023-03-06,2023-03-17,1.5560462969493092,6.859078499456363,1059.6944861746251,1058.4628247716464,1060.9572140756063,2.494389303959906,2.25,0.085903193061309,3,unreviewed
2019-01-13,2019-01-07,2019-01-19,1.5555402063032675,3.970413994885464,407.3632207582518,406.48834370449185,408.7337565799244,2.245412875432521,1.5,0.0766424147638384,1,unreviewed
2022-09-27,2022-09-26,2022-09-28,1.5519669468725237,24.46971048244807,871.0123318150664,870.1619579624385,872.1553002819419,1.9933423195034263,2.75,0.094409584726185,9,unreviewed
2024-02-03,2024-01-30,2024-02-08,1.5511977689273693,6.493100019742746,987.5793883850628,986.87549817143,988.621587736532,1.746089565102011,2.75,0.0838299403081169,2,unreviewed
2023-12-24,2023-12-21,2023-12-28,1.5507136334091818,18.22930709109051,634.9125635914457,633.4823435861617,636.7220683498308,3.2397247636690736,2.25,0.0946968805313558,12,unreviewed
2018-11-24,2018-11-21,2018-11-27,1.5505927554609402,27.91268208328256,582.8671640222403,582.6285815304145,583.3770524053834,0.7484708749689162,1.0,0.0424978299114883,11,unreviewed
2019-11-29,2019-11-26,2019-12-02,1.550022358744395,16.217976809425924,1037.4900217361749,1036.762137370184,1038.5082264356315,1.7460890654474497,2.5,0.082925321740341,11,unreviewed
2019-01-13,2019-01-07,2019-01-19,1.5468933787900805,4.216340840177479,1108.8777772291896,1107.1070146551356,1111.0988651886582,3.9918505335226655,1.5,0.0875547033945344,1,unreviewed
2022-07-15,2022-07-12,2022-07-18,1.5464443590019552,19.757912601114477,901.8149193463312,901.5693580298685,902.3177146110684,0.7483565811999142,0.75,0.0467715622747341,7,unreviewed
2023-02-25,2023-02-21,2023-03-02,1.5460262759848964,8.06973960560015,1008.1315356601036,1007.5784535882996,1009.0751099078916,1.496656319592148,2.75,0.0812442185785076,2,unreviewed
2017-11-11,2017-10-02,2017-12-21,1.545642061247453,3.13125123154737,715.8512497691322,714.5214903890155,717.7671744222753,3.2456840332597494,1.25,0.0823540537466798,11,unreviewed
2023-02-19,2023-02-17,2023-02-21,1.5424545134946872,4.732793865533088,1019.2275316316228,1017.8052146751434,1021.047902715858,3.242688040714711,1.75,0.0858685144299956,2,unreviewed
2024-04-28,2024-04-26,2024-05-01,1.5378169917157292,25.74273423709896,245.80315711008348,245.56708976393568,246.31556012155488,0.748470357619226,0.75,0.0393738421404229,4,unreviewed
2024-03-08,2024-03-08,2024-03-09,1.5364901410485816,2.7412741133860568,603.5344726195507,600.838950288482,606.3213513079099,5.482401019427925,0.75,0.0859437382106554,3,unreviewed
2024-08-10,2024-08-07,2024-08-14,1.5319708151994051,29.501929330423103,539.9827226664872,539.7162235174328,540.4646943928674,0.7484708754345775,0.75,0.0373222635318017,8,unreviewed
2023-02-04,2023-02-03,2023-02-06,1.5299109626500442,19.52383224606536,674.4640226607654,673.1029512919486,676.0934896678664,2.990538375917822,1.25,0.0668200716489211,2,unreviewed
2023-03-19,2023-03-17,2023-03-22,1.5275940105637122,2.1873847302190015,590.6345564433495,589.3648235057481,592.6081988052465,3.243375299498439,1.25,0.0778954108169392,3,unreviewed
2023-02-19,2023-02-17,2023-02-21,1.5262762039123,4.576101936508416,1070.0048872524376,1068.689585857093,1071.9322738982737,3.242688041180372,3.0,0.088248238843881,2,unreviewed
2025-02-15,2025-02-10,2025-02-20,1.5238308891750494,2.3831577547083893,77.69631830125,75.83191081089899,79.81466394243762,3.9827531315386295,1.0,0.0881335034322609,2,unreviewed
2020-04-05,2020-04-02,2020-04-08,1.5234526621997482,16.112986217311803,729.7705054084147,728.5037261280231,731.2500436711125,2.74631754308939,2.0,0.0876173836822642,4,unreviewed
2023-03-29,2023-03-22,2023-04-06,1.5230640190132207,6.249158743477882,105.85175783364302,105.60306829307228,106.35153881181031,0.7484705187380314,0.75,0.0354989028842045,3,unreviewed
2023-01-21,2023-01-20,2023-01-23,1.5228293112117597,4.183810585078469,474.6329593183089,473.35176919959486,475.8466727952473,2.4949035956524312,2.0,0.0816413275710426,1,unreviewed
2018-09-22,2018-09-06,2018-10-08,1.5215211723013058,6.253218914381487,1151.5196681617842,1150.7678894898854,1152.5143237574955,1.7464342676103115,1.5,0.0725485666474545,9,unreviewed
2022-11-10,2022-11-07,2022-11-14,1.520576852313499,20.09423138088697,1038.8480030138765,1038.009303349536,1040.00482541183,1.9955220622941852,2.5,0.0856895447353746,11,unreviewed
2023-02-04,2023-02-03,2023-02-06,1.5188566805206505,20.451565404417615,637.0904453925496,636.2233921219595,638.2171861846,1.993794062640518,1.5,0.0753727411442633,2,unreviewed
2019-01-21,2019-01-19,2019-01-23,1.518832292864426,4.039747274689187,746.6357321486353,745.2324720663019,748.4781550988555,3.245683032553643,1.75,0.0862515705466339,1,unreviewed
2023-12-24,2023-12-21,2023-12-28,1.5186336363808617,7.098588069500656,578.7306448414269,577.3892816645093,580.3831664463505,2.9938847818411887,3.0,0.0920665093203922,12,unreviewed
2018-12-22,2018-12-18,2018-12-26,1.518383834429001,17.758968394573174,853.2308294074842,852.225194179453,854.467658244539,2.2424640650860965,1.75,0.0815543410127804,12,unreviewed
2023-01-14,2023-01-09,2023-01-20,1.516439745281052,5.327892710063188,1095.659237230308,1093.1355346683413,1097.8758572912775,4.740322622936219,1.5,0.0878424081458292,1,unreviewed
2023-01-21,2023-01-20,2023-01-23,1.5098898819680011,4.784562143735527,957.2193243652256,955.9457866633312,959.1884747049772,3.2426880416460335,1.5,0.0847961238560117,1,unreviewed
2020-04-05,2020-04-02,2020-04-08,1.5063668947902409,16.093937271258113,1165.5165594109988,1164.739369476214,1166.4858037438244,1.7464342676103115,3.0,0.0882616150998271,4,unreviewed
2024-11-15,2024-11-12,2024-11-19,1.5054909350868877,3.664500491070049,988.688240974448,985.877765187528,991.1159191965126,5.238154008984566,1.0,0.0845295355954824,11,unreviewed
2021-11-16,2021-11-15,2021-11-18,1.5030106917371424,23.31463219500624,582.6777939844244,582.3790910132229,583.1275621363893,0.7484711231663823,0.5,0.0310346090625689,11,unreviewed
2023-01-05,2023-01-04,2023-01-06,1.502795257045076,3.7207108763404393,1365.1767491980445,1363.2847689376213,1367.204087259248,3.9193183216266334,1.25,0.0787800876846332,1,unreviewed
2020-02-07,2020-02-05,2020-02-10,1.500539866638266,26.677810254318917,1123.4063166738,1122.8249295162968,1124.5713637839071,1.7464342676103115,1.75,0.0776415965462462,2,unreviewed
2017-11-11,2017-10-02,2017-12-21,1.499661848641677,15.62576892507496,1125.9187986977754,1125.3198364786804,1126.8167800498195,1.496943571139127,2.75,0.0820048360629547,11,unreviewed
2023-12-24,2023-12-21,2023-12-28,1.4996293525575524,11.891450664720606,680.2931750402496,678.33586172387,681.8247726289555,3.488910905085504,3.25,0.0914397733615514,12,unreviewed
2023-01-05,2023-01-04,2023-01-06,1.497106758265157,5.003981849515461,579.4877573185553,578.6367342504673,580.3831664463505,1.7464321958832445,2.25,0.0781309117366621,1,unreviewed
2023-05-18,2023-05-15,2023-05-22,1.4963413850438636,3.0135292796775257,365.80281048112266,363.8254946675152,367.81733968202025,3.991845014505088,1.0,0.0797810762653705,5,unreviewed
2024-02-03,2024-01-30,2024-02-08,1.4961431651679555,2.776504972482009,464.3904248697792,461.3762297509238,466.8650182709098,5.488788519985974,1.0,0.0758523903353852,2,unreviewed
2021-01-06,2020-12-17,2021-01-26,1.4936920497861303,12.3322599902004,1146.578990823148,1146.027566261124,1147.275019135326,1.2474528742022812,2.75,0.0769725309458817,1,unreviewed
2025-03-28,2025-03-24,2025-04-01,1.4902931215552484,3.4015272570394264,667.6555356031166,666.6241101585329,669.1162757575512,2.4921655990183353,1.75,0.0823947624744758,3,unreviewed
2023-11-21,2023-11-16,2023-11-27,1.4877100882887322,2.8389619747366375,628.0343409956076,626.754315815866,629.2464821599424,2.492166344076395,1.0,0.0674142108839887,11,unreviewed
2022-11-17,2022-11-14,2022-11-21,1.4789071423521978,2.263410206775996,500.99181268593554,499.5482601975091,502.5421457281336,2.9938855306245387,0.75,0.0905558920799533,11,unreviewed
2018-12-14,2018-12-10,2018-12-18,1.4785186862832371,4.937004306075333,717.5996963947299,716.0195878604427,720.5136846206151,4.494096760172397,1.75,0.0863645140306926,12,unreviewed
2023-02-02,2023-02-02,2023-02-03,1.475576761523337,8.853344202199718,599.317606502247,597.5980085828342,601.337626518216,3.7396179353818297,1.5,0.0825890936725902,2,unreviewed
2024-12-22,2024-12-17,2024-12-27,1.4753454218380813,3.546398762531404,1209.9018086909466,1207.148023406975,1213.1344781387595,5.986454731784761,1.0,0.08677502902071,12,unreviewed
2023-02-01,2023-01-31,2023-02-02,1.4740883660234008,3.0880023744142773,629.3062147955909,628.0002475110814,630.4924133569002,2.4921658458188176,1.0,0.0771838073842969,2,unreviewed
2023-02-19,2023-02-17,2023-02-21,1.4716442987365963,3.0938052103222824,368.8416694895165,367.3183591645211,370.8112238217145,3.4928646571934223,1.0,0.0809245937233904,2,unreviewed
2023-09-23,2023-09-18,2023-09-29,1.4714062228189304,13.55827020371151,424.0852178941888,422.9547091703862,425.69910373725,2.7443945668637753,2.25,0.0854606613074761,9,unreviewed
2019-01-13,2019-01-07,2019-01-19,1.4707465710229566,0.242978595456157,37.81151519973104,37.56596187129617,38.28211016301066,0.7161482917144895,0.75,0.1002944161102232,1,unreviewed
2023-04-11,2023-04-06,2023-04-17,1.46611852986739,25.14847203928896,778.7144683673279,778.1905974522233,779.4388185222633,1.2482210700400174,1.0,0.0485933763624443,4,unreviewed
2023-12-24,2023-12-21,2023-12-28,1.465802051689178,2.8141706742665327,446.7255528458696,443.66241217264906,449.4006906668656,5.738278494216502,1.0,0.0873024208129603,12,unreviewed
2025-11-07,2025-11-05,2025-11-10,1.465423887086399,2.826944896898676,346.05666976464886,343.86626790091395,348.60658370051533,4.740315799601376,1.0,0.0806151776506045,11,unreviewed
2023-01-14,2023-01-09,2023-01-20,1.4631034421388176,6.434233400831289,101.7290989120414,101.3617345285602,102.35969538567588,0.997960857115686,1.25,0.1239631098938504,1,unreviewed
2023-01-05,2023-01-04,2023-01-06,1.461748087228973,5.374011297687254,456.61248311971224,455.38846040098,458.38234469201416,2.993884291034192,2.25,0.0881365370689624,1,unreviewed
2019-02-10,2019-02-06,2019-02-15,1.4608395066964508,6.766583766000408,657.7960467392337,656.9058477128856,659.6472001974471,2.741352484561503,2.0,0.0833049947572263,2,unreviewed
2023-03-11,2023-03-06,2023-03-17,1.460597314192313,17.871444117003993,916.365393641258,914.7893153182232,918.281436356716,3.492121038492769,1.75,0.0856389469467624,3,unreviewed
2018-02-15,2018-02-01,2018-03-01,1.4604463103157947,40.95789623094253,1187.0166030535393,1186.6944952886552,1187.692285113968,0.9977898253127933,1.25,0.0997335873957996,2,unreviewed
2022-09-27,2022-09-26,2022-09-28,1.4598984300798044,14.27814872310078,372.97069086616347,371.55969519447535,375.05255960254,3.4928644080646336,2.5,0.0908379013270486,9,unreviewed
2022-07-31,2022-07-29,2022-08-02,1.4598235206805072,39.53731654386766,1044.5302125943506,1043.4968330119736,1045.7417890694924,2.2449560575187206,2.75,0.0880678118139818,7,unreviewed
2023-02-04,2023-02-03,2023-02-06,1.4579151086153206,21.03188964836919,482.88691886237456,482.08393300138414,484.07985540432855,1.995922402944416,1.5,0.0698873088510544,2,unreviewed
2022-09-27,2022-09-26,2022-09-28,1.456500375064235,29.18057473277567,1209.812907909058,1207.896323143039,1212.136745157186,4.240422014147043,2.25,0.0948966469952271,9,unreviewed
2022-12-27,2022-12-20,2023-01-04,1.4524988658952944,3.30470517849076,281.00435972266575,279.49776695482433,282.74113965174183,3.243372696917504,1.25,0.0844197149727341,12,unreviewed
2025-11-07,2025-11-05,2025-11-10,1.4516459840251974,2.7099251407354688,624.08923370237,623.0165229695849,625.757875204552,2.741352234967053,0.75,0.0769239258402009,11,unreviewed
2017-11-11,2017-10-02,2017-12-21,1.4512746180273504,3.5855045730048487,246.53223326188527,245.31759938085452,248.3114821929485,2.9938828120939434,1.75,0.0852361275792599,11,unreviewed
2019-01-13,2019-01-07,2019-01-19,1.4511089566080888,4.987780287774065,1046.099927973716,1044.4945659963414,1047.7372542871162,3.2426882907748222,1.25,0.081865980265404,1,unreviewed
2025-10-11,2025-10-06,2025-10-17,1.4499647326862717,4.731717470034973,147.14546614753388,146.5194631665945,148.01640470093116,1.4969415343366563,1.0,0.0547821179173628,10,unreviewed
2024-01-03,2023-12-28,2024-01-10,1.4479120529769764,4.213006776832939,949.8960007742454,948.2133587868884,951.9549128203652,3.7415540334768593,1.25,0.0833561725057962,1,unreviewed
2024-03-30,2024-03-25,2024-04-04,1.446694853204053,2.6709388281477633,66.02866885966823,64.39879164472222,68.1482163774781,3.7494247327558696,1.0,0.0810535158478205,3,unreviewed
2023-02-04,2023-02-03,2023-02-06,1.4449862203278327,21.945913766597293,604.0884904973323,603.3308126837946,605.0754196131602,1.7446069293655455,2.0,0.0747558421985503,2,unreviewed
2025-02-15,2025-02-10,2025-02-20,1.444856360736379,12.501391973649849,377.7554207978284,377.2979722986929,378.2959336712957,0.997961372602731,0.75,0.0547095039565125,2,unreviewed
2023-02-04,2023-02-03,2023-02-06,1.4444541827125097,21.4415404653548,790.7201650752644,789.6760047371499,791.9229570403695,2.2469523032195866,1.75,0.0906134419526731,2,unreviewed
2022-07-15,2022-07-12,2022-07-18,1.442264782434306,36.73733977269779,278.7614577517363,278.49980542156845,279.24827627744526,0.7484708558768034,0.75,0.1807835565654177,7,unreviewed
2018-11-24,2018-11-21,2018-11-27,1.4411629718276613,3.0760171771207445,403.8680295283109,402.2470066659153,405.2408912070095,2.993884541094303,1.25,0.0772915312287368,11,unreviewed
2023-08-18,2023-08-15,2023-08-22,1.4381425200621696,23.991335784240903,905.6834527484737,904.8119892282411,906.8075115387328,1.9955223104916513,2.25,0.0792416317155389,8,unreviewed
2022-07-31,2022-07-29,2022-08-02,1.4374491871041468,28.0755404265685,786.2920275756775,785.1817153217271,787.6783501193859,2.4966347976587713,2.25,0.0847557794620352,7,unreviewed
2023-02-04,2023-02-03,2023-02-06,1.43722052943735,15.670273295112125,707.2096355304767,706.5316425366327,708.2792290993966,1.7475865627638996,1.5,0.0667928284016801,2,unreviewed
2025-06-07,2025-06-02,2025-06-13,1.4371076351719652,2.793374040833885,624.1058054940713,623.2657093573362,625.5086890640669,2.2429797067306936,1.0,0.0679185232440785,6,unreviewed
2024-01-18,2024-01-10,2024-01-26,1.4363131963552744,2.9824630948958615,341.0519685720613,338.87646133219823,343.61677713366225,4.740315801464021,0.75,0.0802901249651144,1,unreviewed
2021-11-20,2021-11-18,2021-11-22,1.4353782322458144,35.77258789492369,284.257085826062,283.9885918619111,284.73706271871924,0.748470856808126,1.25,0.0437810508008432,11,unreviewed
2022-06-23,2022-06-15,2022-07-01,1.4276964323978416,28.999660220281235,1015.5188993182466,1015.310882215388,1016.0592387956568,0.7483565802685916,0.75,0.0269462668480906,6,unreviewed
2023-12-24,2023-12-21,2023-12-28,1.4276321263273375,13.26232078625008,654.5135759757978,653.666426897049,655.660220712889,1.9937938158400357,3.25,0.0887014106323213,12,unreviewed
2019-03-06,2019-03-04,2019-03-08,1.4249314584837411,28.722487141887896,582.0026520811848,581.6306194625795,582.6285811024718,0.99796163989231,1.25,0.0535770020199958,3,unreviewed
2023-01-14,2023-01-09,2023-01-20,1.424470525543854,29.24842992699483,539.7146191737596,539.4667330007069,540.2152041234076,0.748471122700721,0.75,0.0354010755359649,1,unreviewed
2019-01-13,2019-01-07,2019-01-19,1.4227352596006055,4.009002483484537,915.7010249788624,912.544416854158,919.0297360946424,6.485319240484387,1.5,0.0874605491260265,1,unreviewed
2024-04-28,2024-04-26,2024-05-01,1.422633654761759,12.52985664217012,377.3243221452846,376.7989919409156,377.7969528166577,0.9979608757421374,1.0,0.0470429835349105,4,unreviewed
2018-08-22,2018-08-08,2018-09-06,1.421142951478497,38.80092823009767,1147.2255485614926,1147.0255290460773,1147.7740005273372,0.7484714812599123,1.0,0.0497778553513186,8,unreviewed
2018-08-22,2018-08-08,2018-09-06,1.4211426396158855,21.3884344159066,1065.161614164864,1064.1997884297743,1066.4447439862415,2.2449555564671755,2.75,0.0858504464466999,8,unreviewed
2021-06-22,2021-06-01,2021-07-14,1.4191276952825893,4.893293799129325,497.8144835515616,497.5523373242467,498.3008083589375,0.7484710346907377,1.0,0.0587587695099987,6,unreviewed
2024-11-15,2024-11-12,2024-11-19,1.41872901011997,3.5767421656095317,427.52509927255426,425.9485945929773,429.4414598294534,3.4928652364760637,1.25,0.0793308786305591,11,unreviewed
2021-11-16,2021-11-15,2021-11-18,1.418101667290553,29.347540354503877,542.9092954571973,542.7101087290794,543.4585798527114,0.7484711236320436,0.5,0.0348621254391741,11,unreviewed
2023-02-19,2023-02-17,2023-02-21,1.4169580047214363,3.080572896931657,1038.5767911973323,1036.5127041237429,1040.753125149291,4.24042102554813,1.0,0.0827179786201,2,unreviewed
2024-03-15,2024-03-09,2024-03-22,1.4159345963753378,3.3012336960562885,365.1205370079743,362.82753345230594,367.5678492537699,4.740315801464021,1.0,0.0833542839182418,3,unreviewed
2020-03-26,2020-03-19,2020-04-02,1.4153341984755603,38.25195149048349,1228.862203766521,1228.5992845059372,1229.3476410857402,0.7483565798029304,0.75,0.0797055104570434,3,unreviewed
2019-01-13,2019-01-07,2019-01-19,1.4147128434082863,3.8584765569269415,769.2723819924348,767.4542384017259,771.448969672434,3.994731270708144,1.0,0.0847175392817512,1,unreviewed
2024-02-03,2024-01-30,2024-02-08,1.4146765426003003,6.256728458681387,809.4915771970328,808.1306489584967,811.1204782654531,2.9898293069563806,2.25,0.0842665460608441,2,unreviewed
2023-01-14,2023-01-09,2023-01-20,1.4118505683593785,3.4650383786234347,1382.023871259174,1380.6552902217954,1383.5959886643104,2.940698442514986,1.25,0.0848974086578449,1,unreviewed
2024-01-18,2024-01-10,2024-01-26,1.4078908487803874,7.715607315570466,844.1019963952737,843.2568122870289,845.250153854955,1.9933415679261088,2.25,0.0803665904549143,1,unreviewed
2024-12-22,2024-12-17,2024-12-27,1.407628697069109,31.243083375686645,224.0756617303804,223.61194499814883,224.6099062366411,0.9979612384922802,0.75,0.0476793185745886,12,unreviewed
2018-12-22,2018-12-18,2018-12-26,1.4050980567213356,4.143426925390846,1024.717600077612,1022.2950121024624,1026.784866373986,4.4898542715236545,1.25,0.0844793616237623,12,unreviewed
2023-01-05,2023-01-04,2023-01-06,1.4020280811731285,3.747640813269795,473.928650075518,472.1043170853518,476.3456537406891,4.2413366553373635,1.25,0.0864954288380541,1,unreviewed
2018-01-11,2017-12-21,2018-02-01,1.3998174742373386,38.50640846496581,1252.179398046097,1251.5471443273127,1253.293234638404,1.7460903110913932,1.75,0.0671032110743954,1,unreviewed
2023-02-02,2023-02-02,2023-02-03,1.398579941022142,16.28615700369273,325.08600038947924,323.90704113291577,326.40194457629696,2.4949034433811903,1.75,0.0771657765779215,2,unreviewed
2024-05-26,2024-05-24,2024-05-29,1.3983811597935332,11.577877418501044,270.8027220101964,270.01713637355715,271.7635677661747,1.7464313926175237,1.75,0.0671349304228479,5,unreviewed
2022-07-31,2022-07-29,2022-08-02,1.3962533211948516,23.72829099650706,923.1146200860696,921.7734439577908,924.5172655065544,2.7438215487636626,3.25,0.0876756993995435,7,unreviewed
2021-11-16,2021-11-15,2021-11-18,1.392071118828773,2.9371522528682275,47.65893361645436,47.36577779753134,48.08192585455254,0.7161480570212007,0.5,0.0272541084782992,11,unreviewed
2019-11-29,2019-11-26,2019-12-02,1.3912303372280044,24.039196724706994,847.2213930748137,846.2462722510099,848.488736316096,2.2424640650860965,1.75,0.0754496155801871,11,unreviewed
2023-03-29,2023-03-22,2023-04-06,1.3877866255261024,3.3509870890600832,393.49917625273264,391.0199411055073,396.2592377620749,5.239296656567603,1.0,0.0857615787362674,3,unreviewed
2024-02-03,2024-01-30,2024-02-08,1.386916404094802,10.761938806843816,640.7516208698829,640.2103713569231,641.4566065026447,1.2462351457215846,3.25,0.0809623134267893,2,unreviewed
2022-09-27,2022-09-26,2022-09-28,1.3853560930766398,11.624999999999998,38.03262007376179,38.03262007376179,38.28211016301066,0.2494900892488658,0.5,,9,unreviewed
2020-07-27,2020-07-23,2020-07-31,1.383687004379565,0.8381045507982241,40.17002814072824,39.89925124309957,41.08205750398338,1.182806260883808,1.25,0.0434534180370801,7,unreviewed
2025-01-19,2025-01-14,2025-01-24,1.3833558062860871,32.492464018778186,526.4765691145404,526.2437385739759,526.9922096966766,0.748471122700721,0.75,0.0518164666501177,1,unreviewed
2020-12-02,2020-11-18,2020-12-17,1.3827072567990843,3.344906148950234,731.4752444359995,728.7534088734537,733.4971883790568,4.743779505603015,1.0,0.0820922910504134,12,unreviewed
2018-05-05,2018-03-26,2018-06-15,1.3813548957703112,11.916671106726238,375.3842100234574,375.3020498710685,375.8010303871706,0.498980516102165,0.5,0.0283370926157402,5,unreviewed
2022-12-27,2022-12-20,2023-01-04,1.3810702275784783,3.091989000142081,945.0475071413616,942.9752628705464,946.9662499004044,3.9909870298579335,1.0,0.0806765790522738,12,unreviewed
2021-10-11,2021-10-11,2021-10-12,1.372107296122213,2.2520114815561327,534.8930348868502,533.2294718120247,536.9718283955008,3.7423565834760666,1.0,0.0803923838022612,10,unreviewed
2025-10-11,2025-10-06,2025-10-17,1.3681381582923524,4.883725743619202,149.02776734813662,148.51538488036022,150.01232641469687,1.4969415343366563,0.5,0.0412186650241449,10,unreviewed
2025-04-25,2025-04-21,2025-04-29,1.3673370456157743,2.587773911867774,927.1293763163178,926.5126741318963,928.2587631973438,1.7460890654474497,1.0,0.1074077365214598,4,unreviewed
2019-01-21,2019-01-19,2019-01-23,1.3660357676827743,4.382551415004163,751.1142148976633,749.9764442271553,752.2233962803148,2.2469520531594753,1.5,0.0775292701990655,1,unreviewed
2024-02-03,2024-01-30,2024-02-08,1.3652949068627502,2.6238043794326606,632.4035526382283,630.9904821859673,634.4793925923295,3.4889104063622653,1.5,0.0831077711947078,2,unreviewed
2023-02-25,2023-02-21,2023-03-02,1.3643741013158548,2.045010087497821,612.2385129277245,608.8129087593406,615.0428681983612,6.229959439020604,1.25,0.0847025644182295,2,unreviewed
2021-10-08,2021-10-05,2021-10-11,1.363412816001979,9.356483280030044,886.4151652463423,885.1092607844621,888.3494578334503,3.2401970489881933,1.75,0.0827630147414261,10,unreviewed
2019-12-26,2019-12-22,2019-12-30,1.3633520651652469,6.776721313852877,990.2550100907544,989.1203971351496,991.3653524415568,2.244955306407064,2.25,0.0812077331488647,12,unreviewed
2019-12-26,2019-12-22,2019-12-30,1.362497249746958,12.160706962037278,646.2341211619819,645.1940961466171,647.4370753569528,2.2429792103357613,2.0,0.0785656883849075,12,unreviewed
2022-06-23,2022-06-15,2022-07-01,1.3617474072837206,29.27876719644746,1029.00869999817,1028.530841502827,1029.778064325452,1.24722282262519,1.25,0.0505471164697498,6,unreviewed
2023-12-17,2023-12-13,2023-12-21,1.3612431878133484,3.188297275458369,993.3021006259008,991.3652955982834,995.1068501323462,3.741554534062743,1.0,0.0741964262071004,12,unreviewed
2023-08-04,2023-08-01,2023-08-07,1.361093805622411,38.46351985907806,1195.8566712694608,1195.4246598756872,1196.422449701931,0.9977898262441158,0.75,0.0972740515692819,8,unreviewed
2022-01-04,2022-01-04,2022-01-04,1.3594022628173037,28.166802745964763,538.302573921921,538.2192804138176,538.7182610211894,0.4989806073717773,0.5,0.0234575140052048,1,unreviewed
2023-02-04,2023-02-03,2023-02-06,1.3582253556937942,24.46778905338124,555.9109660982888,555.4341221214272,556.6815737816505,1.2474516602233052,1.75,0.06646961969144,2,unreviewed
2024-11-15,2024-11-12,2024-11-19,1.3569966170042436,3.6190956297252654,473.9070070831379,471.85482661332935,476.0961632691324,4.241336655803025,1.0,0.0811002026244107,11,unreviewed
2022-07-31,2022-07-29,2022-08-02,1.3569172791558624,30.138167351404267,867.7802202252557,866.176010010764,869.4149610642344,3.238951053470373,2.0,0.0870981782478775,7,unreviewed
2019-04-12,2019-04-09,2019-04-15,1.355627477766968,35.99593961085598,1047.869641940673,1047.4877641978674,1048.4855537754484,0.9977895775809884,0.75,0.0461250816534893,4,unreviewed
2023-01-05,2023-01-04,2023-01-06,1.3552196862160908,5.342199488655839,406.2989158061153,405.4903818136081,407.48630521120504,1.9959233975969255,1.75,0.0753395421543804,1,unreviewed
2023-03-29,2023-03-22,2023-04-06,1.3523071389141994,22.085728153266512,1024.6095837280457,1023.2927445876412,1026.0365666355938,2.7438220479525626,1.75,0.0839953032498855,3,unreviewed
2024-05-05,2024-05-01,2024-05-10,1.3522544341328455,3.345434754542732,157.99828475748708,156.24958164338022,159.9919349798001,3.74235333641991,1.0,0.0864285698644757,5,unreviewed
2023-04-21,2023-04-17,2023-04-25,1.3514755260742106,14.100689499992225,1222.764089331544,1221.615152636543,1224.109541933518,2.494389296974987,1.75,0.079599169594041,4,unreviewed
2019-01-13,2019-01-07,2019-01-19,1.3491736681382784,3.836397048795662,810.8230496056295,808.8780141999014,812.3660870003514,3.488072800450027,1.75,0.0849673235742771,1,unreviewed
2018-10-22,2018-10-08,2018-11-05,1.3484982984666816,0.2521606081756442,36.16670523744043,35.932659099344164,36.64880739059299,0.7161482912488282,0.75,0.0457190725062198,10,unreviewed
2021-10-08,2021-10-05,2021-10-11,1.3483785432238424,28.49795021775683,538.7208463549985,538.4687709319405,539.2172420555726,0.7484711236320436,0.75,0.0436172269835775,10,unreviewed
2021-10-11,2021-10-11,2021-10-12,1.3454395499724907,2.2056433095684356,591.866666638549,590.1132950568572,593.8556513916701,3.742356334812939,0.75,0.0768886375073936,10,unreviewed
2023-02-04,2023-02-03,2023-02-06,1.344301126695248,17.053756202564703,304.02763451053943,302.45087279425934,305.9437372032553,3.492864408995956,1.75,0.0922371811263884,2,unreviewed
2020-06-14,2020-06-10,2020-06-19,1.3438365137765442,14.077308160390592,1067.7514846499953,1066.6941198888237,1068.9390759463422,2.2449560575187206,2.25,0.0811655373442542,6,unreviewed
2023-02-04,2023-02-03,2023-02-06,1.342993923372629,17.8822446964539,421.059711310527,420.2103147194721,422.4557285886258,2.245413869153708,1.5,0.082167901471045,2,unreviewed
2018-12-07,2018-12-04,2018-12-10,1.3427533525540705,4.197015528129624,1157.6993613851348,1156.5061765001155,1159.250573551748,2.7443970516324043,1.75,0.0801508527860556,12,unreviewed
2021-11-20,2021-11-18,2021-11-22,1.3407225656001072,39.675289133900435,1177.5161873602524,1176.9644145895727,1178.7108488562517,1.746434266678989,1.25,0.0688565415571074,11,unreviewed
2023-01-14,2023-01-09,2023-01-20,1.3398736755714378,3.302533403401969,1025.9574090975657,1024.2904770709574,1028.032032603398,3.741555532440543,1.0,0.0816907728751236,1,unreviewed
2023-08-27,2023-08-22,2023-09-01,1.3397717588699796,34.743061271424416,1146.7851374910829,1146.5265476536006,1147.275019135326,0.7484714817255735,0.75,0.0697957867085081,8,unreviewed
2023-11-05,2023-11-01,2023-11-09,1.339187328335914,2.166916680755575,513.0309146148836,512.0227830740623,514.2681963057257,2.245413231663406,1.25,0.0700903914962219,11,unreviewed
2025-06-07,2025-06-02,2025-06-13,1.3384500851221834,2.503194817831425,611.5602770336076,611.3047711541876,612.3018199130893,0.9970487589016556,1.0,0.0455598772155392,6,unreviewed
2019-01-13,2019-01-07,2019-01-19,1.3382221135531325,4.07265385057269,1129.0359744632349,1127.066271353979,1131.5571042750962,4.490832921117544,1.0,0.0851015545629348,1,unreviewed
2022-10-28,2022-10-25,2022-11-01,1.3377397244655698,28.68436882229283,873.3003595661447,872.4040536861867,874.3973960047588,1.993342318572104,2.25,0.080917150903934,10,unreviewed
2018-01-11,2017-12-21,2018-02-01,1.3307724018606837,2.215870595142192,568.1288082314105,566.6611924101599,569.9045677110553,3.2433753008954227,1.25,0.0842560101216136,1,unreviewed
2022-06-23,2022-06-15,2022-07-01,1.330696556873552,14.900797458220566,1023.197539399514,1022.7938785939476,1023.7916676723398,0.9977890783920884,1.0,0.04244906494505,6,unreviewed
2024-02-03,2024-01-30,2024-02-08,1.328744920650403,6.53666877587912,908.1233166185832,906.558021449484,909.80070949113,3.2426880416460335,2.75,0.0826551793662251,2,unreviewed
2023-01-14,2023-01-09,2023-01-20,1.3267415152337343,4.4040587412587415,1111.89078803652,1109.601921618916,1113.8432628484445,4.241341229528189,1.25,0.0815503853884539,1,unreviewed
2024-04-12,2024-04-09,2024-04-16,1.326688498589769,2.9994676874905974,608.5718709815844,608.3145364788361,609.0623988485895,0.7478623697534204,0.75,0.0427587895862749,4,unreviewed
2021-02-22,2021-02-08,2021-03-08,1.3245977716418635,2.763414753014567,608.2831879183739,608.065350339748,608.8132127085701,0.7478623688220978,0.75,0.0453344512412343,2,unreviewed
2020-11-10,2020-11-09,2020-11-11,1.323992571057868,39.535864095352856,1155.6508847911398,1155.258723018691,1156.2566851968877,0.997962178196758,1.25,0.0828719505534698,11,unreviewed
2022-07-31,2022-07-29,2022-08-02,1.3211844977308498,38.8774897961284,1132.0835091298989,1130.8086327924393,1133.3035391476003,2.49490635516122,2.75,0.0843390856678537,7,unreviewed
2023-02-04,2023-02-03,2023-02-06,1.32110141753113,15.427801215382363,598.9600319996171,598.3464801348746,599.8425096780993,1.496029543224722,1.25,0.0568139704520402,2,unreviewed
2019-08-16,2019-08-13,2019-08-19,1.3184026832357252,12.375885793040592,995.2859554174232,994.6079270467162,996.1045831162484,1.4966560695320368,2.5,0.0787262331977973,8,unreviewed
2025-11-07,2025-11-05,2025-11-10,1.3175499261106722,2.8870865556731893,284.46014588347634,282.99063032958657,286.2340040220879,3.2433736925013363,1.0,0.0775324748496007,11,unreviewed
2023-02-01,2023-01-31,2023-02-02,1.3132116676937684,2.792738251466563,683.1590163127639,681.5752825397067,685.0641934433952,3.48891090368852,1.0,0.0740909998963389,2,unreviewed
2023-02-04,2023-02-03,2023-02-06,1.3129987279025943,16.982996701901232,299.7131173499676,298.95800788886845,300.70444045588374,1.7464325670152905,2.25,0.0867483136857381,2,unreviewed
2022-07-31,2022-07-29,2022-08-02,1.310960955226132,26.692529264455715,1112.23464164477,1111.098865795415,1113.8432628484445,2.744397053029388,3.25,0.0831988620849779,7,unreviewed
2022-09-27,2022-09-26,2022-09-28,1.3107864992812248,28.487819745741323,873.4334333939514,872.4040536861867,874.6465175016783,2.2424638154916465,2.75,0.0869094161524332,9,unreviewed
2019-03-29,2019-03-27,2019-04-01,1.3107704071704682,13.27052872231943,120.40221918941066,120.07350071519612,120.82197098433971,0.7484702691435814,0.75,0.035443959113602,3,unreviewed
2022-10-28,2022-10-25,2022-11-01,1.3101232922514787,24.365968326786025,878.0806286195552,877.1373658790253,879.3798299450427,2.242464066017419,2.5,0.0860215048926679,10,unreviewed
2021-06-22,2021-06-01,2021-07-14,1.3069968695705794,0.2688246640728161,33.853599301925236,33.599369960837066,34.54884665179998,0.9494766909629108,0.75,0.0415082918222223,6,unreviewed
2025-11-13,2025-11-10,2025-11-17,1.3067761955866384,2.7395229388818336,70.17804711007736,67.89872628822923,72.58146649040282,4.682740202173591,0.75,0.0797129384057317,11,unreviewed
2022-07-31,2022-07-29,2022-08-02,1.3035141126697094,39.4549832450127,1068.5964991905698,1067.691852873657,1069.6873756842688,1.995522810611874,2.25,0.0767359965077727,7,unreviewed
2021-11-03,2021-11-03,2021-11-04,1.303232064123814,37.36079596713557,1109.3431668126725,1109.102940225508,1109.851411708165,0.7484714826568961,1.0,0.0576667123451435,11,unreviewed
2017-11-11,2017-10-02,2017-12-21,1.3013685602746916,3.3324441575343484,954.7785589072575,953.7008884497918,955.94584350707,2.2449550572782755,1.5,0.077288460415115,11,unreviewed
2018-11-24,2018-11-21,2018-11-27,1.3003450895560704,3.19538642330187,37.34397735150554,36.39931730134413,38.982096997555345,2.582779696211219,1.0,0.0824733693548885,11,unreviewed
2019-01-13,2019-01-07,2019-01-19,1.2997372069536155,4.642902757701228,1155.5039832808832,1154.7597416271456,1156.5061758928932,1.7464342657476664,2.25,0.0786938818416986,1,unreviewed
2023-10-10,2023-10-03,2023-10-18,1.2921821480709814,18.79916622299281,863.0489375353151,862.439184805844,863.9342836299911,1.495098824147135,4.5,0.081986567324289,10,unreviewed
2021-01-06,2020-12-17,2021-01-26,1.2916507341808814,44.88770743143566,997.7105071291462,997.3516925023868,998.349482330028,0.9977898276410996,1.0,0.0414908409758046,1,unreviewed
2022-07-31,2022-07-29,2022-08-02,1.290839953763345,29.948989741854454,1201.662020513093,1199.9144582920708,1203.4065805706196,3.492122278548777,2.25,0.0848519635903949,7,unreviewed
2025-02-24,2025-02-20,2025-02-28,1.2901617149557216,2.8882291431036458,92.10123655177284,90.06497731804848,94.28105908166616,4.216081763617694,1.0,0.0765121840118115,2,unreviewed
2023-02-04,2023-02-03,2023-02-06,1.289763466400759,12.96446470547613,275.0646048489631,273.7594901314005,276.5038830563426,2.744392924942076,1.25,0.0811223005858736,2,unreviewed
2021-11-06,2021-11-04,2021-11-08,1.2896977257622413,3.458428401180075,279.5790059501481,278.25031528808177,281.2441983479075,2.993883059825748,1.25,0.0795909163177207,11,unreviewed
2018-11-30,2018-11-27,2018-12-04,1.2888593143173206,3.2006709068802905,403.905273556494,402.9954780838452,405.2408912070095,2.245413123164326,1.25,0.0673133127221272,11,unreviewed
2024-05-26,2024-05-24,2024-05-29,1.2884971170802535,9.26056436052725,275.3344833823309,273.7594901314005,277.0028638234362,3.243373692035675,1.5,0.0788292578795035,5,unreviewed
2023-03-19,2023-03-17,2023-03-22,1.2868481747078853,2.387232939466021,341.0326879585297,339.3754421886988,343.1177967749536,3.7423545862548058,1.0,0.0747717539204651,3,unreviewed
2023-08-11,2023-08-07,2023-08-15,1.286621013981624,19.46927260554945,901.4904718408076,901.319924782496,902.0682813641616,0.7483565816655755,0.75,0.0663458651589401,8,unreviewed
2024-10-03,2024-10-03,2024-10-03,1.2809338873971965,39.00279777843026,1150.935014774031,1150.5183987934142,1151.516360971611,0.997962178196758,0.75,0.0645297800346577,10,unreviewed
2022-08-06,2022-08-02,2022-08-10,1.278653485608939,46.22292439187019,1015.7518375644382,1015.0614489684812,1016.8075385345146,1.7460895660333335,2.0,0.0748278538932908,8,unreviewed
2022-09-27,2022-09-26,2022-09-28,1.2755270629280393,48.87099261990527,990.9042091959028,989.8686961233616,992.113652179949,2.244956056587398,2.5,0.0827643084982547,9,unreviewed
2023-03-29,2023-03-22,2023-04-06,1.2740379813303575,3.0515477005836114,929.7920618956584,928.7575728464872,931.7508271415718,2.9932542950846255,1.0,0.069618036416875,3,unreviewed
2019-12-19,2019-12-16,2019-12-22,1.2710804010673569,21.89857556745591,1063.8205041932388,1062.9526221989654,1064.9481450105086,1.9955228115431964,2.0,0.0771196028428324,12,unreviewed
2021-11-06,2021-11-04,2021-11-08,1.2691238374149454,3.813642122222193,987.9159236325116,986.87549817143,989.1204542289488,2.2449560575187206,1.75,0.0769513029243552,11,unreviewed
2021-11-20,2021-11-18,2021-11-22,1.265263414891475,34.84760734097456,284.03752228617896,283.9885918619111,284.4875723356381,0.4989804737269878,1.0,0.0502630513389585,11,unreviewed
2021-10-11,2021-10-11,2021-10-12,1.2650625753696298,2.7426224104973924,608.3228030129529,608.065350339748,608.8132127085701,0.7478623688220978,0.75,0.0613634365982243,10,unreviewed
2019-02-02,2019-01-30,2019-02-06,1.264850883028902,14.236906562737682,644.0104404348564,643.4497921722941,644.9452139553614,1.495421783067286,2.75,0.0743312148495636,2,unreviewed
2021-03-30,2021-03-08,2021-04-21,1.2614418504494056,12.98522904601984,377.79827916845943,377.54746272740886,378.2959336712957,0.7484709438867867,0.75,0.0418323072716343,3,unreviewed
2020-04-12,2020-04-08,2020-04-16,1.2612420712604395,12.1545590186734,203.3202501033533,201.90629160963,204.65068453690037,2.744392927270382,1.75,0.0767686452792343,4,unreviewed
2024-12-09,2024-12-03,2024-12-16,1.261106910004589,3.854047935229079,31.658759304017572,31.499409222509712,31.982228178996593,0.4828189564868808,1.0,0.0302282546718469,12,unreviewed
2021-11-20,2021-11-18,2021-11-22,1.2598418081345304,40.455304798083944,1196.251197474909,1195.4246598756872,1197.420182682108,1.9955228064209225,1.25,0.07257545299626,11,unreviewed
2018-12-22,2018-12-18,2018-12-26,1.2570116549346135,3.8212531977405977,229.65194428461157,228.1027704034932,231.59563398128375,3.4928635777905583,1.5,0.0797504201768403,12,unreviewed
2023-02-02,2023-02-02,2023-02-03,1.25663579811516,26.633806443018116,533.5190283196679,532.4810005091131,535.225394774694,2.7443942655809224,1.75,0.0796186874772308,2,unreviewed
2023-02-02,2023-02-02,2023-02-03,1.254700191630245,14.24574889344342,246.72414218130857,244.07014796324071,248.8104624613188,4.740314498078078,2.25,0.0807149010217825,2,unreviewed
2024-03-23,2024-03-22,2024-03-25,1.2543980591321646,2.8938455717802483,83.66815157037875,81.89846392907202,85.64788819337264,3.7494242643006146,1.0,0.0770355309551265,3,unreviewed
2021-12-07,2021-12-06,2021-12-08,1.2532829008057444,27.999663572964607,582.6387215667963,582.3790910132229,583.1275621363893,0.7484711231663823,0.75,0.0480572442762169,12,unreviewed
2025-07-06,2025-07-01,2025-07-11,1.2531479266674606,17.3359934297085,902.4664772272108,901.8187912749128,903.3154475949704,1.4966563200578094,2.25,0.0752907139871774,7,unreviewed
2022-07-15,2022-07-12,2022-07-18,1.2530783189325605,1.0018262608242914,30.59467769148054,30.332764418795705,31.048912710044533,0.7161482912488282,0.75,0.0388863188775684,7,unreviewed
2019-01-21,2019-01-19,2019-01-23,1.2510774707893069,5.354215326228226,1035.4944805856148,1034.517238155939,1036.7621942129915,2.2449560570530593,1.5,0.0753248870123738,1,unreviewed
2025-11-07,2025-11-05,2025-11-10,1.250197207381915,3.911266045793766,457.57337672986415,456.3864222913981,459.13081611087546,2.744393819477409,1.5,0.07572952061359,11,unreviewed
2024-12-16,2024-12-16,2024-12-17,1.2501256037263002,5.24232982369309,34.53268542839214,34.53268542839214,34.78217551764101,0.2494900892488658,1.75,0.0283063677499073,12,unreviewed
2020-03-26,2020-03-19,2020-04-02,1.247854308326301,27.42854064746538,577.2070428957636,576.8903006301261,577.6387717537582,0.7484711236320436,0.75,0.0714217267559088,3,unreviewed
2025-04-04,2025-04-01,2025-04-08,1.2474842521514222,20.811708527698908,421.05486294984775,420.2103147194721,422.206238115672,1.9959233961999416,1.75,0.0765741653734385,4,unreviewed
2022-10-28,2022-10-25,2022-11-01,1.2459057907292674,48.692818294753465,990.7221590639676,989.6192631274462,991.8642189349048,2.2449558074586093,2.25,0.0821077789554361,10,unreviewed
2023-02-19,2023-02-17,2023-02-21,1.245752541441946,2.4951848335769817,643.2025297655314,641.2071164133959,645.1944000949152,3.9872836815193295,0.75,0.0736638445167676,2,unreviewed
2023-02-04,2023-02-03,2023-02-06,1.2457454309744025,24.27293638695369,726.2064163583551,725.2578504383564,727.7544852360152,2.4966347976587713,1.25,0.0803460762302587,2,unreviewed
2019-02-02,2019-01-30,2019-02-06,1.2439381871404058,7.5599757271586,1074.8945601767423,1073.9276830228046,1076.1726388302632,2.2449558074586093,1.75,0.0752722296223736,2,unreviewed
2020-01-24,2020-01-21,2020-01-27,1.2436972420867138,1.767027693722102,504.0412152567369,503.04112644447014,505.2865406717174,2.245414227247238,1.0,0.0680862432025981,1,unreviewed
2023-08-27,2023-08-22,2023-09-01,1.2432010062991978,7.748153836042478,95.08428290819782,94.73155606212094,95.68103322153912,0.9494771594181656,0.75,0.038458735963413,8,unreviewed
2022-07-31,2022-07-29,2022-08-02,1.2429251326330109,7.0894755108368885,105.0696362182756,104.10612700972706,106.10204872256143,1.995921712834388,2.75,0.0947518057134981,7,unreviewed
2019-01-13,2019-01-07,2019-01-19,1.2401003434700129,3.629197984947107,921.8518280398112,920.2768452316524,924.0183992651292,3.7415540334768593,1.0,0.0826083513173376,1,unreviewed
2019-12-26,2019-12-22,2019-12-30,1.23850036352766,17.077903270091927,587.4028372681076,586.6204288112931,588.366861007642,1.7464321963489056,2.5,0.0781748622919137,12,unreviewed
2024-06-16,2024-06-11,2024-06-21,1.2366914356355612,2.4842644591069054,76.75156276670612,73.96527893841267,79.34800597513095,5.382727036718279,0.75,0.0817080378369395,6,unreviewed
2023-01-05,2023-01-04,2023-01-06,1.2351401686331342,3.9063815402729527,227.01519174987345,225.60786706814545,228.60175062716007,2.993883559014648,1.25,0.0781770482948309,1,unreviewed
2023-02-19,2023-02-17,2023-02-21,1.235104054942715,2.5205363292111005,599.8215654419942,598.0969896167517,601.5868126582354,3.48982304148376,1.0,0.073434641367354,2,unreviewed
2023-02-04,2023-02-03,2023-02-06,1.2349633425323787,18.675773106372095,716.7177330084654,716.0195878604427,717.7671744222753,1.747586561832577,2.0,0.0788578320604934,2,unreviewed
2023-05-12,2023-05-10,2023-05-15,1.233884422641422,5.187629596865917,101.78945520546216,101.3617345285602,102.6091854753904,1.247450946830213,0.75,0.1099181080688801,5,unreviewed
2024-12-22,2024-12-17,2024-12-27,1.2324529732543563,2.088745530642146,544.9240115896047,543.708070798777,546.202974546235,2.494903747458011,1.0,0.0799759651172904,12,unreviewed
2021-11-03,2021-11-03,2021-11-04,1.2307258781115316,34.500930474876675,215.86921251275996,215.6282567162998,216.37672707345337,0.7484703571535647,0.75,0.0830921197112355,11,unreviewed
2023-02-02,2023-02-02,2023-02-03,1.227950737476294,10.887070348208573,361.5260949886076,360.08313974225894,363.3265139698051,3.2433742275461555,1.75,0.0765915641721677,2,unreviewed
2019-01-13,2019-01-07,2019-01-19,1.2279123783750718,15.175733965663811,627.9032068417405,626.754315815866,629.2464821599424,2.492166344076395,2.25,0.0790083093633492,1,unreviewed
2018-02-15,2018-02-01,2018-03-01,1.22738576716919,2.2302190193273215,509.2702750337712,508.28042631037533,510.5258395415731,2.2454132311977446,1.25,0.0799849396258657,2,unreviewed
2024-10-13,2024-10-09,2024-10-18,1.2266711028085364,7.357319735630275,872.4455464710738,871.1584449512884,874.1482742577791,2.9898293064907193,1.0,0.075200002301495,10,unreviewed
2023-02-04,2023-02-03,2023-02-06,1.22557895994285,18.253534087987987,415.65875129289446,414.9710167855956,416.7174494615756,1.7464326759800315,1.75,0.0764136354313169,2,unreviewed
2023-08-04,2023-08-01,2023-08-07,1.223972805120788,40.49347570959239,1187.4451415816625,1187.193361779675,1187.9417183590122,0.7483565793372691,0.75,0.0762740658368952,8,unreviewed
2025-02-15,2025-02-10,2025-02-20,1.2217760448849515,13.063128146956585,377.7870305316455,377.54746272740886,378.2959336712957,0.7484709438867867,0.75,0.0736446166135566,2,unreviewed
2021-12-10,2021-12-08,2021-12-13,1.2215596122325283,2.739438674693259,608.3156369245032,608.065350339748,608.8132127085701,0.7478623688220978,0.75,0.0703832340979106,12,unreviewed
2022-12-27,2022-12-20,2023-01-04,1.2209155535671323,3.3967057086401984,729.1184952500246,727.5049951467663,731.0003609252162,3.495365778449923,1.0,0.0773562711178546,12,unreviewed
2021-06-22,2021-06-01,2021-07-14,1.220855426455623,3.885126964315729,400.51256190833266,400.0015934086405,401.2490446413867,1.2474512327462437,0.75,0.0552200025561505,6,unreviewed
2023-07-21,2023-07-18,2023-07-24,1.2208254876449134,26.54853541564379,244.7152454154164,244.5691282316111,245.0681087039411,0.498980472330004,0.75,0.035491761197803,7,unreviewed
2023-12-24,2023-12-21,2023-12-28,1.218862125387569,5.365941784246288,1017.8472294125864,1016.5580484452656,1019.5513032400048,2.9932547947391868,1.5,0.0774782411581771,12,unreviewed
2023-02-19,2023-02-17,2023-02-21,1.2184609453240571,4.301220398336953,989.472181199992,988.3720976472832,990.8664859510028,2.494388303719461,1.75,0.0794426993716229,2,unreviewed
2019-07-05,2019-07-02,2019-07-08,1.2178626057175164,13.884680015653272,951.3087717415764,950.707690496929,952.4537790622562,1.7460885653272271,2.75,0.0781939563582114,7,unreviewed
2025-10-11,2025-10-06,2025-10-17,1.21589001232687,1.2148073912584698,29.811717088250926,29.399448483251035,30.34892540657893,0.949476923327893,0.75,0.0711179095273294,10,unreviewed
2022-08-06,2022-08-02,2022-08-10,1.21536452382639,23.67043940605091,949.7090518193072,948.7122247791848,950.7077473397368,1.9955225605517624,3.25,0.0814356945891382,8,unreviewed
2023-02-04,2023-02-03,2023-02-06,1.2151825208062823,19.342276500465186,341.5454094819673,340.62289333343506,342.6188164181076,1.9959230846725404,1.75,0.0828179696651047,2,unreviewed
2021-01-06,2020-12-17,2021-01-26,1.2123223664231335,19.32464628183175,871.6715230232306,870.6602014573291,872.9026655224152,2.2424640650860965,2.0,0.073222569342843,1,unreviewed
2024-11-08,2024-11-04,2024-11-12,1.212276896854368,2.7754743718033987,608.2735327565397,608.065350339748,608.8132127085701,0.7478623688220978,0.75,0.039518999425975,11,unreviewed
2024-01-03,2023-12-28,2024-01-10,1.211186562791828,4.2648975141967025,1212.8446101512186,1211.3883885769174,1214.3816443653775,2.993255788460374,1.25,0.0751660597732048,1,unreviewed
2023-02-02,2023-02-02,2023-02-03,1.2110704251552826,30.227081336558733,584.6010344292545,583.8760331212543,585.3729757973924,1.4969426761381328,2.5,0.0816757533992975,2,unreviewed
2023-02-04,2023-02-03,2023-02-06,1.2096097854277754,30.88549939278035,235.9762372574128,235.08849764987824,237.08442017342895,1.9959225235506892,1.5,0.0770597777425864,2,unreviewed
2024-03-23,2024-03-22,2024-03-25,1.2083514821626484,2.4902122593665523,591.0882326230477,589.1153329876252,593.3566703577526,4.2413373701274395,0.75,0.0748279356825156,3,unreviewed
2023-02-25,2023-02-21,2023-03-02,1.2082195019054365,2.030466319742964,601.3446498017215,599.5930195888504,603.0819304930046,3.4889109041541815,1.0,0.0711692508543488,2,unreviewed
2022-07-31,2022-07-29,2022-08-02,1.2076452380925071,33.8337476496909,953.3570116117212,952.7031554649584,954.449244780466,1.746089315507561,3.75,0.0806896132805525,7,unreviewed
2023-02-04,2023-02-03,2023-02-06,1.2073008170242991,13.413973804281635,374.0016292415175,372.80714658787474,375.3020497811958,2.494903193321079,1.75,0.0786186431902707,2,unreviewed
2020-09-03,2020-08-20,2020-09-18,1.2065177300066696,11.67961047652734,1148.1506874680665,1147.5245104380883,1149.0214540092277,1.496943571139127,2.5,0.0771290086036839,9,unreviewed
2024-12-28,2024-12-27,2024-12-30,1.206439889098824,2.667137607412489,611.7109511478618,611.3047711541876,612.5510063008405,1.2462351466529071,0.75,0.0498560309794551,12,unreviewed
2023-02-02,2023-02-02,2023-02-03,1.2057829816938317,33.37559842619149,1046.7843179164254,1046.49003196368,1047.2383882952854,0.7483563316054642,0.75,0.0354754516828404,2,unreviewed
2023-02-02,2023-02-02,2023-02-03,1.205584699445401,3.5548574356403986,597.733732895349,596.1010654787533,599.3441373975947,3.2430719188414514,1.0,0.074635641779637,2,unreviewed
2022-09-03,2022-08-30,2022-09-08,1.204468792648713,9.19331169545388,61.50214359373639,59.7322124321945,63.01497966516763,3.282767232973129,1.5,0.0837150190118949,9,unreviewed
2022-07-31,2022-07-29,2022-08-02,1.2023527424567488,40.83393752604793,1216.0112895265136,1214.8804540126584,1217.6242775544524,2.7438235417939723,1.75,0.0765538221626166,7,unreviewed
2025-03-14,2025-03-10,2025-03-18,1.2015747699859485,7.532606795332076,424.85895667032025,423.9526708121411,426.1980846822262,2.245413870085031,1.75,0.0753268202122326,3,unreviewed
2021-06-22,2021-06-01,2021-07-14,1.200468343812652,31.252932573031813,571.3899523716283,571.1520207254216,571.900491848588,0.7484711231663823,0.75,0.116565876777196,6,unreviewed
2022-07-31,2022-07-29,2022-08-02,1.198939905153391,26.40928139507118,1136.1978993089472,1135.299465325661,1137.2953902888112,1.9959249631501736,2.5,0.0783615870921221,7,unreviewed
2024-02-19,2024-02-16,2024-02-23,1.198069434232002,2.712017725784946,673.4362209243,671.8570200935937,675.3459309991449,3.4889109055511653,0.75,0.0684244565178961,2,unreviewed
2024-02-03,2024-01-30,2024-02-08,1.1950479845061537,3.4964101226904374,376.1103974904016,374.30408915504813,377.7969528166577,3.49286366160959,1.0,0.066716548796482,2,unreviewed
2024-10-13,2024-10-09,2024-10-18,1.194862052017141,1.9621269470695264,584.1617189686477,582.3790910132229,586.1214473485015,3.742356335278601,0.75,0.0748925566054882,10,unreviewed
2023-02-04,2023-02-03,2023-02-06,1.1947829636588494,22.559941093982022,775.6784031603142,775.1944045079872,776.6923083234578,1.497903815470636,2.5,0.0835877401073448,2,unreviewed
2024-02-12,2024-02-08,2024-02-16,1.1919281733126188,4.111774880967008,1038.7373094741974,1036.2632708777674,1041.0025583952663,4.739287517499179,1.25,0.0797164032947094,2,unreviewed
2020-10-04,2020-09-18,2020-10-20,1.1908209362965323,16.504829935728306,1146.0324522314563,1145.5285848681815,1146.7760377428494,1.2474528746679423,3.0,0.0754949565522602,10,unreviewed
2020-07-15,2020-07-08,2020-07-23,1.1895020069397184,31.0002793518722,568.177656697022,567.9086449965835,568.6571156224236,0.7484706258401275,0.75,0.053664713528205,7,unreviewed
2023-03-11,2023-03-06,2023-03-17,1.189026915437266,13.206150473425057,653.6826746834735,652.9188684779219,654.6634754072875,1.7446069293655455,2.25,0.0752326064606521,3,unreviewed
2024-12-28,2024-12-27,2024-12-30,1.188820275270846,2.2501128934942285,540.0762870538537,537.9697898970917,542.460617783945,4.490827886853367,0.75,0.078537463666969,12,unreviewed
2023-02-02,2023-02-02,2023-02-03,1.188670893079908,15.686417863105046,499.19033505842896,497.5523373242467,500.7957123564556,3.24337503220886,1.25,0.0764946885530894,2,unreviewed
2023-02-04,2023-02-03,2023-02-06,1.1884630054630414,26.179465909272206,795.9032723299936,795.1690261359327,796.9166126968339,1.7475865609012544,2.0,0.0848881739108271,2,unreviewed
2018-07-12,2018-06-15,2018-08-08,1.1878248098147428,3.985392411484118,404.9854468502016,404.7419108939357,405.49038143036887,0.7484705364331603,0.75,0.0422497037096106,7,unreviewed
2019-12-13,2019-12-13,2019-12-14,1.185755164779379,5.3484553537772985,966.2126410557464,965.4242470129392,967.1703355787322,1.7460885657928884,1.75,0.0661868594705533,12,unreviewed
2023-02-04,2023-02-03,2023-02-06,1.1857381370807876,25.533975677234555,792.1692948370357,791.4237839551643,793.4210542622022,1.9972703070379791,1.75,0.0777696264245876,2,unreviewed
2024-03-30,2024-03-25,2024-04-04,1.1857064518394531,3.094964765266338,340.12290067834215,338.87646133219823,341.8703451328911,2.9938838006928563,1.0,0.0723831888349177,3,unreviewed
2023-01-27,2023-01-23,2023-01-31,1.1851741647340406,6.639941490541058,999.187846747545,998.349425487686,1000.344947298523,1.99552181083709,2.25,0.0751588994983431,1,unreviewed
2025-07-06,2025-07-01,2025-07-11,1.18501742258547,32.32582058136652,567.8769722097114,567.6591544793919,568.4076253529638,0.7484708735719323,1.75,0.0499821648348581,7,unreviewed
2025-11-07,2025-11-05,2025-11-10,1.184440476754082,0.3657057901671319,38.40217343666536,37.79929097183049,38.982096997555345,1.182806025724858,0.75,0.0333465041852545,11,unreviewed
2023-08-04,2023-08-01,2023-08-07,1.1835691326173805,39.01872093997568,1195.775359221917,1195.4246598756872,1196.422449701931,0.9977898262441158,0.75,0.106849867089897,8,unreviewed
2018-11-30,2018-11-27,2018-12-04,1.182584332862593,3.7130761616772463,409.8550017030149,408.9832474347204,411.2286605583504,2.2454131236299872,2.0,0.076397195797133,11,unreviewed
2023-04-11,2023-04-06,2023-04-17,1.1799863925632443,22.955401335072803,774.8705883129162,774.4453562726267,775.4438945972361,0.9985383246093988,1.25,0.0462244295377718,4,unreviewed
2022-01-27,2022-01-20,2022-02-03,1.176160711534702,1.7591537199940204,502.9618741195242,500.5462222672067,505.2865406717174,4.740318404510617,1.0,0.0933900448621872,1,unreviewed
2023-02-02,2023-02-02,2023-02-03,1.175915400404448,2.984308813935109,624.2799970105361,623.764082135167,625.010316784028,1.246234648860991,0.75,0.0636995747906777,2,unreviewed
2020-04-12,2020-04-08,2020-04-16,1.174301386644575,13.113199248768655,1071.8677215697726,1070.9344848212786,1072.93000688171,1.99552206043154,2.75,0.0790349800860167,4,unreviewed
2021-07-27,2021-07-14,2021-08-09,1.1726075984286646,2.0327755081936676,536.8336575896695,534.7264141687192,538.9677515379153,4.241337369196117,1.0,0.0786722746155844,7,unreviewed
2024-02-03,2024-01-30,2024-02-08,1.1698880940833296,15.29109072306052,723.0608994117437,722.0119737484492,724.2589263012633,2.2469525528140366,2.0,0.0763461370147083,2,unreviewed
2023-03-29,2023-03-22,2023-04-06,1.169689437599765,37.9667008935663,1192.3402483906252,1191.9325934411029,1193.179817010183,1.2472235690802336,1.25,0.0927671976092163,3,unreviewed
2024-02-03,2024-01-30,2024-02-08,1.1692474659066607,6.103120059830808,1030.5890713753874,1029.7780074821785,1031.7735302927904,1.995522810611874,1.5,0.0712333587358204,2,unreviewed
2023-02-02,2023-02-02,2023-02-03,1.1685594969855566,4.533574057127334,616.7172922182298,615.2917503900826,618.531475154683,3.239724764600396,1.5,0.0731288611973794,2,unreviewed
2019-07-05,2019-07-02,2019-07-08,1.168021533980614,36.71509531392346,958.8785068964208,958.190684877336,959.9367744433694,1.7460895660333335,1.25,0.0568345404420763,7,unreviewed
2018-02-15,2018-02-01,2018-03-01,1.167923297257972,34.680554543092605,1224.7580533683024,1224.358918334823,1225.356708160136,0.9977898253127933,1.5,0.0740885090426746,2,unreviewed
2018-05-05,2018-03-26,2018-06-15,1.1674220092961491,35.31222476786788,1045.507535935602,1045.242865734268,1045.9912223145366,0.7483565802685916,1.0,0.0702436198911845,5,unreviewed
2023-02-02,2023-02-02,2023-02-03,1.1667670978118705,4.153606984722043,610.5427242889408,610.0588404540904,611.8034473839216,1.7446069298312068,1.0,0.0703965954830886,2,unreviewed
2022-10-28,2022-10-25,2022-11-01,1.1662640634194228,6.845380234622678,104.66234764363485,103.85663691954689,105.85255838232116,1.9959214627742767,2.5,0.0796161966235666,10,unreviewed
2023-02-19,2023-02-17,2023-02-21,1.1654068778452862,2.7949933554977298,560.2095767135113,558.6774978497997,562.1703636669554,3.492865817155689,1.0,0.0747777394046433,2,unreviewed
2019-11-29,2019-11-26,2019-12-02,1.1650981338598403,34.344269732816485,1191.2001472838322,1190.9348604599943,1191.6832170393318,0.7483565793372691,1.0,0.0439326322582337,11,unreviewed
2019-02-10,2019-02-06,2019-02-15,1.1645641626963257,9.1328974218939,363.4909863825026,362.82753345230594,364.3244749349542,1.4969414826482534,3.0,0.0784288624472085,2,unreviewed
2018-08-22,2018-08-08,2018-09-06,1.1632665023696198,25.627226733140656,1007.615829488174,1006.3312873584218,1009.0751099078916,2.743822549469769,1.0,0.082946505149563,8,unreviewed
2018-05-05,2018-03-26,2018-06-15,1.1604723381150772,35.805251198220574,1189.5438060398424,1188.939394496847,1190.1866175681353,1.2472230712883174,1.25,0.1154899172188573,5,unreviewed
2025-03-14,2025-03-10,2025-03-18,1.1597276101986695,5.147495469669455,667.7862565835234,666.8732962985523,668.867089368403,1.9937930698506536,1.5,0.0618996430382924,3,unreviewed
2022-08-06,2022-08-02,2022-08-10,1.1573141678203205,17.466050506842627,371.1246864950229,369.0647914134898,373.0566366771236,3.991845263633877,1.75,0.0824840316956482,8,unreviewed
2023-01-21,2023-01-20,2023-01-23,1.156701981513826,5.995773900829747,906.8071877103098,905.8097222116776,907.8052440239117,1.995521812234074,1.75,0.0736306009145802,1,unreviewed
2021-11-16,2021-11-15,2021-11-18,1.1555981749864666,20.473302996217488,656.6040042532362,656.1582892928272,657.4045239430852,1.2462346502579749,0.75,0.0497811343556945,11,unreviewed
2023-12-02,2023-11-27,2023-12-08,1.153971561977087,2.4631777118568157,300.09029700081425,298.45902712177485,301.95189160062,3.4928644788451493,0.75,0.0707758223769296,12,unreviewed
2024-08-24,2024-08-21,2024-08-27,1.1535973892157352,21.181335894202643,1112.281049972484,1111.3483564928174,1113.3442814564332,1.9959249636158347,2.25,0.0751375822522078,8,unreviewed
2023-02-25,2023-02-21,2023-03-02,1.1521432986030706,2.829521611908292,366.0268699121075,365.072946309112,367.5678492537699,2.4949029446579516,1.0,0.0686479344215741,2,unreviewed
2023-02-04,2023-02-03,2023-02-06,1.1513174240351345,34.226633221964164,608.8844663315123,608.3145364788361,609.5607716259547,1.2462351471185684,1.75,0.0661626870369342,2,unreviewed
2021-11-03,2021-11-03,2021-11-04,1.1510762294913532,36.877296434256536,1047.743345045227,1047.2383312014863,1048.4855537754484,1.2472225739620626,1.0,0.0588730959754949,11,unreviewed
2021-11-16,2021-11-15,2021-11-18,1.1497613543484897,12.373080290640337,114.5740701401896,114.33522566594183,115.0836959341541,0.7484702682122588,0.5,0.0382708735494415,11,unreviewed
2023-01-21,2023-01-20,2023-01-23,1.1493431465863864,4.405514033019347,747.3206841711368,746.2312030475587,748.7278378442861,2.4966347967274487,1.5,0.0714395345007621,1,unreviewed
2023-03-19,2023-03-17,2023-03-22,1.1482275516523095,19.6363564141799,638.9613572857222,638.4660683763213,639.7123030261137,1.2462346497923136,2.5,0.0741073800474502,3,unreviewed
2021-11-16,2021-11-15,2021-11-18,1.147933714699697,26.225695425863208,271.42157022382605,270.7656072736718,272.0130581492558,1.247450875584036,1.25,0.0703216393762555,11,unreviewed
2022-10-01,2022-09-28,2022-10-05,1.1479294733681795,12.596537596152228,377.9711172897117,377.7969531547278,378.5454241000116,0.7484709452837706,0.75,0.0777344421871574,10,unreviewed
2022-08-20,2022-08-17,2022-08-24,1.1478521314405126,31.247320298622466,568.659424409285,568.4076255331747,569.1560961590149,0.7484706258401275,0.75,0.0385657683171342,8,unreviewed
2025-10-11,2025-10-06,2025-10-17,1.1473061847527135,17.959081524573463,163.8245769273512,162.98581730108708,164.98173876525834,1.9959214641712608,1.25,0.0638304672918869,10,unreviewed
2023-04-11,2023-04-06,2023-04-17,1.1468198661962454,3.248497140855687,608.8142192411324,608.5637226193212,609.3115852372721,0.7478626179508865,0.75,0.0498869250002756,4,unreviewed
2021-11-20,2021-11-18,2021-11-22,1.1440063040872637,34.42783457153557,1210.936907262485,1210.3906555962749,1211.887311911676,1.4966563154011965,1.25,0.0595036685925169,11,unreviewed
2021-02-01,2021-01-26,2021-02-08,1.1438896050980176,4.169795413105164,1089.011288180832,1087.3972476581112,1090.640627099201,3.243379441089928,1.0,0.0735778245584348,2,unreviewed
2019-12-09,2019-12-09,2019-12-09,1.1425298841116112,32.001049932743165,566.1555241868401,565.9127208585851,566.6611919822171,0.7484711236320436,0.75,0.0417048164586381,12,unreviewed
2025-02-03,2025-01-28,2025-02-10,1.140693948917351,6.390410043959546,1019.2370034291072,1018.0546476705932,1020.5490362229756,2.4943885523825884,1.5,0.0740506629377465,2,unreviewed
2021-01-06,2020-12-17,2021-01-26,1.1398454331238157,3.646099839883346,863.2448317628836,861.1935760709457,865.1798916156404,3.986315544694662,1.25,0.080045010093786,1,unreviewed
2021-11-03,2021-11-03,2021-11-04,1.138607899908619,29.337641386231464,539.5402037795214,539.2172424835153,539.9657136066817,0.7484711231663823,0.75,0.0605942795751701,11,unreviewed
2024-02-03,2024-01-30,2024-02-08,1.1379011568582993,2.6336159598509705,610.8254720320376,608.8129087593406,612.8001926895231,3.987283930182457,1.75,0.0803362987002036,2,unreviewed
2023-02-04,2023-02-03,2023-02-06,1.135955508397292,24.1056558060468,724.5238412741761,724.0094362120144,725.5073405276053,1.4979043155908585,1.5,0.0603654519126521,2,unreviewed
2023-03-29,2023-03-22,2023-04-06,1.135382304917243,3.3203003228270567,381.10873864156696,379.7928760801442,382.78676012996584,2.993884049821645,1.0,0.0733168797544164,3,unreviewed
2024-02-03,2024-01-30,2024-02-08,1.135077178538091,7.264545505848797,968.9971577801716,967.9185784729198,970.4129667766392,2.494388303719461,1.75,0.0761561555162762,2,unreviewed
2021-04-27,2021-04-21,2021-05-04,1.1331014665213297,46.6842252025508,997.9015315652196,997.1022592573428,998.8483488224448,1.746089565102011,2.0,0.0729328570378487,4,unreviewed
2023-02-19,2023-02-17,2023-02-21,1.130659707017851,3.2024710593484635,137.57356967144858,136.2903645108454,139.0347564923577,2.744391981512308,0.75,0.0744628880661005,2,unreviewed
2019-02-02,2019-01-30,2019-02-06,1.1302262803603034,6.031571230059965,1002.9334442726358,1001.5920566846617,1004.5853119804524,2.993255295790732,1.25,0.0738617446992367,2,unreviewed
2023-02-04,2023-02-03,2023-02-06,1.1301861748284563,22.59510346255619,620.412810269292,619.7771019055508,621.2725236895494,1.4954217839986086,1.5,0.0614786218505808,2,unreviewed
2025-03-03,2025-02-28,2025-03-07,1.1292270725528617,4.368839811627567,34.61219238430702,34.53268542839214,35.015504385810345,0.4828189574182033,1.0,0.0275860407529021,3,unreviewed
2018-12-14,2018-12-10,2018-12-18,1.1279886661223528,3.2869977834861,1047.923188439224,1045.9911654712632,1049.9821532508358,3.990987779572606,1.0,0.0773020820387355,12,unreviewed
2022-07-23,2022-07-18,2022-07-29,1.1278308012683802,46.34949858628725,1015.9653605858005,1015.0614489684812,1017.5558382719756,2.494389303494245,2.25,0.0788747029469535,7,unreviewed
2021-11-16,2021-11-15,2021-11-18,1.126503264503487,1.6339001012685423,545.2102931135404,544.9555223882198,545.7039935118519,0.7484711236320436,1.0,0.0605910674892509,11,unreviewed
2023-03-11,2023-03-06,2023-03-17,1.124751968822005,2.5657567022824836,632.0406675827226,630.2429232676513,634.2302062045783,3.987282936926931,1.0,0.0774226839683887,3,unreviewed
2024-01-18,2024-01-10,2024-01-26,1.1244426634838585,17.422651937532443,593.8349254627404,592.8576897503808,595.1031039780937,2.245414227712899,1.5,0.0752539385775556,1,unreviewed
2023-02-04,2023-02-03,2023-02-06,1.1238897310735607,2.5708223319755805,440.49048486279594,439.920056078583,441.41699853213504,1.4969424535520377,1.0,0.0538040154488001,2,unreviewed
2021-12-07,2021-12-06,2021-12-08,1.123482438502862,41.405098099326594,1021.4437399597444,1021.0478458725848,1022.2950689462014,1.247223073616624,1.5,0.0864645199464654,12,unreviewed
2019-08-24,2019-08-19,2019-08-29,1.1207650548232857,22.5541447438242,1085.7239379391556,1084.9027438471094,1086.6488326615654,1.7460888144560158,2.0,0.0734082160123609,8,unreviewed
2020-06-04,2020-05-29,2020-06-10,1.1203349339094202,12.328093009713012,352.7493347734665,351.84995860699564,353.84588144300506,1.995922836009413,2.0,0.071534097715394,6,unreviewed
2023-06-04,2023-06-02,2023-06-06,1.120089934641778,2.4711412007762306,513.3893881507681,511.7732925559394,515.2661583730951,3.492865817155689,0.75,0.0716239394611399,6,unreviewed
2023-02-04,2023-02-03,2023-02-06,1.1183002174865515,18.102629592791665,399.659296265238,399.0036315629259,400.7500641942024,1.746432631276548,1.5,0.0768123579021956,2,unreviewed
2023-12-24,2023-12-21,2023-12-28,1.1174523254182394,3.289768100510728,150.06870263139092,148.51538488036022,151.75875778775662,3.243372907396406,1.0,0.0747142635308178,12,unreviewed
2025-04-11,2025-04-08,2025-04-15,1.116930329779008,2.208166368000733,637.393064767994,635.974205980543,638.9647446055897,2.990538625046611,0.75,0.0655137044089491,4,unreviewed
2019-12-10,2019-12-10,2019-12-11,1.1165860334558446,35.99639940252119,1047.2500370129055,1046.9888982060363,1047.7372542871162,0.7483560810796916,0.75,0.0371395501213003,12,unreviewed
2022-06-23,2022-06-15,2022-07-01,1.116292820228455,22.02921535610983,1009.0156284107276,1008.326753326226,1009.8234088965692,1.4966555703431368,1.25,0.0552918581078255,6,unreviewed
2020-07-05,2020-07-02,2020-07-08,1.1160491307837812,37.35580124428822,1059.561198699396,1059.2111245100386,1060.2089143367484,0.9977898267097772,1.0,0.0722903283232384,7,unreviewed
2023-12-24,2023-12-21,2023-12-28,1.115925446072036,2.7999921078955756,578.5067333692739,576.391319595743,580.6326569644734,4.241337368730456,1.0,0.0808298000118522,12,unreviewed
2023-01-05,2023-01-04,2023-01-06,1.1129391744487716,3.755818671206604,453.2065089139264,451.89559502899647,454.6399893462658,2.7443943172693253,1.25,0.0746005616375838,1,unreviewed
2020-01-24,2020-01-21,2020-01-27,1.1120748784070915,4.6731837777973695,952.0002571515708,950.707690496929,953.451512046624,2.743821549694985,1.5,0.0739387901489942,1,unreviewed
2022-07-31,2022-07-29,2022-08-02,1.112066021508923,36.63506493648532,1189.253209921047,1188.939394496847,1190.4360508127138,1.4966563158668578,1.5,0.0637151667910773,7,unreviewed
2020-04-12,2020-04-08,2020-04-16,1.1058694361622492,12.445912281584382,1149.450106802769,1149.0214546164498,1150.268907490652,1.2474528742022812,2.5,0.0729762945515993,4,unreviewed
2023-02-04,2023-02-03,2023-02-06,1.105749181939231,21.45097246773576,792.8687823672395,791.9231499466114,794.1701024975628,2.2469525509513915,1.25,0.0814913781804559,2,unreviewed
2025-02-24,2025-02-20,2025-02-28,1.10537582002067,15.250854720869242,31.717938389459913,31.499409222509712,32.21555704437196,0.7161478218622506,0.75,0.0517290674280395,2,unreviewed
2024-01-03,2023-12-28,2024-01-10,1.1047618872835507,5.452952640244638,920.6439945130855,920.0274122362024,921.5240675550884,1.4966553188860416,2.25,0.0726387206793315,1,unreviewed
2024-05-26,2024-05-24,2024-05-29,1.104614501013327,14.322374609216942,269.3776744717044,268.27070468617603,270.51611684588715,2.2454121597111225,1.0,0.0636045134053129,5,unreviewed
2023-02-25,2023-02-21,2023-03-02,1.1037592489873822,3.334158348422224,395.8940213349632,395.01178670767695,397.2571992245503,2.24541251687333,1.0,0.0596744816708105,2,unreviewed
2018-10-22,2018-10-08,2018-11-05,1.103736670134305,41.74503811056585,1158.5037620625749,1158.2526113740169,1159.0010828552768,0.7484714812599123,0.75,0.0481075409317742,10,unreviewed
2023-12-24,2023-12-21,2023-12-28,1.1022732860158158,8.814857437731497,673.5469493750352,672.853764903266,674.5983725781552,1.7446076748892665,2.25,0.0776982318667251,12,unreviewed
2025-01-04,2024-12-30,2025-01-10,1.102253950533899,3.306693151716818,1062.600635886713,1060.7077239863577,1064.199845272582,3.492121286224574,1.25,0.0727074533696961,1,unreviewed
2023-07-21,2023-07-18,2023-07-24,1.101721413938397,26.441398029956577,244.37823637282165,244.3196380981244,244.81861832085997,0.498980222735554,0.75,0.0320367203863012,7,unreviewed
2023-12-24,2023-12-21,2023-12-28,1.1009343974518615,4.379213285493043,266.76136585374724,265.2768210833892,268.5201947754249,3.243373692035675,1.0,0.0759467974069516,12,unreviewed
2022-07-15,2022-07-12,2022-07-18,1.100627399897041,2.5609783050351833,38.77179077991332,38.26594917429611,39.448754732031375,1.1828055577352643,0.75,0.0504878304348491,7,unreviewed
2022-07-31,2022-07-29,2022-08-02,1.099688443946153,37.12416242583507,1182.5103409969297,1181.954229510855,1183.2016823855229,1.2474528746679423,2.75,0.0751078407159184,7,unreviewed
2022-12-27,2022-12-20,2023-01-04,1.0986017274899071,3.240010646914907,651.5411494951777,650.1778199416585,653.1683585671708,2.990538625512272,1.25,0.0710123345088864,12,unreviewed
2022-06-23,2022-06-15,2022-07-01,1.0984200363324117,14.501940304270605,1026.7847300712515,1026.285943038296,1027.5331661105156,1.24722307221964,0.75,0.0408137005483375,6,unreviewed
2025-02-03,2025-01-28,2025-02-10,1.0979809337753337,28.762253459519645,793.4157554469845,793.1715641729534,793.9204197535291,0.7488555805757642,0.75,0.0513869691245637,2,unreviewed
2023-02-04,2023-02-03,2023-02-06,1.0976744352006915,21.491833481204225,479.3854208932462,478.5910673816688,480.33749931072816,1.7464319290593266,1.25,0.0739138667415838,2,unreviewed
2022-07-31,2022-07-29,2022-08-02,1.0972039592648903,30.683552995959396,1065.8079464278555,1064.6986549212595,1066.9436099780723,2.244955056812614,1.75,0.0741882844615412,7,unreviewed
2024-05-19,2024-05-14,2024-05-24,1.096934821831113,2.2282904427108745,490.38455202917504,488.57068279990926,492.313039007131,3.7423562072217464,0.75,0.0720594522124085,5,unreviewed
2021-03-30,2021-03-08,2021-04-21,1.096746020206074,21.07741004063911,1073.5664436197364,1072.6805167924613,1074.925472850911,2.244956058450043,1.5,0.0719822357488173,3,unreviewed
2023-02-04,2023-02-03,2023-02-06,1.096216165629032,22.941437790613715,536.5183205800247,535.9738667551428,537.2213189136237,1.2474521584808826,1.25,0.0534098322798976,2,unreviewed
2019-02-02,2019-01-30,2019-02-06,1.0958368783208512,7.210328756675381,280.2345646918494,279.49776695482433,281.2441983479075,1.746431393083185,2.5,0.0741068223936448,2,unreviewed
2024-11-15,2024-11-12,2024-11-19,1.0951548971618896,3.6637004279061096,846.2637911464257,844.7515422687866,847.9904928221367,3.2389505533501506,1.0,0.0740827837969389,11,unreviewed
2019-12-04,2019-12-02,2019-12-06,1.095027906706462,13.572278028543105,863.6146541727388,862.9374282998033,864.4325271244161,1.4950988246127963,2.25,0.0728088943145949,12,unreviewed
2021-12-28,2021-12-21,2022-01-04,1.0947439246123745,3.666276153731415,1009.3326705783904,1008.0773200811818,1010.8211416299456,2.7438215487636626,1.5,0.0730326398920994,12,unreviewed
2022-02-13,2022-02-10,2022-02-16,1.0933092318541486,2.4903916148944303,611.3008204152547,611.0555850141682,611.8034473839216,0.7478623697534204,0.75,0.0510210961805166,2,unreviewed
2022-09-27,2022-09-26,2022-09-28,1.0919168900385732,3.389014628783557,35.7480865066397,35.46600089687854,36.18214918859303,0.7161482917144895,1.0,0.048544410640636,9,unreviewed
2022-08-13,2022-08-10,2022-08-17,1.0916800615713538,27.739169025366543,904.301122204517,904.0636894889176,904.8120460710488,0.7483565821312368,0.75,0.0497388679149354,8,unreviewed
2021-01-06,2020-12-17,2021-01-26,1.0913524187116477,44.44453087034379,1001.8089033700765,1001.3426234391518,1002.5898465118372,1.2472230726853013,1.25,0.0568001815322781,1,unreviewed
2023-01-21,2023-01-20,2023-01-23,1.0909307180882948,2.470181568166519,597.7019281246644,596.1010654787533,599.5933235371485,3.4922580583952367,0.75,0.0698041143386691,1,unreviewed
2018-10-22,2018-10-08,2018-11-05,1.0885635561215017,26.914286435831336,865.0066860666694,864.6812800285406,865.6781348595396,0.9968548309989274,1.75,0.0630084855826909,10,unreviewed
2024-12-28,2024-12-27,2024-12-30,1.0879450078177313,2.980578720137143,262.82838260380834,261.2849769415334,264.77784002153203,3.492863079998642,0.75,0.0703355212383185,12,unreviewed
2019-12-14,2019-12-14,2019-12-15,1.0876967651789284,5.175195873067955,966.3236949687508,965.6736802589148,967.4197688237764,1.7460885648615658,1.5,0.0632214201117543,12,unreviewed
2024-01-18,2024-01-10,2024-01-26,1.087154685587513,4.969005252774725,912.6546388522398,911.2972513744608,914.0410731732844,2.743821798823774,1.5,0.0681776909913037,1,unreviewed
2025-06-07,2025-06-02,2025-06-13,1.0868658384366852,2.9085855012181927,612.4688624734877,611.5539572946727,613.5477513582446,1.9937940635718403,0.75,0.0549268067737183,6,unreviewed
2021-10-30,2021-10-27,2021-11-03,1.085775254884056,39.34929710114539,1186.877687459565,1186.4450620431453,1187.4428518689238,0.9977898257784544,1.0,0.0689174447880438,10,unreviewed
2022-04-18,2022-04-15,2022-04-22,1.085374760918289,15.920489979334528,1117.0108012794926,1116.5876621101052,1117.585624288302,0.997962178196758,2.0,0.0642301861042313,4,unreviewed
2022-07-31,2022-07-29,2022-08-02,1.0851323189240618,31.571625460221465,1170.810746117135,1169.9786750944331,1171.725109361112,1.746434266678989,2.75,0.0732407711630521,7,unreviewed
2019-11-24,2019-11-22,2019-11-26,1.0849078402162604,4.236349921866748,517.0949709845938,515.2661588019691,519.0085151377134,3.7423563357442617,1.25,0.0750863598913335,11,unreviewed
2019-08-30,2019-08-29,2019-09-01,1.0820329035453229,2.8887788211951757,608.5718466718379,608.3145364788361,609.3115852372721,0.9970487584359944,0.75,0.0344554582604141,8,unreviewed
2020-02-03,2020-02-02,2020-02-05,1.081970531023011,31.99682926238736,1048.726149569659,1048.4854969312437,1049.2338535129093,0.7483565816655755,0.75,0.0397522176827877,2,unreviewed
2023-01-14,2023-01-09,2023-01-20,1.0812227468530096,10.926424902657477,1088.8718890129123,1087.8962290510535,1090.3911364022642,2.4949073512107134,1.5,0.0722795767578698,1,unreviewed
2022-07-31,2022-07-29,2022-08-02,1.0809401369544132,27.755573460839596,779.3210141000907,778.1905974522233,780.6872322489507,2.4966347967274487,1.75,0.073340479663462,7,unreviewed
2018-08-22,2018-08-08,2018-09-06,1.0782487626166408,41.74731897630854,1158.262062504536,1158.00312067708,1158.75159215834,0.7484714812599123,0.75,0.063278442072205,8,unreviewed
2018-11-30,2018-11-27,2018-12-04,1.076409584051221,3.0845374974366586,1035.4251927478838,1034.517238155939,1036.7621942129915,2.2449560570530593,1.5,0.0741104582964562,11,unreviewed
2023-01-14,2023-01-09,2023-01-20,1.0760515657731484,5.784994698879489,1137.1929445429305,1135.7984467186034,1138.7923344671726,2.99388774856925,1.25,0.0723379593936057,1,unreviewed
2023-03-29,2023-03-22,2023-04-06,1.0753359658246604,3.665991813481481,837.0944524156274,836.2814033702016,838.0256239422597,1.7442205720581114,1.25,0.0703132522630219,3,unreviewed
2023-12-24,2023-12-21,2023-12-28,1.074396760383683,3.5921713685573504,391.14096987595855,388.0260569662787,395.0117863682098,6.985729401931167,0.75,0.0736641791090509,12,unreviewed
2023-02-04,2023-02-03,2023-02-06,1.074225173574802,24.22834113823179,627.7897853027627,627.2526885922998,628.9972960194573,1.7446074271574616,1.25,0.0560406384608294,2,unreviewed
2025-05-09,2025-05-05,2025-05-14,1.0738122051045729,2.621197674736047,612.9187898741525,612.5507026002742,613.5477513582446,0.9970487579703332,0.5,0.0426014457062283,5,unreviewed
2024-01-03,2023-12-28,2024-01-10,1.073643612176763,3.314566546878256,82.72904360392276,82.13179303100333,83.78125632135198,1.649463290348649,1.0,0.0628608262903985,1,unreviewed
2024-02-19,2024-02-16,2024-02-23,1.0736001385287113,3.0576453533464516,410.9791510820315,409.7317188521847,412.47611267259344,2.7443938204087317,1.0,0.065406991776743,2,unreviewed
2019-02-02,2019-01-30,2019-02-06,1.0733893817758189,5.570397303648816,995.6080290289608,994.6079270467162,996.8528828546404,2.24495580792427,1.5,0.0726875637173026,2,unreviewed
2022-07-31,2022-07-29,2022-08-02,1.0719740244995095,39.41724676360514,1056.4478741162095,1055.719060066156,1057.714582126122,1.9955220599658787,2.0,0.0742220485406137,7,unreviewed
2023-02-04,2023-02-03,2023-02-06,1.071280067816264,22.09844278013705,632.2366253737604,631.73804060556,632.9842752562836,1.2462346507236362,2.0,0.0573899859384315,2,unreviewed
2023-11-21,2023-11-16,2023-11-27,1.0712122065119882,2.8160656033608116,465.849058393948,464.61960490001366,467.1145084956661,2.4949035956524312,1.0,0.0646669851769444,11,unreviewed
2022-07-31,2022-07-29,2022-08-02,1.0706469867147947,16.007006318479835,427.404598179706,425.9485945929773,428.9424788844772,2.993884291499853,2.5,0.0794838913993836,7,unreviewed
2023-03-19,2023-03-17,2023-03-22,1.0694161273594855,3.04163827993712,653.2672811712614,651.9221239173785,654.9126615477726,2.990537630394101,1.0,0.0696564104340723,3,unreviewed
2024-03-03,2024-02-27,2024-03-08,1.06705726093816,5.243762351814755,101.87321568606068,101.61122486693785,102.6091854753904,0.9979606084525584,0.75,0.0954859309244955,3,unreviewed
2023-02-02,2023-02-02,2023-02-03,1.06593131216538,15.682855617382057,472.0796426990078,470.6073747482151,473.8507495117374,3.243374763522297,1.5,0.0733232370077983,2,unreviewed
2021-11-16,2021-11-15,2021-11-18,1.0657385186989126,4.75765636446242,44.70322470445832,44.099172722548246,45.51530761504546,1.4161348924972117,1.0,0.0610176577796326,11,unreviewed
2023-01-14,2023-01-09,2023-01-20,1.0651107392618402,3.805256499507338,150.64357648718865,149.762836325448,151.75875778775662,1.9959214623086152,1.0,0.0700555344156909,1,unreviewed
2023-12-24,2023-12-21,2023-12-28,1.0625410537150992,9.128312799526965,677.7899417577613,676.840744884219,679.0837240936235,2.2429792094044387,2.5,0.0776839633646903,12,unreviewed
2020-07-05,2020-07-02,2020-07-08,1.0616231173042303,19.53724053777856,1124.1809343994566,1123.5734016057104,1125.0703451759182,1.4969435702078044,3.25,0.0733454613707905,7,unreviewed
2022-08-06,2022-08-02,2022-08-10,1.0615848205755307,12.722151557290708,279.4103692407694,278.74929580511525,280.2462373119779,1.4969415068626404,0.75,0.0475216847145631,8,unreviewed
2021-10-16,2021-10-12,2021-10-21,1.0612361581758052,1.711995919123486,503.6880243772959,502.5421459078789,505.2865406717174,2.7443947638385,0.75,0.0741077295105016,10,unreviewed
2022-09-27,2022-09-26,2022-09-28,1.0583857339061369,40.85262167019413,1216.144100012145,1214.8804540126584,1217.873710800428,2.9932567877694964,1.75,0.079573785192818,9,unreviewed
2022-05-15,2022-05-12,2022-05-18,1.0574900021132114,1.8561518113771032,545.1521119948771,544.4565418520942,546.452465064358,1.9959232122637331,1.0,0.0653645654752263,5,unreviewed
2023-02-04,2023-02-03,2023-02-06,1.0570389240318494,15.9336265146981,469.5807184539189,468.86094193859026,470.60737461410463,1.7464326755143702,1.75,0.0839265185118324,2,unreviewed
2022-07-31,2022-07-29,2022-08-02,1.0552104735402668,27.333503207908983,562.3935589749649,561.4218925442547,563.4178162538446,1.995923709589988,2.0,0.0694876643925508,7,unreviewed
2023-01-21,2023-01-20,2023-01-23,1.053779336015813,4.124350596560661,990.8788045916156,989.8686961233616,992.3630854273216,2.494389303959906,1.75,0.0767661544255701,1,unreviewed
2024-04-06,2024-04-04,2024-04-09,1.0530820735888846,2.2363255941363738,62.875421908164896,61.132186570670456,64.88161083543673,3.749424264766276,0.75,0.0738533724567713,4,unreviewed
2023-02-04,2023-02-03,2023-02-06,1.0521159232182684,16.170047088437098,364.59801258599174,363.5760044869967,366.569888537284,2.9938840502873063,1.5,0.0857084454816865,2,unreviewed
2022-10-28,2022-10-25,2022-11-01,1.0513459968028465,28.054748908335807,537.9373951512999,536.9718288243748,538.9677515379153,1.9959227135404944,1.5,0.071073773087476,10,unreviewed
2024-07-26,2024-07-23,2024-07-29,1.0480076322911296,2.26818251424068,30.72772895294985,30.56609351979569,31.048912710044533,0.482819190248847,1.75,0.0611866491888285,7,unreviewed
2020-07-27,2020-07-23,2020-07-31,1.047764192336545,0.1236624541848702,40.37190353089603,40.13258011126891,40.848728402517736,0.7161482912488282,0.5,0.0287484849810781,7,unreviewed
2022-06-23,2022-06-15,2022-07-01,1.0457888545549172,24.751138110864197,1013.06823959044,1012.816550754942,1013.5649073356764,0.7483565807342529,0.75,0.0319914203088406,6,unreviewed
2025-10-19,2025-10-17,2025-10-22,1.0454363250588086,2.2071009609831487,78.76068247951525,76.76522651221603,80.74798011407256,3.9827536018565297,0.75,0.0690373626623623,10,unreviewed
2025-11-07,2025-11-05,2025-11-10,1.045239664495958,4.523980793667985,167.55469666179414,166.2291902094148,168.97358219139278,2.7443919819779694,1.0,0.0700963026265594,11,unreviewed
2025-03-03,2025-02-28,2025-03-07,1.0450291572331545,2.5253570354242165,916.319788981012,914.5398823227732,918.281436356716,3.7415540339425206,1.0,0.0711629233425033,3,unreviewed
2019-12-14,2019-12-14,2019-12-15,1.0444706736683709,5.177144280622485,958.4738200894648,957.4423856399952,959.9367744433694,2.4943888033740222,1.25,0.0720046311256432,12,unreviewed
2019-09-20,2019-09-16,2019-09-24,1.0440935693984712,39.50749836914056,1197.5316141682813,1197.1706925928593,1198.168482418172,0.9977898253127933,0.75,0.0680391623506521,9,unreviewed
2019-12-13,2019-12-13,2019-12-14,1.0439803632704745,3.890068303378724,269.9265825531477,268.76968520414084,271.51407763082534,2.744392426684499,1.5,0.0736882102703726,12,unreviewed
2019-01-13,2019-01-07,2019-01-19,1.0419185148003995,4.12908561495736,790.6737350619521,789.6760047371499,791.9229570403695,2.2469523032195866,1.5,0.070216428691632,1,unreviewed
2019-01-13,2019-01-07,2019-01-19,1.0403457292777747,3.775159263869917,907.2828250467098,906.0591554576532,908.8029770078138,2.7438215501606464,1.25,0.0737140333592558,1,unreviewed
2023-03-19,2023-03-17,2023-03-22,1.0403056861184503,40.99637566243837,1147.0165822457134,1146.776038349606,1147.524509832263,0.7484714826568961,0.75,0.059805084192041,3,unreviewed
2024-12-09,2024-12-03,2024-12-16,1.0395827885848516,3.837860855854451,30.04171298720903,29.86610621633008,30.58225450804457,0.7161482917144895,0.75,0.0426805247335295,12,unreviewed
2022-07-15,2022-07-12,2022-07-18,1.0386977224932414,0.9941644603747164,30.09870127457482,29.86610621633008,30.58225450804457,0.7161482917144895,0.75,0.0372899753764676,7,unreviewed
2023-01-05,2023-01-04,2023-01-06,1.0368819336236883,5.947446610079464,681.3775317870487,680.827724120114,682.3231449085288,1.4954207884147763,2.0,0.0708547489788574,1,unreviewed
2023-02-04,2023-02-03,2023-02-06,1.0354822318504795,31.909644080800273,611.5698929194165,611.0555850141682,612.3018199130893,1.2462348989211025,1.5,0.0590840824339313,2,unreviewed
2023-01-14,2023-01-09,2023-01-20,1.033556293106523,44.478192863197854,1012.1968931725288,1011.3199512786232,1013.3154740897008,1.9955228110775352,1.25,0.0614587470689554,1,unreviewed
2023-02-04,2023-02-03,2023-02-06,1.03352816309896,21.130963263193166,758.0210515274173,757.4669275875203,758.9648314039223,1.4979038164019585,1.75,0.0694518258413221,2,unreviewed
2019-12-26,2019-12-22,2019-12-30,1.0324624038102113,13.51708326282817,931.042261203958,930.2541713230312,932.0002601374872,1.7460888144560158,2.0,0.0706667304218204,12,unreviewed
2019-02-02,2019-01-30,2019-02-06,1.032110498039326,2.485438270232535,918.0511241320348,916.5353477904572,920.0274690780788,3.4921212876215577,0.75,0.0646326262671461,2,unreviewed
2023-12-02,2023-11-27,2023-12-08,1.03075726379524,2.6497160534758235,672.9159379028913,671.6078339545056,674.5983725781552,2.990538623649627,1.0,0.0701446549291818,12,unreviewed
2024-04-12,2024-04-09,2024-04-16,1.030437854108479,2.5083353600833664,513.0101817691791,511.7732925559394,514.5176868224517,2.744394266512245,1.0,0.0751104133588075,4,unreviewed
2022-10-28,2022-10-25,2022-11-01,1.0297680979638906,28.58436532629629,947.6176164195296,946.9661928066052,948.4628488761372,1.4966560695320368,3.5,0.0769828066466696,10,unreviewed
2018-12-22,2018-12-18,2018-12-26,1.0294408293393185,3.635772518850217,277.6008641518902,276.25439296709374,278.9987858943641,2.744392927270382,1.0,0.0686731701151156,12,unreviewed
2021-06-22,2021-06-01,2021-07-14,1.0280937699749413,37.297432464242206,1109.5380575811566,1109.3524309215136,1110.100902404636,0.7484714831225574,0.75,0.0801479975985718,6,unreviewed
2023-02-04,2023-02-03,2023-02-06,1.025809501090301,20.733106083319747,605.2197044473638,604.3275572434068,606.3213513079099,1.993794064503163,1.0,0.0648455682315936,2,unreviewed
2023-02-04,2023-02-03,2023-02-06,1.0246712649306255,23.889819002610626,546.537776490067,545.9534844569862,547.4504271326587,1.4969426756724715,1.5,0.0570222021006778,2,unreviewed
2022-10-28,2022-10-25,2022-11-01,1.023451196021676,42.644734554324806,1033.9315469531853,1033.0206394307315,1035.016161491163,1.99552206043154,3.0,0.0782805637118859,10,unreviewed
2023-02-04,2023-02-03,2023-02-06,1.0234320476573264,33.538072786588316,596.7234065147832,596.1010654787533,597.5980081544258,1.4969426756724715,1.25,0.0614320651932119,2,unreviewed
2019-11-29,2019-11-26,2019-12-02,1.0231194989480197,18.62962137534064,700.8049481129506,700.0398901589215,702.037159465719,1.9972693067975344,2.25,0.0709586807774204,11,unreviewed
2025-04-18,2025-04-15,2025-04-21,1.0225446737823904,25.435063525392255,919.08789226476,918.5308127584868,919.7780358330348,1.2472230745479465,1.5,0.0565308235911818,4,unreviewed
2022-09-27,2022-09-26,2022-09-28,1.0219260007335755,42.64189950839325,1033.8822891702653,1033.0206394307315,1035.016161491163,1.99552206043154,3.0,0.0769105347134866,9,unreviewed
2021-02-01,2021-01-26,2021-02-08,1.0215312450398617,2.770995099800616,625.9009074183073,624.5116405552253,627.7513650720939,3.2397245168685913,0.75,0.0737810112989794,2,unreviewed
2023-02-04,2023-02-03,2023-02-06,1.021244269064703,25.782307773678426,635.7479381936895,635.2266475604847,636.4728822112083,1.2462346507236362,1.75,0.067020522168127,2,unreviewed
2022-07-31,2022-07-29,2022-08-02,1.0205256128626217,41.2849351158694,1169.0880501658353,1168.2322402209977,1170.228165183682,1.995924962684512,1.5,0.0717296483164962,7,unreviewed
2022-10-28,2022-10-25,2022-11-01,1.0187354590997386,8.139999275090846,314.9931793898719,313.9274279982783,315.9233505865559,1.995922588277608,2.25,0.0740006971567804,10,unreviewed
2020-01-30,2020-01-27,2020-02-02,1.0184527244560977,2.351425062412163,568.4341633541476,567.1601734440774,570.1540582282469,2.993884784169495,1.0,0.0757410231527499,1,unreviewed
2025-01-26,2025-01-24,2025-01-28,1.0182334850401702,2.529189481577158,634.131843145028,632.9839713075198,635.4761376497336,2.49216634221375,1.0,0.0671189740886287,1,unreviewed
2023-02-04,2023-02-03,2023-02-06,1.0174258232487492,32.56008884272542,226.52570826418776,225.85735745262355,227.60378984129056,1.7464323886670172,1.75,0.0738410445899794,2,unreviewed
2021-06-22,2021-06-01,2021-07-14,1.0172786864686143,17.51844914613827,869.0743506930603,867.9198622410186,870.4114480516873,2.4915858106687665,1.25,0.0682714140075354,6,unreviewed
2023-03-29,2023-03-22,2023-04-06,1.0171719670829384,3.4955530912593034,906.892276253192,904.8119892282411,909.0524102533236,4.240421025082469,0.75,0.0748377652602592,3,unreviewed
2023-10-22,2023-10-18,2023-10-26,1.015509739363318,2.4799846161537817,560.5489078263298,558.9269883679226,562.4198541846126,3.4928658166900277,0.75,0.0682600453052888,10,unreviewed
2023-12-24,2023-12-21,2023-12-28,1.0144359340191909,7.6297196600768755,665.7091915392166,664.381433902774,667.1227863878012,2.741352485027164,1.5,0.074809473623864,12,unreviewed
2023-02-19,2023-02-17,2023-02-21,1.0142510618630574,2.7569814104557206,525.5286734799914,523.7488343971781,527.4911907324567,3.742356335278601,0.75,0.0737283241674428,2,unreviewed
2024-02-03,2024-01-30,2024-02-08,1.0123535026167527,3.6178029175588255,368.21164433793143,367.3183591645211,369.5637716809288,2.2454125164076686,1.0,0.0651156139457165,2,unreviewed
2019-01-13,2019-01-07,2019-01-19,1.0102832962286878,3.6068007732024,858.468918375378,856.9585063722916,859.9483356783167,2.989829306025058,1.0,0.0722095354399084,1,unreviewed
2021-11-20,2021-11-18,2021-11-22,1.0092190338804743,28.600728317722066,780.6145919376645,779.9383766693063,781.4362804857083,1.4979038164019585,1.0,0.0551018505855491,11,unreviewed
2020-02-03,2020-02-02,2020-02-05,1.007509590161464,39.757458011155755,1196.8872065855062,1196.422392857727,1197.420182682108,0.9977898243814708,0.75,0.0452289133997116,2,unreviewed
2023-02-04,2023-02-03,2023-02-06,1.0071263733843774,3.0557633432580107,315.2413441908024,313.9274279982783,316.6718218703754,2.7443938720971346,1.0,0.0665528216392093,2,unreviewed
2019-01-13,2019-01-07,2019-01-19,1.003055131735492,4.274409214508208,1122.9433832451216,1121.577476033941,1124.321873087436,2.7443970534950495,1.25,0.0739301948450066,1,unreviewed
2022-12-27,2022-12-20,2023-01-04,1.001343255488111,2.8036486723099947,609.0584518559076,608.8129087593406,609.5607716259547,0.7478628666140139,0.75,0.0372766586035941,12,unreviewed
2025-01-12,2025-01-10,2025-01-14,1.0000023086309209,2.9203166358734234,624.2661528328617,622.7673365809023,626.0070613441058,3.2397247632034123,1.0,0.0660729345157971,1,unreviewed
2023-12-02,2023-11-27,2023-12-08,0.9998831771133044,2.3324590439121415,323.26474416163967,320.66366706509143,326.40194457629696,5.738277511205524,1.0,0.0647481052171735,12,unreviewed
2023-02-04,2023-02-03,2023-02-06,0.9997624239101078,34.1680346651534,623.5035612396348,623.0165229695849,624.5119445044547,1.49542153486982,1.25,0.0584752954922412,2,unreviewed
2025-02-15,2025-02-10,2025-02-20,0.9991164316965204,3.3527417457339266,648.0113795153158,646.1908407076262,650.4273100309074,4.236469323281199,1.0,0.0711921741434438,2,unreviewed
2022-01-27,2022-01-20,2022-02-03,0.999098780272706,37.377262216251815,1059.593585709831,1059.2111245100386,1060.2089143367484,0.9977898267097772,1.0,0.0682997799977713,1,unreviewed
2023-02-04,2023-02-03,2023-02-06,0.9978500200034932,17.61202163539206,766.8467654957681,766.2058246755041,767.7037284909748,1.497903815470636,1.0,0.0663397160963123,2,unreviewed
2018-05-05,2018-03-26,2018-06-15,0.9963324341631146,11.40793904431604,375.71138416606806,375.3020498710685,376.3000112436712,0.997961372602731,0.5,0.0506114845896639,5,unreviewed
2025-11-13,2025-11-10,2025-11-17,0.995668852898235,2.459501476546677,320.74265239720046,318.917234566994,322.6595891537145,3.7423545867204666,0.75,0.066306271738755,11,unreviewed
2023-02-04,2023-02-03,2023-02-06,0.9948041202488984,30.687908389263864,521.5719054510337,521.5034202388488,522.2518908656202,0.74847062677145,0.75,0.0633964341820488,2,unreviewed
2019-09-20,2019-09-16,2019-09-24,0.9947088150348052,40.72691868738074,1023.7527553430303,1023.542177583091,1024.2905339142308,0.7483563311398029,0.75,0.0427037528733715,9,unreviewed
2020-04-12,2020-04-08,2020-04-16,0.994646255394926,13.853281625994724,1040.1735346872672,1039.2564688296989,1041.2519916417075,1.9955228120088575,1.5,0.0703417743963233,4,unreviewed
2024-08-24,2024-08-21,2024-08-27,0.9940595794500572,28.618184767208827,565.9248293384129,565.6632303404622,566.4117014645599,0.7484711240977049,1.0,0.0461238845566537,8,unreviewed
2019-01-13,2019-01-07,2019-01-19,0.9940550262559288,3.350381448979057,59.17135212953367,58.33223922876641,60.21503162197769,1.8827923932112751,1.0,0.0616647481023714,1,unreviewed
2020-11-10,2020-11-09,2020-11-11,0.9931914163119936,37.42752648421604,1178.2509709738376,1177.712886678055,1178.7108488562517,0.997962178196758,0.75,0.1247850023784376,11,unreviewed
2021-02-01,2021-01-26,2021-02-08,0.9931038452906672,3.9736219453456534,1113.9294691529087,1112.8453006707132,1115.0907165780663,2.2454159073531628,1.25,0.0690422848866182,2,unreviewed
2022-07-31,2022-07-29,2022-08-02,0.9927298596468832,31.90232004102,934.844087649617,933.9956690128892,935.7417575782164,1.7460885653272271,2.5,0.0714339505273237,7,unreviewed
2024-01-03,2023-12-28,2024-01-10,0.9926753460623824,2.742623733550936,494.61832011741507,492.56252936599776,497.8018274134956,5.2392980474978685,0.75,0.0724579813633013,1,unreviewed
2020-04-12,2020-04-08,2020-04-16,0.9921466141907416,0.7246297021586379,32.66361939498659,32.43272468959913,33.14887274708599,0.7161480574868619,0.75,0.0366665927758435,4,unreviewed
2018-01-11,2017-12-21,2018-02-01,0.991967480306661,3.4409409052536613,1169.408354776108,1168.481730917003,1170.4776558796875,1.995924962684512,1.25,0.0647213824468175,1,unreviewed
2023-06-04,2023-06-02,2023-06-06,0.991883152656495,2.748249260528143,426.26940714206313,424.45165175711736,428.19400746701285,3.742355709895491,0.75,0.0697392629187902,6,unreviewed
2018-12-22,2018-12-18,2018-12-26,0.991493449137088,3.918138983505489,472.17924729391257,471.1063551953994,473.35176906501874,2.2454138696193695,1.25,0.0700466565671085,12,unreviewed
2023-02-04,2023-02-03,2023-02-06,0.9900731644315168,20.656198469693003,429.6768468975117,428.6929887952283,430.93840166926384,2.2454128740355372,1.0,0.065628417514417,2,unreviewed
2025-02-15,2025-02-10,2025-02-20,0.989467090632209,14.153460119655843,1201.0384835529394,1200.1638915375806,1201.9099810984917,1.7460895609110594,2.25,0.0714376607839758,2,unreviewed
2023-02-04,2023-02-03,2023-02-06,0.9886916754348234,22.911695107270667,527.6529062200933,526.9922101260163,528.4891528007574,1.496942674741149,1.0,0.052818574256158,2,unreviewed
2023-03-29,2023-03-22,2023-04-06,0.987678184319772,3.621295337985137,107.59231672837052,106.35153881227598,109.0959307947196,2.7443919824436307,1.0,0.068528165254937,3,unreviewed
2022-07-31,2022-07-29,2022-08-02,0.9873995662626036,41.94517613012502,1192.875427831098,1191.433726950083,1194.6764169833623,3.2426900332793593,1.0,0.0725698838935898,7,unreviewed
2023-02-04,2023-02-03,2023-02-06,0.9869521681600578,11.134489353783668,314.32506239048604,313.67793781962246,315.17487930180505,1.4969414821825922,2.0,0.0743216306394944,2,unreviewed
2025-06-07,2025-06-02,2025-06-13,0.9859631270737532,10.650141146831926,38.51903979157759,38.03262007376179,39.448754732031375,1.4161346582695842,1.25,0.0588520240970339,6,unreviewed
2023-01-07,2023-01-06,2023-01-09,0.9855738601620028,6.251434444683452,1006.8817610695544,1005.8324208664708,1008.3268101704308,2.494389303959906,1.25,0.0714922067615305,1,unreviewed
2023-02-04,2023-02-03,2023-02-06,0.9848940620413218,12.847540583231243,375.5172189285093,375.05255969194695,376.3000112436712,1.2474515517242253,1.0,0.0496833293136071,2,unreviewed
2022-07-31,2022-07-29,2022-08-02,0.9839590979318616,28.784829972662713,1194.5539203760648,1193.6786271580495,1195.674149964936,1.9955228068865836,2.25,0.0728191551446147,7,unreviewed
2020-08-17,2020-08-14,2020-08-20,0.9836883388125044,2.4897991152342995,616.6433690615165,616.288495447021,617.2855444545858,0.9970490075647832,0.75,0.050243987014197,8,unreviewed
2025-01-12,2025-01-10,2025-01-14,0.9831120167063396,4.7710131956463995,1062.8892403139455,1061.2065904773772,1065.1975782569498,3.990987779572606,1.25,0.0721609080280754,1,unreviewed
2023-11-21,2023-11-16,2023-11-27,0.9798418877340324,1.9150504484162203,555.9409167106717,554.9351410865784,557.4300448349677,2.4949037483893335,1.0,0.0674329926641554,11,unreviewed
2023-05-18,2023-05-15,2023-05-22,0.9795729997903444,2.7274563853082805,914.3262783385956,913.0432833470404,916.0365381427108,2.9932547956705093,0.75,0.0646908825013529,5,unreviewed
2018-05-05,2018-03-26,2018-06-15,0.9785434789370588,11.962417125834875,375.8984750842864,375.55154029792175,376.3000112436712,0.7484709457494318,0.5,0.0571627829073334,5,unreviewed
2022-10-28,2022-10-25,2022-11-01,0.9780571603805904,32.07708340427953,222.34336576979015,221.8655133107677,223.1129646841437,1.2474513733759522,1.5,0.0606615363417964,10,unreviewed
2019-02-17,2019-02-15,2019-02-19,0.9779230594576191,3.314988320495999,649.9032493164997,648.9318892429583,651.1748686991632,2.242979456204921,1.0,0.0668986562231815,2,unreviewed
2020-01-04,2019-12-30,2020-01-10,0.9775101533599124,1.8300718000771816,504.68335199658674,503.540107477922,506.0350122223608,2.494904744438827,1.0,0.070229685981433,1,unreviewed
2023-12-24,2023-12-21,2023-12-28,0.976558161551861,2.8963439679654903,440.0577886797243,438.67260421346873,441.6664887550287,2.9938845415599644,1.0,0.0743158087337658,12,unreviewed
2025-01-12,2025-01-10,2025-01-14,0.9760227558203328,3.352299223793336,165.33232960001143,163.9837784068659,166.9776604785584,2.9938820716924965,1.0,0.0726782917933644,1,unreviewed
2023-02-25,2023-02-21,2023-03-02,0.9760017362803136,8.72199250265722,1006.1919475160042,1005.0841211294756,1007.8279436775484,2.743822548072785,1.5,0.0711798165351156,2,unreviewed
2018-03-13,2018-03-01,2018-03-26,0.9733708632891844,7.637043979391203,707.9657043525876,707.0310080279596,709.2779600797221,2.2469520517624915,1.5,0.0682727003289799,3,unreviewed
2025-02-03,2025-01-28,2025-02-10,0.9719481460552428,2.729170541092529,344.8363973059043,343.3672870444134,346.36117109376937,2.9938840493559837,0.75,0.0628218351363232,2,unreviewed
2024-02-03,2024-01-30,2024-02-08,0.9710869062671558,7.936568871536049,1008.5673684211284,1007.8278868347406,1009.573975900188,1.7460890654474497,3.0,0.0712977119849665,2,unreviewed
2019-11-24,2019-11-22,2019-11-26,0.9709469423270872,3.236119396139322,1073.9448647507904,1071.6827838090248,1076.1726388302632,4.489855021238327,0.75,0.0717245179014863,11,unreviewed
2025-02-24,2025-02-20,2025-02-28,0.970941515917646,2.389994356584825,544.2547946990271,543.2090897634625,545.454502995126,2.245413231663406,1.0,0.0680944964789184,2,unreviewed
2020-07-05,2020-07-02,2020-07-08,0.970934966802803,34.48780570846377,1191.194097205456,1190.9348604599943,1191.6832170393318,0.7483565793372691,0.75,0.0419932498775719,7,unreviewed
2025-03-03,2025-02-28,2025-03-07,0.9705062804569512,2.9777097118690903,802.4547165828692,800.6569975488819,805.1415568371303,4.48455928824842,0.75,0.0684411563905226,3,unreviewed
2018-05-05,2018-03-26,2018-06-15,0.9690750181874528,40.10417013958392,1086.8960382233104,1086.6487755677665,1087.3972470504232,0.7484714826568961,1.0,0.0423426348574386,5,unreviewed
2020-06-21,2020-06-19,2020-06-24,0.9687513047966524,34.51064870555059,216.11933963075197,215.8777468507178,216.62621720787135,0.7484703571535647,0.75,0.0648412110965272,6,unreviewed
2022-09-27,2022-09-26,2022-09-28,0.9668922917691368,30.387973889643817,1202.4082672084676,1201.411057763733,1203.4065805706196,1.9955228068865836,2.25,0.0780317311485213,9,unreviewed
2022-09-03,2022-08-30,2022-09-08,0.9668757006782016,9.32081220302718,67.94499003013273,66.96541011845693,69.31486094743013,2.349450828973204,1.75,0.0754943691569185,9,unreviewed
2025-04-11,2025-04-08,2025-04-15,0.9667869445789516,2.7446908608827516,624.4071513006357,623.5148957464844,625.5086890640669,1.9937933175824585,0.75,0.0654133490301248,4,unreviewed
2018-02-15,2018-02-01,2018-03-01,0.9649921128768952,16.23320517237256,391.7655838217467,391.5189217114821,392.2673926567659,0.7484709452837706,0.75,0.0428770828291736,2,unreviewed
2023-12-17,2023-12-13,2023-12-21,0.9646241149952532,25.492219309651844,243.8206578292884,243.8206578292884,244.0701479185373,0.2494900892488658,0.75,,12,unreviewed
2023-02-02,2023-02-02,2023-02-03,0.9645660461769804,15.57193298384265,544.3463930296508,542.9595992458053,545.9534840295091,2.993884783703834,1.75,0.0665721462024133,2,unreviewed
2023-02-02,2023-02-02,2023-02-03,0.9626920637441096,13.058190230180932,348.79228323303977,347.6086230748333,349.8540358413011,2.24541276646778,2.25,0.0697167485758192,2,unreviewed
2019-11-24,2019-11-22,2019-11-26,0.9622253301596476,2.6222996899411424,957.1525109626124,956.1952199093066,958.4401749665848,2.2449550572782755,1.25,0.0522917103761768,11,unreviewed
2023-02-02,2023-02-02,2023-02-03,0.9613886651453516,23.960144192257555,542.5500788683082,541.7121466598473,543.708070369903,1.9959237100556493,1.25,0.0653177820386432,2,unreviewed
2019-11-29,2019-11-26,2019-12-02,0.9603880227698964,18.114136985769353,1082.7369491910351,1081.9095448949374,1083.655634460505,1.7460895655676725,2.0,0.0687150610689791,11,unreviewed
2021-01-06,2020-12-17,2021-01-26,0.96001154222522,2.604205251079519,1096.8616950364922,1093.6345160617493,1100.370764253661,6.736248191911727,0.5,0.0689817831664217,1,unreviewed
2019-11-01,2019-10-29,2019-11-05,0.9594839954315032,29.736913577999783,212.64223508599443,212.384882977698,213.13335358537736,0.7484706076793373,0.75,0.0428290985780628,11,unreviewed
2020-12-02,2020-11-18,2020-12-17,0.9594778829243168,3.029434154745407,650.2875324889264,648.9318892429583,651.9224278661422,2.9905386231839657,1.0,0.0676221190934192,12,unreviewed
2022-09-27,2022-09-26,2022-09-28,0.9589320609815624,5.331618780493722,670.5039345000188,669.8635309739038,671.3589517637156,1.4954207898117602,2.5,0.0752693669995057,9,unreviewed
2023-02-04,2023-02-03,2023-02-06,0.9578670501630814,29.519091278121348,211.76343880822256,211.13743180874735,212.6343730669469,1.496941258199513,1.75,0.0715585303874556,2,unreviewed
2022-07-31,2022-07-29,2022-08-02,0.9570110496668688,38.20953184520426,1206.0642369443349,1205.152557194233,1206.898647005204,1.7460898109711709,2.25,0.0684357954786064,7,unreviewed
2023-12-24,2023-12-21,2023-12-28,0.9562788586274454,7.568526483601039,583.1116774332897,582.3790910132229,584.1255232105032,1.746432197280228,2.25,0.0719872695038343,12,unreviewed
2023-02-04,2023-02-03,2023-02-06,0.9561647792841363,17.87867831722886,379.5592162446862,379.04440529458225,380.29185634851456,1.2474510539323092,1.0,0.058068401534267,2,unreviewed
2020-01-04,2019-12-30,2020-01-10,0.955625693573792,18.952586131781185,1021.4530853866744,1020.7984126266092,1022.2950689462014,1.496656319592148,1.75,0.063816288014461,1,unreviewed
2021-02-01,2021-01-26,2021-02-08,0.9554885987697496,5.611934457087878,1070.842083566752,1069.9367520865053,1072.181707144715,2.244955058209598,1.5,0.0688330977911273,2,unreviewed
2023-03-29,2023-03-22,2023-04-06,0.954913524114031,3.715810345017908,1093.717408068606,1092.3870625803247,1095.6304410253651,3.2433784450404346,1.25,0.0719719377418772,3,unreviewed
2025-01-12,2025-01-10,2025-01-14,0.9542356595415418,2.495507705581583,499.2683951738697,497.302846851293,501.29469339130446,3.9918465400114655,0.75,0.0729636841402126,1,unreviewed
2025-04-11,2025-04-08,2025-04-15,0.9537695496823028,2.5266228261945756,543.9638329149826,543.2090897634625,545.2050124774687,1.9959227140061555,1.0,0.0639446599204698,4,unreviewed
2020-11-10,2020-11-09,2020-11-11,0.9535244256696156,31.862050510702417,1237.1682464963212,1236.8305816026405,1237.828371427022,0.9977898243814708,1.0,0.0500993948178345,11,unreviewed
2024-01-03,2023-12-28,2024-01-10,0.9534870645287504,4.104547169017699,399.7424455825853,399.0036315629259,400.7500641942024,1.746432631276548,1.5,0.0665828382847093,1,unreviewed
2019-09-03,2019-09-01,2019-09-05,0.9526636224891848,22.503907433861617,1090.7907747456854,1089.6426649210043,1091.8880805806257,2.245415659621358,1.5,0.0691699653019083,9,unreviewed
2024-08-24,2024-08-21,2024-08-27,0.9526261366032752,0.7393617369544109,40.12911183997258,39.89925124309957,40.61539930058643,0.7161480574868619,0.75,0.0394431622261293,8,unreviewed
2023-01-14,2023-01-09,2023-01-20,0.9523221329295252,5.984413224632271,918.1418010873248,917.034214282874,919.5286025861278,2.4943883032537997,1.75,0.06922092742434,1,unreviewed
2024-05-19,2024-05-14,2024-05-24,0.9515565102181428,2.2473282843540923,500.3100122844069,498.55029871640727,502.2926554596051,3.742356743197888,0.75,0.0739747402309839,5,unreviewed
2019-11-29,2019-11-26,2019-12-02,0.950969023430484,8.475283919000443,83.1874198149819,82.59845076361671,84.01458518858999,1.4161344249732792,1.75,0.0669043368566128,11,unreviewed
2025-03-28,2025-03-24,2025-04-01,0.950378480389232,3.5740750852489716,719.7998307406923,718.5164153138176,721.5124156023376,2.9960002885200083,1.0,0.0674716120490271,3,unreviewed
2021-02-01,2021-01-26,2021-02-08,0.9483137627831306,2.2350165722498203,48.6248499447064,48.06576486630365,49.01524202525616,0.9494771589525044,0.5,0.0299195486782399,2,unreviewed
2021-01-06,2020-12-17,2021-01-26,0.9475632342221478,3.643012805162297,734.86020304896,734.246430021245,735.7443340872414,1.4979040659964085,1.5,0.0663320056030293,1,unreviewed
2023-01-05,2023-01-04,2023-01-06,0.9471529477703782,3.9964303259310574,541.7193192524561,540.9636751082726,542.710108300671,1.7464331923983991,1.75,0.0649665196242982,1,unreviewed
2024-11-15,2024-11-12,2024-11-19,0.9465842974844576,3.4580329939379832,942.1065455225116,940.9797969018108,943.474185955245,2.4943890534341335,1.25,0.070214064239497,11,unreviewed
2023-02-04,2023-02-03,2023-02-06,0.9455019471047738,14.234618591657073,826.7687055433768,825.5691692498513,828.5589985554107,2.9898293055593967,1.25,0.0850410082304338,2,unreviewed
2023-02-04,2023-02-03,2023-02-06,0.945294620840608,20.99690903562809,513.5293894348001,513.020745142363,514.2681963057257,1.2474511633627117,1.25,0.0565462482954399,2,unreviewed
2025-11-07,2025-11-05,2025-11-10,0.9449343571517326,3.7901057601230375,426.0549944951148,424.9506327030249,427.4455360490829,2.4949033460579813,1.25,0.0687364229274189,11,unreviewed
2019-01-21,2019-01-19,2019-01-23,0.9443212352574034,38.22274921037093,1177.9727915379617,1177.712886678055,1178.4613581607118,0.7484714826568961,0.75,0.0801299667921964,1,unreviewed
2022-01-04,2022-01-04,2022-01-04,0.943900220731796,1.9883106889654385,511.5275551283724,511.2743115215562,512.0227826451883,0.7484711236320436,0.75,0.0567507585343493,1,unreviewed
2023-02-04,2023-02-03,2023-02-06,0.9421496735205812,25.140797883299022,802.8655362916678,801.9026062837802,804.145070349332,2.242464065551758,1.5,0.0742510539738798,2,unreviewed
2024-02-19,2024-02-16,2024-02-23,0.9421077591855874,14.889325650738469,876.5447704178007,875.6426353971474,877.6359777157195,1.993342318572104,1.5,0.0656741376910777,2,unreviewed
2022-07-31,2022-07-29,2022-08-02,0.9418779788133892,28.778728701196123,615.3326674419361,614.5441919704899,616.2887991480529,1.7446071775630116,2.5,0.0693852271061863,7,unreviewed
2021-01-06,2020-12-17,2021-01-26,0.9407728624630616,14.284798132085315,1006.2206236470952,1005.3335543749854,1007.3290771865286,1.9955228115431964,1.75,0.0698705494953554,1,unreviewed
2022-10-01,2022-09-28,2022-10-05,0.9407176004082928,26.498982147484156,947.7387394630184,946.9661928066052,948.4628488761372,1.4966560695320368,0.75,0.0519789409451742,10,unreviewed
2019-12-10,2019-12-10,2019-12-11,0.9404522676983766,6.817048890468823,32.19943868743622,31.966066955123097,32.68221477884799,0.7161478237248957,1.0,0.0351190402650253,12,unreviewed
2025-02-15,2025-02-10,2025-02-20,0.9399368835465108,2.9060381286270154,914.7177092369374,912.544416854158,918.281436356716,5.737019502557814,0.75,0.0640052508652752,2,unreviewed
2021-11-20,2021-11-18,2021-11-22,0.9399097514993052,39.36488416310467,1104.7537232957943,1104.113126300741,1105.6100698709488,1.4969435702078044,1.0,0.0531615276288021,11,unreviewed
2020-07-27,2020-07-23,2020-07-31,0.9396414249083178,15.005567544352834,33.6225778052032,33.36604086123407,34.08218891732395,0.7161480560898781,0.75,0.0383461047654854,7,unreviewed
2024-07-13,2024-07-08,2024-07-18,0.938474310270812,12.94111462316461,439.3718249862125,438.4231139901094,440.6685271137394,2.2454131236299872,1.5,0.0667543502891058,7,unreviewed
2020-04-12,2020-04-08,2020-04-16,0.936200582342442,6.8779460205529395,416.35588601090416,415.46999773103744,417.4659201330506,1.9959224020130932,2.0,0.0691771850598425,4,unreviewed
2020-04-12,2020-04-08,2020-04-16,0.9361943450902108,13.690839518434847,585.0868456974966,584.1255236389115,586.1214473485015,1.995923709589988,2.0,0.0710238370480463,4,unreviewed
2024-02-03,2024-01-30,2024-02-08,0.9357246176246776,30.144579045876824,539.6341442346228,538.9677519663237,540.4646943928674,1.4969424265436828,1.5,0.0648870428039491,2,unreviewed
2019-12-26,2019-12-22,2019-12-30,0.935378886733501,2.3767876492416633,615.907742216881,615.540936530102,616.5379855362698,0.9970490061677992,0.5,0.0430087151510981,12,unreviewed
2021-12-28,2021-12-21,2022-01-04,0.9352439125952172,19.719640906663955,913.3991909438038,912.7938501001336,914.2905064197256,1.496656319592148,2.75,0.0684302189405522,12,unreviewed
2023-02-04,2023-02-03,2023-02-06,0.934887266512636,23.473055440580577,783.0014947339081,782.1855221274309,783.683426193893,1.4979040664620695,1.5,0.0684431936857584,2,unreviewed
2021-02-01,2021-01-26,2021-02-08,0.9348563297415692,7.332260399998078,489.92653547580426,489.0696632466279,491.0655866446905,1.9959233980625868,1.5,0.0678322653534554,2,unreviewed
2022-11-10,2022-11-07,2022-11-14,0.9334774603908133,13.162844305805791,1177.404796421214,1176.4654331966303,1178.7108488562517,2.245415659621358,1.25,0.0657388924509636,11,unreviewed
2023-02-04,2023-02-03,2023-02-06,0.9332572230145286,18.89249932531933,684.414095735009,683.8179587945342,685.3133795834146,1.4954207888804376,1.0,0.0603987252563758,2,unreviewed
2019-07-26,2019-07-22,2019-07-31,0.9330411645972392,0.4211717628718706,36.81362224195387,36.39931730134413,37.58212285861373,1.182805557269603,0.5,0.0364496989047616,7,unreviewed
2023-10-29,2023-10-26,2023-11-01,0.9327593031689102,2.717274211213622,516.9515433663487,515.5156493191607,518.5095341019332,2.9938847827725112,0.75,0.0639079514293047,10,unreviewed
2019-01-13,2019-01-07,2019-01-19,0.9325437437317992,3.8395035146020104,396.48250122274135,395.2612771349959,398.2551601892337,2.9938830542378128,1.0,0.0707650113284885,1,unreviewed
2023-02-02,2023-02-02,2023-02-03,0.9305915461559492,20.208932706367396,651.6449235970504,650.1778199416585,654.414289267268,4.236469325609505,1.25,0.0675458320528371,2,unreviewed
2020-12-02,2020-11-18,2020-12-17,0.929625645275422,3.2370095159754735,915.5356680293992,911.7961173667572,918.0320033608004,6.235885994043201,0.75,0.0696243416225683,12,unreviewed
2023-02-04,2023-02-03,2023-02-06,0.9293140321539504,15.70315899672296,318.91278666833415,318.418254208751,319.66570501355454,1.2474508048035204,1.25,0.0564764523451529,2,unreviewed
2024-01-03,2023-12-28,2024-01-10,0.9283191280505482,3.2307548989102863,646.7244045664172,646.1908407076262,647.4370753569528,1.2462346493266525,0.75,0.0536053903163839,1,unreviewed
2020-07-05,2020-07-02,2020-07-08,0.92796067316482,2.053967490708923,568.825989799085,567.9086449965835,570.1540582282469,2.245413231663406,1.0,0.0691309667124489,7,unreviewed
2023-02-02,2023-02-02,2023-02-03,0.9279135819104742,9.26325006834393,281.1055736661916,280.49572749249637,281.99266924895346,1.4969417564570904,1.75,0.0637916025393409,2,unreviewed
2022-02-13,2022-02-10,2022-02-16,0.9272419545902162,1.866682781529878,569.2418255596289,568.4076255331747,570.1540582282469,1.7464326950721445,1.0,0.070201520746567,2,unreviewed
2025-05-30,2025-05-27,2025-06-02,0.9260579369991634,31.75061745607423,566.3980932824721,566.162211375311,566.9106824994087,0.7484711240977049,0.75,0.0746491593078805,5,unreviewed
2021-01-06,2020-12-17,2021-01-26,0.9248099252002182,3.5342453541973295,221.7661160103136,220.86755252443257,223.1129646841437,2.2454121597111225,1.5,0.0683124350214624,1,unreviewed
2019-01-13,2019-01-07,2019-01-19,0.9247582183792216,3.752854710511782,933.4177610908694,931.7507700482385,934.99345809035,3.242688042111695,1.25,0.0710440835988752,1,unreviewed
2021-02-22,2021-02-08,2021-03-08,0.9243161219410724,4.876939904788923,959.8336442081288,958.9389846157284,960.9345066775568,1.995522061828524,1.0,0.0605785277140129,2,unreviewed
2024-08-10,2024-08-07,2024-08-14,0.9241212701813692,40.49306095506527,1154.752981403953,1154.510250929743,1155.258722411003,0.7484714812599123,0.75,0.0375888964046354,8,unreviewed
2024-05-12,2024-05-10,2024-05-14,0.9237775975834288,2.2329799839980016,518.1104274983709,516.7631019051187,519.7569866888225,2.993884783703834,0.75,0.0666658097355725,5,unreviewed
2022-07-31,2022-07-29,2022-08-02,0.9235970915038572,31.219246910200305,1144.3414170696392,1143.782149994746,1145.0296028694138,1.2474528746679423,2.5,0.0686842711435355,7,unreviewed
2024-03-30,2024-03-25,2024-04-04,0.9220945998138782,2.7831171555744594,625.8775758478457,624.0132682756521,628.0005514598452,3.9872831841930743,1.25,0.0735919369174041,3,unreviewed
2020-07-05,2020-07-02,2020-07-08,0.921246707745566,3.015454544469753,112.21377338404726,111.34134309599176,113.33726456016302,1.9959214641712608,1.25,0.0628353526645667,7,unreviewed
2024-12-28,2024-12-27,2024-12-30,0.9210254724089244,2.9777192347069303,623.7290614665412,622.5181504404172,625.010316784028,2.4921663436107337,0.75,0.0672620754904848,12,unreviewed
2020-07-05,2020-07-02,2020-07-08,0.9196614477184786,2.220773752146286,526.8881321296951,525.495267520193,528.4891528007574,2.9938852805644274,0.75,0.0656506790543295,7,unreviewed
2021-12-28,2021-12-21,2022-01-04,0.9192966932079968,2.7330299551340955,629.580362627449,629.2461782111786,630.243226969149,0.9970487579703332,0.75,0.0476155824623206,12,unreviewed
2024-06-02,2024-05-29,2024-06-07,0.9180814893557878,3.3762470000324747,207.50752140751553,206.1476261341013,209.8899795981124,3.742353464011103,1.0,0.0684964236003322,6,unreviewed
2019-01-13,2019-01-07,2019-01-19,0.9179976606858,3.8621174934172378,446.990403410162,445.90782542945817,448.40272977249697,2.4949043430387974,1.0,0.0691537041169421,1,unreviewed
2021-11-20,2021-11-18,2021-11-22,0.9177729948604316,33.984833883588706,1191.1898853813586,1190.9348604599943,1191.6832170393318,0.7483565793372691,0.75,0.0439370525940647,11,unreviewed
2023-02-04,2023-02-03,2023-02-06,0.9177146141795474,26.999416282143052,621.6353050326825,621.2722197398543,622.2692682491615,0.9970485093072056,1.25,0.0518227569850429,2,unreviewed
2021-11-24,2021-11-22,2021-11-27,0.9147067616635632,37.24509843698219,1109.5961795908663,1109.3524309215136,1110.100902404636,0.7484714831225574,0.75,0.0417687012785875,11,unreviewed
2019-01-13,2019-01-07,2019-01-19,0.91376362675368,7.0704157869513375,1072.6162026274003,1071.6827838090248,1073.9277398665436,2.2449560575187206,1.25,0.0651893283434096,1,unreviewed
2023-02-25,2023-02-21,2023-03-02,0.9120895482548202,6.376856656918953,1072.0673121071895,1071.1839178167284,1073.179440128151,1.995522311422974,1.5,0.0674788243715773,2,unreviewed
2022-07-31,2022-07-29,2022-08-02,0.9111495319710524,24.59546166848346,767.1080988542719,766.2058246755041,768.4527767277323,2.2469520522281528,1.25,0.0660958280633558,7,unreviewed
2024-02-03,2024-01-30,2024-02-08,0.9109805648081089,3.4683234284887203,370.4984928877096,369.5637720199302,371.8091852837242,2.2454132637940347,1.0,0.0604849459700785,2,unreviewed
2024-09-14,2024-09-11,2024-09-17,0.9109362803172673,2.2308917895243674,516.776297762216,515.2661588019691,518.5095341019332,3.2433752999641,0.75,0.0715075236527194,9,unreviewed
2024-11-15,2024-11-12,2024-11-19,0.9108602482125688,3.1334939620845614,530.4139030174259,529.4871148001403,531.4830380119383,1.995923211798072,1.5,0.0653611154570167,11,unreviewed
2021-01-06,2020-12-17,2021-01-26,0.9106083255949496,3.810987111143654,843.5088361038531,842.2603252977133,845.250153854955,2.989828557241708,1.0,0.0683884766943701,1,unreviewed
2023-11-12,2023-11-09,2023-11-16,0.9095728169795222,3.4581255872885177,424.81814391466656,423.2041993942112,426.4475751547143,3.2433757605031133,1.0,0.069164797709978,11,unreviewed
2025-01-19,2025-01-14,2025-01-24,0.9090246248809202,4.488533269933279,1079.9131725000116,1079.6646466804668,1080.413003262598,0.7483565821312368,0.75,0.0363396849620274,1,unreviewed
2022-12-27,2022-12-20,2023-01-04,0.908929070176738,38.63611852952955,1229.1596154788629,1228.5992845059372,1230.0959408222698,1.496656316332519,1.0,0.0635142255365226,12,unreviewed
2023-02-04,2023-02-03,2023-02-06,0.9082111624449244,11.398433653057827,317.61490766380126,316.6718219597824,318.9172344771214,2.245412517338991,1.25,0.0700099555113275,2,unreviewed
2023-02-04,2023-02-03,2023-02-06,0.90795506086831,18.93210284391562,587.3634544917651,586.6204288112931,588.6163515248336,1.9959227135404944,1.25,0.0686306397182218,2,unreviewed
2023-12-24,2023-12-21,2023-12-28,0.9076332186531794,4.716678806048347,933.0058411366198,932.0002030441536,934.494592097588,2.4943890534341335,1.25,0.0666708732321257,12,unreviewed
2025-07-12,2025-07-11,2025-07-14,0.9074726094082254,2.5026008752211544,57.99477147400171,57.63225239422172,58.58172931801528,0.9494769237935544,0.75,0.049979276188146,7,unreviewed
2023-02-04,2023-02-03,2023-02-06,0.9069373907942644,25.566140791722187,779.1225858547745,778.1905974522233,780.1878667585552,1.997269306331873,1.5,0.0774496223648827,2,unreviewed
2020-02-22,2020-02-22,2020-02-23,0.9048082423726144,39.7386850878088,1196.9193705252749,1196.6718261023052,1197.420182682108,0.7483565798029304,0.75,0.0517349302283806,2,unreviewed
2018-10-22,2018-10-08,2018-11-05,0.9047353288940314,2.8722186729573105,39.287110248243216,39.19926464278251,39.68208359880373,0.4828189560212195,0.75,0.0374603757909452,10,unreviewed
2021-11-16,2021-11-15,2021-11-18,0.9037202160934,1.5262274143637593,31.272015000158568,30.799422620795667,31.982228178996593,1.1828055582009256,1.5,0.075759946205214,11,unreviewed
2023-02-04,2023-02-03,2023-02-06,0.9032980164898686,22.15272147248363,781.3392212369318,780.1880594152026,782.6846952121705,2.496635796967894,1.0,0.068931133330121,2,unreviewed
2019-02-02,2019-01-30,2019-02-06,0.9032542933517278,5.712715202305601,968.9813630032116,967.6691452269442,970.4129667766392,2.743821549694985,1.25,0.067095671594946,2,unreviewed
2019-02-23,2019-02-19,2019-02-27,0.9030808353671774,8.522971719044882,126.62274980233406,125.8117757658474,127.80769723001868,1.9959214641712608,1.5,0.0645724070915444,2,unreviewed
2023-03-29,2023-03-22,2023-04-06,0.9026545191771737,33.60478634935485,1194.7950897570563,1194.4269268941134,1195.1752834739164,0.7483565798029304,0.75,0.093379947610617,3,unreviewed
2023-02-04,2023-02-03,2023-02-06,0.9017067063281172,20.02865246264144,459.01698690188795,458.3823450761847,459.8792875292711,1.4969424530863762,1.25,0.049780981930321,2,unreviewed
2019-09-13,2019-09-11,2019-09-16,0.9001284320235288,3.2423587238739726,403.0941731013651,402.9954780838452,403.4944586455822,0.4989805617369711,0.75,0.0267424462410539,9,unreviewed
2019-11-29,2019-11-26,2019-12-02,0.8997346119176494,25.196013119701284,927.776457723331,926.7621071278118,929.007062935736,2.24495580792427,1.25,0.0636599590643403,11,unreviewed
2019-11-24,2019-11-22,2019-11-26,0.8978742890671653,39.47884664145019,1196.6750884959315,1196.422392857727,1197.1707494375296,0.7483565798029304,0.75,0.0559842187664886,11,unreviewed
2019-08-24,2019-08-19,2019-08-29,0.8961303533433157,36.74361853475127,1106.8569444865195,1106.6080332631243,1107.3565047443844,0.7484714812599123,0.75,0.0402171485311384,8,unreviewed
2023-02-04,2023-02-03,2023-02-06,0.8957542470337732,21.203318348680064,404.2070085268441,403.74394950130954,404.9914009831846,1.2474514818750322,1.25,0.0551264319652922,2,unreviewed
2023-02-04,2023-02-03,2023-02-06,0.8953451456599271,21.05547309572595,724.238209180809,723.7597532169893,725.0079750376754,1.2482218206860125,2.25,0.081439263573493,2,unreviewed
2024-11-08,2024-11-04,2024-11-12,0.8946022265466664,18.709155721057613,901.0940478737888,900.821058542002,901.5694148717448,0.7483563297428191,0.75,0.0498855866311426,11,unreviewed
2022-01-27,2022-01-20,2022-02-03,0.8938397848339219,2.8864065703575816,119.238206381206,118.3270690916106,120.322990804445,1.995921712834388,1.0,0.0677481860303655,1,unreviewed
2021-12-14,2021-12-13,2021-12-16,0.8931404017412348,8.021936138203046,355.1313658707646,354.344861890655,356.3407842288725,1.9959223382174969,1.25,0.0642140884977147,12,unreviewed
2022-07-31,2022-07-29,2022-08-02,0.8925177992235143,28.09244482203431,1163.0548864791483,1162.4939532107674,1163.7414060849696,1.2474528742022812,2.5,0.0678351131055551,7,unreviewed
2023-01-21,2023-01-20,2023-01-23,0.8924191258932165,4.581076897507382,1030.991050009962,1029.7780074821785,1032.272396785207,2.4943893030285835,1.0,0.0696717347606453,1,unreviewed
2019-11-29,2019-11-26,2019-12-02,0.8922767917973001,12.573666587513546,776.810670189332,775.9434527428821,777.9407220510766,1.997269308194518,1.5,0.0667852814868466,11,unreviewed
2025-02-15,2025-02-10,2025-02-20,0.8921912790692099,3.283757255543043,377.0761286008004,376.0505211544223,378.2959336712957,2.24541251687333,1.0,0.0611333374850299,2,unreviewed
2022-05-07,2022-05-03,2022-05-12,0.8921602175530985,2.120874837053083,569.3703976449425,568.4076255331747,570.6530392616987,2.2454137285239995,1.0,0.0727088958342061,5,unreviewed
2023-02-04,2023-02-03,2023-02-06,0.8919652410483504,22.822638289885777,773.05738900348,772.4478933094069,773.945798125118,1.497904815711081,1.5,0.0693633670770136,2,unreviewed
2022-11-10,2022-11-07,2022-11-14,0.890645001868568,2.505923917211067,696.8129142819051,695.5456007425673,698.2919182856567,2.74631754308939,1.0,0.0669886987242974,11,unreviewed
2023-02-02,2023-02-02,2023-02-03,0.8904533311075024,15.36664376285516,648.2126758287112,646.9383991267532,650.1781238918193,3.2397247650660574,1.5,0.0703171186627395,2,unreviewed
2019-02-17,2019-02-15,2019-02-19,0.8878003158709523,2.3947239946614536,988.4961703659302,987.12493141694,990.1181862126105,2.9932547956705093,1.0,0.0689178537341678,2,unreviewed
2019-02-02,2019-01-30,2019-02-06,0.8855831598203198,5.395848971953668,1037.6170147925664,1036.762137370184,1038.7576594324782,1.9955220622941852,1.5,0.0655060757048908,2,unreviewed
2020-11-10,2020-11-09,2020-11-11,0.8846677183103436,41.43228936096887,1181.2019046873522,1180.9562667259015,1181.954228904564,0.9979621786624192,1.0,0.0636862580178041,11,unreviewed
2021-11-20,2021-11-18,2021-11-22,0.8844542171664687,17.739285757101985,206.13899032877535,205.89813575148585,206.64660660689697,0.7484708554111421,0.75,0.0382423514161401,11,unreviewed
2025-03-14,2025-03-10,2025-03-18,0.8843847965491352,6.549415399182895,223.31751400206997,222.36449407693,224.3604158530943,1.995921776164323,1.5,0.0656741823033821,3,unreviewed
2023-02-04,2023-02-03,2023-02-06,0.883148323666818,16.030476201675327,251.67422990816644,251.0558752096258,252.8023075987585,1.7464323891326785,1.5,0.0722988269672331,2,unreviewed
2022-07-31,2022-07-29,2022-08-02,0.8828758181168358,36.58118673031866,958.7881307693248,957.9412516318262,959.9367744433694,1.9955228115431964,2.0,0.0683269265850194,7,unreviewed
2021-02-22,2021-02-08,2021-03-08,0.8822075589127827,0.1462915462695938,39.63511060122446,39.43259350955486,40.382070200517774,0.9494766909629108,0.75,0.0356233005774266,2,unreviewed
2025-10-19,2025-10-17,2025-10-22,0.8814368216545707,2.9756416781059865,306.28175638553967,305.44475693488494,307.4406790230423,1.9959220881573856,0.75,0.0600318076408665,10,unreviewed
2022-07-15,2022-07-12,2022-07-18,0.8811782875495866,0.9242852217365244,31.011288559442356,30.799422620795667,31.748899311758574,0.9494766909629108,0.75,0.0445416608499062,7,unreviewed
2023-02-04,2023-02-03,2023-02-06,0.8809516881760262,18.095622816001235,418.3892693243539,417.4659205158241,419.4618439129554,1.995923397131264,1.0,0.0654852417587202,2,unreviewed
2023-01-21,2023-01-20,2023-01-23,0.8801766472137746,2.552715108532273,542.7885945704762,541.7121466598473,543.9575608880259,2.2454142281785607,1.0,0.0631711643508094,1,unreviewed
2023-05-06,2023-05-02,2023-05-10,0.8800890761924482,2.5690993858700137,631.7981359929513,628.498619790189,634.4793925923295,5.980772802140564,1.0,0.0658645207002497,5,unreviewed
2023-12-17,2023-12-13,2023-12-21,0.879270748699712,3.025671566142929,632.0539800175719,630.7412960459478,633.4826475358568,2.7413514899089932,1.0,0.0751430249533487,12,unreviewed
2019-10-26,2019-10-24,2019-10-29,0.8792036358657042,1.9623940719674624,504.41310489628,503.04112644447014,506.0350122223608,2.993885777890682,0.75,0.0676382018291676,10,unreviewed
2021-10-11,2021-10-11,2021-10-12,0.8787267355601049,2.175653303368177,541.4499099815918,541.2131656254642,541.9616367490962,0.7484711236320436,1.25,0.0502221492911766,10,unreviewed
2023-02-04,2023-02-03,2023-02-06,0.8784743139623074,27.583775048074752,284.3660098964281,283.73910148022696,285.2360429861583,1.4969415059313178,1.5,0.082939099507027,2,unreviewed
2023-11-05,2023-11-01,2023-11-09,0.8784395100948571,2.218729244708692,535.3338003410175,533.9779426176101,536.9718283955008,2.993885777890682,0.75,0.0630479302951946,11,unreviewed
2018-02-15,2018-02-01,2018-03-01,0.8774978097529872,23.625093825566896,587.1194095970131,587.1194095970131,587.368899686262,0.2494900892488658,0.5,0.0233974379607464,2,unreviewed
2023-02-02,2023-02-02,2023-02-03,0.8769899726763213,13.91391869417613,516.1375046068127,515.0166682838462,517.5115727796219,2.4949044957756996,1.25,0.0645937912561364,2,unreviewed
2022-07-31,2022-07-29,2022-08-02,0.8762020829744732,25.214902299178675,531.9812477135065,531.4830384394154,532.7304905983619,1.247452158946544,2.0,0.0681079917010096,7,unreviewed
2022-09-03,2022-08-30,2022-09-08,0.8744497269601116,1.98614683342997,76.22478832201936,74.66526553872973,77.94803277263418,3.282767233904451,0.75,0.0689738644823846,9,unreviewed
2023-01-14,2023-01-09,2023-01-20,0.8742328577000318,12.32232652250799,1277.932460431187,1277.2387713468634,1278.98486090824,1.7460895613767209,1.5,0.0654888033076908,1,unreviewed
2021-02-01,2021-01-26,2021-02-08,0.8733082474292756,3.858298206119492,1015.0610716839076,1014.3131497311406,1016.0592387956568,1.746089064516127,1.0,0.0618789094698067,2,unreviewed
2023-12-02,2023-11-27,2023-12-08,0.8722815333394941,2.841775104649408,345.2331232301037,344.11575832916424,346.61066127289087,2.494902943726629,1.0,0.0619949758151757,12,unreviewed
2019-12-26,2019-12-22,2019-12-30,0.8720308581723215,33.13181451125491,519.2486023254252,519.0085155651905,519.7569866888225,0.7484711236320436,1.0,0.0478976251686442,12,unreviewed
2023-02-04,2023-02-03,2023-02-06,0.8712567527979046,13.773467296183384,679.5232765997555,679.0834201448597,680.0804689023644,0.9970487575046718,1.25,0.0440334820900988,2,unreviewed
2022-09-27,2022-09-26,2022-09-28,0.8698402728161938,28.980887826512895,1194.7510273760895,1193.9280604049563,1195.9235832109116,1.995522805955261,2.25,0.0730367516594914,9,unreviewed
2023-02-04,2023-02-03,2023-02-06,0.8696345682376084,18.359359551607017,244.1285812078808,242.82269654469565,245.31759908702224,2.4949025423265994,2.0,0.070655480685719,2,unreviewed
2024-12-28,2024-12-27,2024-12-30,0.8692847831324815,4.258785742940205,1086.1050308477616,1085.1521770935506,1087.3972470504232,2.245069956872612,1.25,0.065578563264212,12,unreviewed
2022-09-27,2022-09-26,2022-09-28,0.8681230949044164,14.847455245798391,333.77138404476045,332.88869305420667,335.1341060688719,2.245413014665246,2.75,0.0716847757736197,9,unreviewed
2021-11-24,2021-11-22,2021-11-27,0.86787366718769,39.162394778659944,1143.6103549077716,1143.532659298275,1144.281130780466,0.7484714821912348,0.75,0.0474155260184705,11,unreviewed
2019-02-17,2019-02-15,2019-02-19,0.8659467928558985,2.992688785350863,362.44024872788754,361.081100707408,364.074984756764,2.9938840493559837,0.75,0.066332184052247,2,unreviewed
2024-07-26,2024-07-23,2024-07-29,0.8652325027303792,40.05317688549046,1234.1910171829643,1233.8373826569878,1234.8351724827662,0.9977898257784544,1.0,0.0704999770632303,7,unreviewed
2022-08-06,2022-08-02,2022-08-10,0.8651882182395375,37.83660890857846,1032.975310550816,1032.272339942865,1034.018428506795,1.7460885639302433,2.0,0.0712134021649703,8,unreviewed
2023-01-05,2023-01-04,2023-01-06,0.86472404192849,3.487803290309727,214.55903285523257,212.63437311304733,217.374688109383,4.7403149963356555,0.75,0.0682085403998198,1,unreviewed
2020-12-02,2020-11-18,2020-12-17,0.8647027105258591,3.485590798729328,416.58805133407543,415.220507257618,418.2143915495835,2.9938842919655144,0.75,0.0652964945340441,12,unreviewed
2022-07-31,2022-07-29,2022-08-02,0.8632377047217898,34.32470091109616,1259.437282929316,1258.531275946647,1260.5267987526022,1.995522805955261,1.5,0.0661309453823294,7,unreviewed
2022-07-31,2022-07-29,2022-08-02,0.8630762222615235,21.55442239220064,764.3770382693734,763.2096314812079,765.7062665289268,2.4966350477188826,2.25,0.0694065517877057,7,unreviewed
2025-11-07,2025-11-05,2025-11-10,0.8629575273515634,14.254537408731425,33.619990066358305,33.36604086123407,34.08218891732395,0.7161480560898781,0.75,0.0381351852255056,11,unreviewed
2019-02-02,2019-01-30,2019-02-06,0.8627286825671998,13.871171369368613,992.2250732376792,991.614728845656,993.1113851647824,1.4966563191264868,2.0,0.0661885026904333,2,unreviewed
2024-05-05,2024-05-01,2024-05-10,0.8624011644525382,6.705676622341542,32.018922534685444,31.732738089747727,32.448885911144316,0.7161478213965893,0.75,0.039728498807597,5,unreviewed
2023-02-02,2023-02-02,2023-02-03,0.8620188208907645,17.434035026978055,508.8307769306771,507.78144527599216,510.2763490243815,2.4949037483893335,1.5,0.0676174868491421,2,unreviewed
2020-04-05,2020-04-02,2020-04-08,0.8611726752530768,2.2066984652048496,525.5200564901177,524.2478154315613,527.2417002152652,2.993884783703834,0.75,0.0633847308875189,4,unreviewed
2023-01-14,2023-01-09,2023-01-20,0.8608566960550433,13.804655322493536,588.4664753353927,587.6183901331387,589.6143135949969,1.9959234618581831,1.5,0.0648316938049146,1,unreviewed
2023-03-29,2023-03-22,2023-04-06,0.8607167944874969,3.5101268223787403,920.4133785917732,919.5285457437858,921.5240675550884,1.9955218113027513,1.25,0.0743194595073453,3,unreviewed
2025-01-12,2025-01-10,2025-01-14,0.8606603473548045,2.988837307980238,671.5824086645054,670.1127171134576,673.3524413811974,3.2397242677398026,0.75,0.0637610133692673,1,unreviewed
2023-02-02,2023-02-02,2023-02-03,0.8596250258569438,27.1204004415579,803.4391034385541,803.1482150191441,804.145070349332,0.9968553301878272,1.0,0.0427344572918982,2,unreviewed
2023-01-05,2023-01-04,2023-01-06,0.8587118297577709,4.235281954491275,438.0984990496439,437.1756618758663,439.17158452700824,1.995922651141882,1.25,0.0649739103960661,1,unreviewed
2023-11-12,2023-11-09,2023-11-16,0.8579740875638618,2.692068770763298,623.3437244621327,623.0165229695849,624.0135722244158,0.9970492548309268,0.75,0.0470290533428509,11,unreviewed
2024-11-15,2024-11-12,2024-11-19,0.8570611409547781,3.629082607130992,934.0367481579084,931.7507700482385,935.7417575782164,3.990987529978156,1.0,0.0666855729864367,11,unreviewed
2019-12-13,2019-12-13,2019-12-14,0.855608609655171,5.2459213511986,958.3658925793734,957.4423856399952,959.6873411973938,2.244955557398498,1.25,0.0653747445160213,12,unreviewed
2023-01-21,2023-01-20,2023-01-23,0.8551946432245849,3.974584806594374,443.6490332004499,442.664450280834,444.9098636531271,2.2454133722931147,1.25,0.0661419794922928,1,unreviewed
2019-04-12,2019-04-09,2019-04-15,0.8548621976806607,32.008970869890376,567.9112052126522,567.6591544793919,568.4076253529638,0.7484708735719323,0.75,0.049813563783326,4,unreviewed
2020-02-07,2020-02-05,2020-02-10,0.8543473748814958,39.632283338502155,1219.660402603923,1219.3702534274198,1220.118610008154,0.7483565807342529,1.0,0.0467553828789927,2,unreviewed
2019-12-04,2019-12-02,2019-12-06,0.8542162678395955,8.796978403834164,926.2064215044336,925.265508402139,927.2610302134416,1.9955218113027513,1.5,0.0661829930708357,12,unreviewed
2022-12-02,2022-11-28,2022-12-06,0.8531313601864968,3.2448897865184967,29.611880445086037,29.399448483251035,30.115596305578947,0.7161478223279119,0.75,0.0440818381104132,12,unreviewed
2024-02-25,2024-02-23,2024-02-27,0.8529355104664365,3.2208947660158858,363.2226772138575,362.07906216941774,364.5739651140757,2.4949029446579516,0.75,0.0575541146064441,2,unreviewed
2023-01-05,2023-01-04,2023-01-06,0.8521310920461758,1.971441750354616,508.55569968820106,507.78144527599216,509.7773684877902,1.995923211798072,0.75,0.0694548594780236,1,unreviewed
2022-06-23,2022-06-15,2022-07-01,0.85090653231562,26.75244716261812,1012.4437280135462,1012.3176842625252,1012.816607598681,0.4989233361557126,0.75,0.0261166155402239,6,unreviewed
2022-07-31,2022-07-29,2022-08-02,0.8508765311323878,32.60185552926147,1151.1982142955085,1150.5183987934142,1152.2648330610243,1.7464342676103115,1.5,0.064522411569042,7,unreviewed
2021-10-24,2021-10-21,2021-10-27,0.8505874344914707,2.6144896970891565,1027.562487482743,1025.5376432999035,1030.0274975714274,4.4898542715236545,0.5,0.0632316363294697,10,unreviewed
2020-10-30,2020-10-20,2020-11-09,0.8497550731812142,32.1583808167856,533.0702886391678,532.7304910263047,533.4789619012736,0.7484708749689162,0.75,0.0611215635543514,10,unreviewed
2019-11-24,2019-11-22,2019-11-26,0.8489579523460639,3.378585872151744,917.4702691734786,916.2859145449474,918.7803028477356,2.4943883027881384,1.0,0.0658493748228944,11,unreviewed
2022-12-27,2022-12-20,2023-01-04,0.8486974846928884,2.9178221944977514,900.7947057084764,899.8233263068832,902.0682813641616,2.2449550572782755,1.25,0.0676544407079816,12,unreviewed
2022-07-31,2022-07-29,2022-08-02,0.8481683162135913,32.06941798203307,604.6331011508234,603.8291849638335,605.5737923900597,1.744607426226139,2.0,0.0666775427716386,7,unreviewed
2023-10-22,2023-10-18,2023-10-26,0.8478591356204898,3.7416439670453583,875.5115966686003,874.1479059155099,877.1377342208289,2.9898283053189516,0.75,0.0630600871481529,10,unreviewed
2025-05-02,2025-04-29,2025-05-05,0.8478230843025933,41.4540275051067,1110.756128394717,1110.3503937073983,1111.3483558846638,0.9979621772654356,1.25,0.0579928171374797,5,unreviewed
2022-07-31,2022-07-29,2022-08-02,0.8477933326094503,38.50946798130163,1232.6054802793503,1232.091349940747,1233.3385730115697,1.2472230708226562,2.0,0.0645209244922275,7,unreviewed
2021-11-16,2021-11-15,2021-11-18,0.847134242166177,30.304563811262827,542.0136968088257,541.7121466598473,542.460617783945,0.7484711240977049,0.5,0.0313613421448593,11,unreviewed
2025-01-19,2025-01-14,2025-01-24,0.8470500392610557,2.384676687161739,524.2282138963966,523.249853362795,525.4952673404478,2.245413977652788,1.0,0.062615190942185,1,unreviewed
2024-07-26,2024-07-23,2024-07-29,0.8462693847717961,25.725920022458748,209.94100564504544,209.6404895088635,210.38896036380905,0.7484708549454808,1.75,0.0617654417911709,7,unreviewed
2023-02-02,2023-02-02,2023-02-03,0.8453104072412456,18.68236868635405,500.8589541684071,500.0472412328236,502.0431649428792,1.9959237100556493,1.25,0.0657878247135436,2,unreviewed
2021-01-06,2020-12-17,2021-01-26,0.8452310070203422,3.558596270507942,836.9044695564052,835.7831598767079,838.0256239422597,2.242464065551758,1.0,0.0659303758969783,1,unreviewed
2018-05-05,2018-03-26,2018-06-15,0.8451040165649144,36.29191840168865,1183.7389804017744,1183.4511736887507,1184.199645170942,0.7484714821912348,1.0,0.0845930189046919,5,unreviewed
2024-11-15,2024-11-12,2024-11-19,0.8448724273895694,3.80258419218008,196.7476602470441,195.66903572902083,198.16393762128428,2.4949018922634423,1.0,0.0633275527840027,11,unreviewed
2022-07-31,2022-07-29,2022-08-02,0.8442272460187719,6.94050249042444,101.19616210852251,100.61326376255602,102.11020529503004,1.4969415324740112,1.75,0.0761122644440972,7,unreviewed
2023-02-04,2023-02-03,2023-02-06,0.8442147715143091,22.078206086969956,806.102227600753,805.1411882438697,807.3836520602927,2.242463816422969,2.0,0.073077415774983,2,unreviewed
2022-08-13,2022-08-10,2022-08-17,0.843963223131824,10.115122041887489,34.76601429656148,34.76601429656148,35.015504385810345,0.2494900892488658,1.0,0.0233383080689112,8,unreviewed
2018-02-15,2018-02-01,2018-03-01,0.8436641468873369,13.851065763777967,349.711498695479,348.85607446730137,350.8519973042421,1.9959228369407356,1.5,0.0648969393001493,2,unreviewed
2023-01-05,2023-01-04,2023-01-06,0.8418888377847644,2.945133845250676,114.0358474679917,113.08777447091416,115.33318627253176,2.245411801617593,0.75,0.076764496334922,1,unreviewed
2022-11-10,2022-11-07,2022-11-14,0.8405030450840315,13.617581815310622,1102.2633012843353,1101.368727645371,1103.1151629085653,1.7464352631941438,2.25,0.0673208298954243,11,unreviewed
2023-02-04,2023-02-03,2023-02-06,0.8404001927947387,21.732087961267293,796.015776597469,795.4187088818289,796.9166126968339,1.4979038150049746,1.25,0.0647161628071988,2,unreviewed
2024-12-22,2024-12-17,2024-12-27,0.84013236518393,2.741874660485237,298.45755650807286,296.96208581794053,300.2054596003145,3.243373782373965,0.75,0.0641849789690715,12,unreviewed
2020-04-12,2020-04-08,2020-04-16,0.8400534015706828,6.310951825858077,965.3282239200896,964.9253805205226,965.9231703481636,0.9977898276410996,1.25,0.0517706869903844,4,unreviewed
2019-01-21,2019-01-19,2019-01-23,0.8388836049147173,33.99453402599488,1223.855051150695,1223.6106185987592,1224.3589751794934,0.7483565807342529,0.75,0.0703061142943124,1,unreviewed
2018-02-15,2018-02-01,2018-03-01,0.8386874433320451,1.943070295636201,505.4947111954191,504.2885790294968,506.78348327614367,2.494904246646911,0.75,0.0627435925897301,2,unreviewed
2024-08-31,2024-08-27,2024-09-05,0.8382873236014124,16.99206883030593,122.56763130542896,122.31891251774503,123.06738278688864,0.7484702691435814,0.75,0.0474254671269752,8,unreviewed
2024-01-03,2023-12-28,2024-01-10,0.8378412353218352,4.239105669098863,1072.806551623191,1071.1839178167284,1075.1749060959555,3.9909882792271674,0.75,0.0691898400835336,1,unreviewed
2025-02-03,2025-01-28,2025-02-10,0.8377232888821429,3.128142262578711,1065.3016990497388,1063.7009219373576,1067.1930432245135,3.4921212871558964,1.0,0.0574481009003409,2,unreviewed
2022-07-31,2022-07-29,2022-08-02,0.8366306470362775,11.52365862426584,268.2515870633829,267.52223353553563,269.26866542734206,1.7464318918064237,2.75,0.0709006996524244,7,unreviewed
2019-09-03,2019-09-01,2019-09-05,0.8362789283829589,40.48875412912325,1154.748357893676,1154.510250929743,1155.258722411003,0.7484714812599123,0.75,0.0408406277917555,9,unreviewed
2023-03-29,2023-03-22,2023-04-06,0.8357636066036154,7.306089933033563,1071.6071142859853,1070.6850518258289,1072.93000688171,2.2449550558812916,1.25,0.0666461803216215,3,unreviewed
2022-10-28,2022-10-25,2022-11-01,0.8354670252600207,36.422968369126735,964.64148186449,963.9276475366204,965.6737371021882,1.7460895655676725,2.0,0.0682247272309452,10,unreviewed
2022-09-27,2022-09-26,2022-09-28,0.8349084793227151,48.158454517378736,1016.0341289999012,1015.310882215388,1017.0569717795588,1.7460895641706884,2.5,0.0700011222750496,9,unreviewed
2024-11-15,2024-11-12,2024-11-19,0.8340563459228856,2.6984885444223883,623.602443371072,623.0165229695849,624.5119445044547,1.49542153486982,0.75,0.0552400966816059,11,unreviewed
2023-09-23,2023-09-18,2023-09-29,0.8337014462709289,15.503897284596714,424.2116434253776,423.7031803387217,424.95063231885433,1.2474519801326096,0.75,0.0406967456745718,9,unreviewed
2023-02-04,2023-02-03,2023-02-06,0.8322186642980006,18.731463908427024,577.6795090274519,576.8903006301261,578.8862243397161,1.995923709589988,1.25,0.0694930773521554,2,unreviewed
2023-02-04,2023-02-03,2023-02-06,0.8320835030421501,25.096197280830935,619.7448019244093,619.2787296250463,620.5249647712335,1.2462351461872458,1.5,0.0499505161225542,2,unreviewed
2019-12-04,2019-12-02,2019-12-06,0.8315634409511108,18.85299351765289,963.9108846992892,963.4287815447896,964.6760041173548,1.2472225725650787,1.0,0.0536000665813881,12,unreviewed
2024-01-18,2024-01-10,2024-01-26,0.8314149943480077,4.310073805903572,458.505766379924,457.134893709328,459.8792875292711,2.7443938199430704,1.5,0.0653982477650739,1,unreviewed
2023-10-29,2023-10-26,2023-11-01,0.8311835922902294,3.243104968753841,646.6347907376049,645.4432822871022,648.1846340256743,2.7413517385721207,0.75,0.0626521745425608,10,unreviewed
2023-02-04,2023-02-03,2023-02-06,0.8302528071397641,15.623469831221016,281.43684646351176,280.7452178755775,282.4916495173238,1.7464316417463124,1.5,0.0701786495051605,2,unreviewed
2023-02-04,2023-02-03,2023-02-06,0.8294531290311992,15.197444608641629,819.5582121616343,818.8428830797784,820.5871036513709,1.74422057159245,1.25,0.0649199518138532,2,unreviewed
2024-08-17,2024-08-14,2024-08-21,0.829111888961629,36.09099079034881,1047.412382605595,1047.2383312014863,1047.986687282566,0.7483560810796916,1.0,0.0485329527137805,8,unreviewed
2024-04-06,2024-04-04,2024-04-09,0.828270234145548,2.7384523098881894,68.11736691254987,66.73208125168458,69.31486094743013,2.5827796957455575,0.75,0.0648473452883869,4,unreviewed
2024-11-01,2024-10-29,2024-11-04,0.8273166206519166,31.25305956972645,568.2870918253116,568.1581352637149,568.6571156224236,0.4989803587086499,0.75,0.0394522965954621,11,unreviewed
2019-05-07,2019-05-02,2019-05-13,0.826914380255525,22.983972279143146,1097.1547525767453,1096.1294230241328,1098.3748386837542,2.245415659621358,1.25,0.0661386410048443,5,unreviewed
2022-06-23,2022-06-15,2022-07-01,0.8269121972172443,21.0606246090932,1031.1218388791694,1030.526307220105,1032.0229635392316,1.4966563191264868,1.5,0.0587787186454648,6,unreviewed
2018-10-22,2018-10-08,2018-11-05,0.8257498228914337,2.9965067225621267,38.96593577554449,38.965935775544494,39.21542586479336,0.2494900892488658,0.75,0.0245777456991562,10,unreviewed
2024-03-30,2024-03-25,2024-04-04,0.8256326249220092,2.7263016633299637,544.2921752178272,543.4585802806541,545.454502995126,1.995922714471817,0.75,0.0625617900137776,3,unreviewed
2024-02-03,2024-01-30,2024-02-08,0.8254526801951383,2.7827675318771705,283.69855024984463,282.99063032958657,284.4875723356381,1.4969420060515404,1.0,0.047608024394411,2,unreviewed
2020-03-11,2020-03-04,2020-03-19,0.8246428353654365,21.374519618111812,749.5524535014011,749.2273959913291,750.2259343164042,0.99853832507506,2.0,0.05988680649838,3,unreviewed
2019-12-26,2019-12-22,2019-12-30,0.8238329905357348,4.091426313427316,995.2201838779716,994.109061055351,996.6034496077336,2.4943885523825884,1.0,0.0642132334285464,12,unreviewed
2019-01-04,2019-01-02,2019-01-07,0.8234513954442286,26.124829914067025,629.396604905247,628.7478059302084,630.243226969149,1.495421038940549,2.0,0.0647618681130914,1,unreviewed
2023-07-28,2023-07-24,2023-08-01,0.8232218645621195,31.998527480836795,567.9133336074769,567.6591544793919,568.4076253529638,0.7484708735719323,0.75,0.0426952653824529,7,unreviewed
2023-02-04,2023-02-03,2023-02-06,0.8223476512893915,18.964084140306458,584.1447912562999,583.1275623161346,585.1234852797352,1.9959229636006055,1.25,0.0716949399436466,2,unreviewed
2018-12-22,2018-12-18,2018-12-26,0.8221333393027268,1.8692532890858655,569.1280363186088,568.1581352637149,570.4035487449728,2.245413481257856,1.0,0.0638733322810639,12,unreviewed
2021-02-22,2021-02-08,2021-03-08,0.8216875005132391,3.8725657304952903,34.70716999606144,34.53268542839214,35.015504385810345,0.4828189574182033,1.0,0.0224975873330069,2,unreviewed
2023-02-04,2023-02-03,2023-02-06,0.8212294990819003,13.684786238618583,410.4544347561948,409.7317188521847,411.2286605583504,1.4969417061656711,1.25,0.0865092214755083,2,unreviewed
2023-02-04,2023-02-03,2023-02-06,0.8209801337376962,18.271708461193136,325.7741171937553,325.15449277544394,326.6514350040816,1.4969422286376357,0.75,0.0485812380979462,2,unreviewed
2022-08-06,2022-08-02,2022-08-10,0.8209346017964083,9.269128084238332,641.4150191737195,640.7087436364964,642.7025377019309,1.9937940654344857,2.0,0.0690991581393875,8,unreviewed
2023-02-02,2023-02-02,2023-02-03,0.8209340404437074,13.87736278652068,308.06595580758807,306.94169850600883,309.4366016993299,2.494903193321079,1.0,0.0610623555909834,2,unreviewed
2021-11-16,2021-11-15,2021-11-18,0.8198483219478188,32.38359769340257,535.7213365238701,535.4748857198283,536.2233568443917,0.7484711245633662,1.0,0.0532925985792292,11,unreviewed
2022-07-31,2022-07-29,2022-08-02,0.8194298023231037,29.659341231890913,1069.6071058487023,1068.689585857093,1070.435675422661,1.7460895655676725,2.25,0.0655003578945392,7,unreviewed
2023-02-04,2023-02-03,2023-02-06,0.8184988924275939,21.47884536074304,634.1731077850235,633.7315297266468,634.7285789824091,0.9970492557622492,1.5,0.0583427523357678,2,unreviewed
2024-08-17,2024-08-14,2024-08-21,0.8179186408525234,43.36670190403818,1031.3886027185554,1031.025173712056,1032.0229635392316,0.9977898271754384,1.0,0.065852624085734,8,unreviewed
2019-06-20,2019-06-17,2019-06-24,0.8173594711899945,32.73882996501959,223.8824712725339,223.61194499814883,224.3604158530943,0.7484708549454808,0.75,0.0569702362013963,6,unreviewed
2021-11-03,2021-11-03,2021-11-04,0.8160653037245382,1.6975494986865751,503.9227097582336,503.04112644447014,505.0370501545258,1.9959237100556493,0.75,0.0634140932192206,11,unreviewed
2024-02-19,2024-02-16,2024-02-23,0.8158978958746523,3.5784122822890243,1233.53593280455,1231.592483450193,1235.58347221883,3.99098876863718,0.75,0.0607868411518753,2,unreviewed
2025-11-07,2025-11-05,2025-11-10,0.8154715173121259,2.7548355116802075,631.5991702903365,631.2396683250554,632.2367168352939,0.9970485102385284,0.75,0.0496745221011734,11,unreviewed
2023-10-10,2023-10-03,2023-10-18,0.8154417656189829,3.5065499076239437,872.6588469116023,870.4110797108151,874.8956389995292,4.484559288714081,0.75,0.0648796743383334,10,unreviewed
2023-02-04,2023-02-03,2023-02-06,0.8154282307816413,3.406826181508771,444.4006733677001,443.91190264420584,445.15935387741774,1.2474512332119048,1.0,0.0568483256441464,2,unreviewed
2023-02-02,2023-02-02,2023-02-03,0.8144608329605788,3.9639016696805256,561.4397719794938,560.1744407047518,562.9188352199271,2.7443945151753724,0.75,0.0614872394607206,2,unreviewed
2024-03-03,2024-02-27,2024-03-08,0.8142612408891796,2.8778631120322196,607.8514069217052,606.5702334991656,609.3115852372721,2.7413517381064594,1.0,0.0626936342441481,3,unreviewed
2023-02-04,2023-02-03,2023-02-06,0.8142528205986673,30.62534144864,249.69119772681896,249.309443523176,250.3074042624794,0.9979607393033804,1.5,0.0648309800080437,2,unreviewed
2022-07-31,2022-07-29,2022-08-02,0.8137945073047174,38.65920078707327,1085.91212822355,1085.401610339526,1086.6488326615654,1.2472223220393062,2.0,0.0589754068603301,7,unreviewed
2023-02-04,2023-02-03,2023-02-06,0.8137605142800574,17.64145916781452,281.75496022270636,280.99470825865865,282.74113965174183,1.746431393083185,1.0,0.0763650898087087,2,unreviewed
2018-10-22,2018-10-08,2018-11-05,0.8135906115292787,28.944966538396223,865.3674451120365,864.6812800285406,866.1763783534989,1.495098324958235,1.25,0.0590287408702809,10,unreviewed
2025-04-04,2025-04-01,2025-04-08,0.8134350544586321,2.453010283814951,479.46169508770487,477.84259596373886,481.584951672703,3.742355708964169,0.75,0.0672434424179995,4,unreviewed
2025-07-06,2025-07-01,2025-07-11,0.8130684911450031,2.5263868585645373,70.10291037255377,69.06537085818127,71.41482168762013,2.349450829438865,1.0,0.0610330453069703,7,unreviewed
2023-12-24,2023-12-21,2023-12-28,0.8118806688300894,14.319950981973845,677.8515730908082,676.840744884219,678.834537953604,1.993793069384992,3.75,0.0702492633476954,12,unreviewed
2020-10-30,2020-10-20,2020-11-09,0.8114715050837211,28.67829521417239,539.1420412112509,538.9677519663237,539.4667325727642,0.4989806064404547,0.5,0.0308844105866159,10,unreviewed
2024-11-15,2024-11-12,2024-11-19,0.8108211467935715,2.3708545335787043,500.7038065263336,500.2967317495495,501.29469339130446,0.997961641754955,1.0,0.0503690204327573,11,unreviewed
2022-07-31,2022-07-29,2022-08-02,0.8106143818821067,40.82003084253426,1220.7532881451025,1220.118553164415,1221.615209480282,1.4966563158668578,1.5,0.0634420205217962,7,unreviewed
2020-04-05,2020-04-02,2020-04-08,0.8100742358388828,2.1218219492352675,518.2343151760518,517.5115729593672,519.2580056544393,1.7464326950721445,1.0,0.0579762808433029,4,unreviewed
2025-03-21,2025-03-18,2025-03-24,0.8091198115024615,2.2411854428209597,529.1583487790888,527.7406816766597,530.7345664603636,2.993884783703834,0.75,0.0622647389847039,3,unreviewed
2023-01-14,2023-01-09,2023-01-20,0.8088054539900078,2.735294782212784,645.3929749604326,643.9481647014618,646.938703075517,2.990538374055177,0.75,0.0609177187823164,1,unreviewed
2023-02-04,2023-02-03,2023-02-06,0.8084227985656223,14.125727565678522,570.5265794296463,570.1540586557239,571.1520202965476,0.9979616408236324,1.0,0.0439105900621513,2,unreviewed
2025-11-07,2025-11-05,2025-11-10,0.8066570324589634,3.2287932566662785,1148.1424970025844,1146.776038349606,1149.7699260977097,2.993887748103589,0.75,0.0635922227154414,11,unreviewed
2021-11-20,2021-11-18,2021-11-22,0.8062179299018856,42.21672658148387,1015.5406486595092,1014.8120157225056,1016.3086720416322,1.4966563191264868,1.25,0.0595186955037271,11,unreviewed
2022-07-31,2022-07-29,2022-08-02,0.805954156505027,0.2639686023937242,34.80504704098207,33.36604086123407,35.48216211888939,2.1161212576553226,0.75,0.089436799858611,7,unreviewed
2023-01-14,2023-01-09,2023-01-20,0.8058131946046014,13.76771430353914,1075.5596543043623,1074.9254160067069,1076.4220718261786,1.4966558194719255,1.75,0.0632903461221048,1,unreviewed
2024-02-19,2024-02-16,2024-02-23,0.8056959966351769,3.6679027369341224,148.39262680919228,147.26793393353,149.7628360739909,2.4949021404609084,1.0,0.0593901600192687,2,unreviewed
2023-02-04,2023-02-03,2023-02-06,0.8054161311275617,18.35421942359465,317.7139404368407,316.9213121389039,320.16468586958945,3.243373730685562,1.0,0.0677062430288135,2,unreviewed
2023-05-27,2023-05-22,2023-06-02,0.8041970601789696,2.4892525864487327,533.9111001820412,532.7304910263047,535.4748852914199,2.744394265115261,0.75,0.0601072916599688,5,unreviewed
2025-03-14,2025-03-10,2025-03-18,0.8041704894844647,6.805406896364506,408.5424429452529,407.98528579296544,409.23273752396926,1.247451731003821,1.75,0.0621635731490158,3,unreviewed
2022-12-27,2022-12-20,2023-01-04,0.8041137304891605,3.7217379770503136,1006.0313268214492,1004.8346878825688,1007.5785104320385,2.743822549469769,0.75,0.0621956345251357,12,unreviewed
2025-10-19,2025-10-17,2025-10-22,0.803984993603108,38.64037390154624,1204.0289295254124,1203.6559569719248,1204.653746796772,0.997789824847132,1.25,0.0554549941520644,10,unreviewed
2023-02-02,2023-02-02,2023-02-03,0.8034353045639705,2.986577144215487,306.03747837934634,305.44475693488494,306.9416981674731,1.4969412325881422,0.75,0.0481965647852722,2,unreviewed
2024-12-09,2024-12-03,2024-12-16,0.8032022184480898,5.196695636055474,32.189629820824265,31.966066955123097,32.68221477884799,0.7161478237248957,1.25,0.0493880441882506,12,unreviewed
2025-02-24,2025-02-20,2025-02-28,0.8026358135729725,39.26062892724981,1218.349799076147,1218.1230872021988,1218.871443781536,0.7483565793372691,0.75,0.0526276521816407,2,unreviewed
2023-02-04,2023-02-03,2023-02-06,0.8011094955794703,15.87784792667738,715.0116301438177,714.5214903890155,715.7697124588303,1.2482220698148012,1.0,0.0491498367887254,2,unreviewed
2023-04-21,2023-04-17,2023-04-25,0.8003788638531051,9.942130092692349,282.0151218338045,281.2441986417398,282.99063003482297,1.746431393083185,2.5,0.0626548141039065,4,unreviewed
2019-11-20,2019-11-18,2019-11-22,0.800000075525103,14.541374107078951,508.36031430083426,507.5319547592662,509.5278782197274,1.9959234604611993,1.25,0.0625959927805103,11,unreviewed
2023-08-18,2023-08-15,2023-08-22,0.7995632807513504,23.05998659896488,1077.4827733821226,1076.6714477282949,1078.4175372938626,1.7460895655676725,2.0,0.0648220278056206,8,unreviewed
2019-11-24,2019-11-22,2019-11-26,0.7995614095756811,3.710592798465481,224.52473036841235,222.8634745948948,226.1068475418724,3.2433729469776154,1.25,0.0626768971946013,11,unreviewed
2021-11-16,2021-11-15,2021-11-18,0.7983414654117764,27.271151882446052,577.3889690110466,577.1397911468521,577.8882622709498,0.7484711240977049,0.75,0.04067229441405,11,unreviewed
2024-07-13,2024-07-08,2024-07-18,0.7980504352226676,2.128268723235438,74.35540683977536,72.09864729968831,76.78138750046492,4.682740200776607,1.0,0.0646451771954602,7,unreviewed
2023-02-04,2023-02-03,2023-02-06,0.7978849609209734,19.580243324650212,635.6086408794141,634.9774614218622,636.7220683498308,1.7446069279685616,1.0,0.0589944897735517,2,unreviewed
2019-11-29,2019-11-26,2019-12-02,0.7963594537702612,11.470619883170096,271.3116429415205,270.2666267566383,272.5120389154181,2.2454121587798,1.25,0.0607022971172809,11,unreviewed
2022-08-06,2022-08-02,2022-08-10,0.7952620092401776,36.690597863656706,1213.8851991265217,1213.1344212950207,1214.8805108559318,1.7460895609110594,1.75,0.0684001948596681,8,unreviewed
2023-09-23,2023-09-18,2023-09-29,0.7951561006972917,6.870387888771226,31.891421667880444,31.732738089747727,32.21555704437196,0.4828189546242356,1.0,0.0336815872038581,9,unreviewed
2025-10-19,2025-10-17,2025-10-22,0.7949988595685423,17.857040130067688,919.2580207151864,918.7802460053936,920.0274690780788,1.2472230726853013,1.5,0.0582187450002095,10,unreviewed
2025-11-07,2025-11-05,2025-11-10,0.7934118531108303,3.498653397832718,896.2030079954166,894.834662636742,897.8279176824726,2.9932550457306206,0.75,0.0648193808088909,11,unreviewed
2023-03-11,2023-03-06,2023-03-17,0.7933629530533376,6.003454509447552,436.6909691689072,435.9282097616233,437.674642438069,1.7464326764456928,1.25,0.0611892515732538,3,unreviewed
2023-02-04,2023-02-03,2023-02-06,0.7931059158888889,20.41789659655086,450.76147858841654,450.1491624675691,451.64610467106104,1.4969422034919262,1.0,0.0455039631273152,2,unreviewed
2023-10-22,2023-10-18,2023-10-26,0.7922776711651051,4.428090319658148,919.477068381638,918.7802460053936,920.2769023254514,1.4966563200578094,1.25,0.0605302311767711,10,unreviewed
2022-09-27,2022-09-26,2022-09-28,0.79223033042067,5.807637420569013,701.8555840847301,701.038621139247,703.0358904469758,1.9972693077288568,2.25,0.07009697924651,9,unreviewed
2022-08-20,2022-08-17,2022-08-24,0.7921410129687191,39.73815054298528,1197.6599479722984,1197.4201258383691,1198.168482418172,0.7483565798029304,0.75,0.0480059884561143,8,unreviewed
2019-12-26,2019-12-22,2019-12-30,0.7907273397505127,2.47818246033621,568.3703520189324,567.1601734440774,569.9045677110553,2.7443942669779062,0.75,0.0650307241657627,12,unreviewed
2023-02-02,2023-02-02,2023-02-03,0.7907236597716962,17.073773198302874,496.0022975228743,495.0574335940182,497.0533559960313,1.9959224020130932,1.5,0.0625548230589018,2,unreviewed
2022-07-31,2022-07-29,2022-08-02,0.7905705352294198,37.10995087487704,1145.3482043007166,1144.780112780165,1146.2770563503727,1.4969435702078044,2.0,0.0620114823678163,7,unreviewed
2024-08-24,2024-08-21,2024-08-27,0.7900919508657179,29.76039117782563,251.3485826894487,251.0558752096258,252.05383644951507,0.997961239889264,1.0,0.0533922810557948,8,unreviewed
2023-02-04,2023-02-03,2023-02-06,0.7898289883116498,5.63310603760914,498.2694699425633,497.8018277962692,499.0492790294811,1.2474512332119048,1.0,0.0480337484625484,2,unreviewed
2019-10-26,2019-10-24,2019-10-29,0.7897339949601683,1.9646824970902104,500.01004773524954,498.55029871640727,501.5441839080304,2.9938851916231215,0.75,0.0677157305788898,10,unreviewed
2019-12-26,2019-12-22,2019-12-30,0.7888383879122871,14.001739316418403,115.33593941172236,115.08369618328288,115.83216694975272,0.7484707664698362,0.75,0.0350483520686496,12,unreviewed
2025-02-03,2025-01-28,2025-02-10,0.7888061413182517,14.294821480208306,420.2756278604792,419.2123538237065,421.4577666977421,2.2454128740355372,1.25,0.0601111431889183,2,unreviewed
2020-08-09,2020-08-05,2020-08-14,0.7882966201834831,34.45214670637173,1040.3097752027593,1040.0047685676254,1040.753125149291,0.7483565816655755,0.75,0.0447023506527854,8,unreviewed
2021-12-28,2021-12-21,2022-01-04,0.7877988250829094,12.881238597580484,1172.3745214413973,1171.7251099683344,1173.2220535380766,1.4969435697421432,2.0,0.0626200685541365,12,unreviewed
2022-08-06,2022-08-02,2022-08-10,0.7877454965763326,13.550573042659485,373.4234118205719,372.80714658787474,374.3040888160467,1.4969422281719744,1.75,0.0649607795077943,8,unreviewed
2023-02-04,2023-02-03,2023-02-06,0.7873458134533559,30.577787251015582,609.8711019715688,609.3112815367058,610.8067028233781,1.4954212866723535,1.25,0.067125375954315,2,unreviewed
2024-01-18,2024-01-10,2024-01-26,0.7863387467081029,5.570724579432565,847.8266848034459,846.7445157445036,848.986979810521,2.242464066017419,1.5,0.0636605613304501,1,unreviewed
2023-02-04,2023-02-03,2023-02-06,0.7855022064388513,23.49600312759009,639.8052655281209,639.4628129368648,640.459861446172,0.9970485093072056,1.25,0.0522570317448634,2,unreviewed
2023-02-02,2023-02-02,2023-02-03,0.7852432357262109,19.97527868306861,596.730827219537,595.1031041569076,598.3464797060005,3.243375549092889,1.25,0.0632726796495489,2,unreviewed
2024-01-18,2024-01-10,2024-01-26,0.7833208522160261,5.190174096958225,959.9869312763894,959.1884178621694,961.1839396744036,1.995521812234074,1.25,0.0614127369123159,1,unreviewed
2025-03-08,2025-03-07,2025-03-10,0.7824510673923822,2.468335655144553,544.1999338555222,543.2090897634625,545.454502995126,2.245413231663406,0.75,0.0644798216890757,3,unreviewed
2022-09-03,2022-08-30,2022-09-08,0.7821509931875382,9.33233238248219,74.97160374597716,74.19860780518502,76.08140090014786,1.882793094962835,1.5,0.0668767738878567,9,unreviewed
2023-02-19,2023-02-17,2023-02-21,0.7818023931603352,5.664660441772899,957.7646640166184,956.6940864017232,958.9390414594671,2.2449550577439368,1.25,0.0640939029495696,2,unreviewed
2023-11-05,2023-11-01,2023-11-09,0.7817735146825047,29.70253805247688,1148.7906299488334,1148.522473223973,1149.2709447056986,0.7484714817255735,1.25,0.0446813642812412,11,unreviewed
2023-03-19,2023-03-17,2023-03-22,0.7809273066722948,2.719710649218626,915.2702323464488,915.0387483141384,915.787104895804,0.7483565816655755,0.75,0.0435122728197046,3,unreviewed
2022-06-23,2022-06-15,2022-07-01,0.7808033724704604,14.428327647164128,1013.0549873593908,1012.0682510165498,1014.0637738285586,1.9955228120088575,1.0,0.0534215615982717,6,unreviewed
2023-04-21,2023-04-17,2023-04-25,0.7805126541439633,2.7166968894796,678.201933288719,677.0899310247041,679.5820963731967,2.4921653484925628,0.75,0.0573888223008242,4,unreviewed
2020-02-07,2020-02-05,2020-02-10,0.7803680122647212,36.37672921199031,1046.4963263646216,1045.9911654712632,1046.9889552989043,0.9977898276410996,1.0,0.0786506822602383,2,unreviewed
2021-11-06,2021-11-04,2021-11-08,0.7790280009953656,3.5082352589363444,275.5542784323378,273.7594901314005,277.75133497361094,3.991844842210412,0.75,0.0637337478158741,11,unreviewed
2024-05-19,2024-05-14,2024-05-24,0.7783732142561318,12.469939861011229,932.7242615115288,932.2496362910606,933.4968593642116,1.2472230731509626,2.0,0.0645837163107184,5,unreviewed
2023-04-21,2023-04-17,2023-04-25,0.7779553183566399,3.4926244866298273,415.6826980355698,414.7215263126418,416.96693968586624,2.2454133732244372,1.25,0.0621721870414636,4,unreviewed
2023-12-10,2023-12-08,2023-12-13,0.7778365610741576,4.036426390852696,925.3863958931058,924.5172086637468,926.7621642211452,2.244955557398498,1.5,0.0638171728251656,12,unreviewed
2019-02-02,2019-01-30,2019-02-06,0.7777230430835492,1.9532969200980896,547.9610319011744,546.9514465266839,549.196859757416,2.2454132307320833,0.75,0.0597034871040767,2,unreviewed
2025-03-03,2025-02-28,2025-03-07,0.7775978614312687,3.5028175196041644,146.26361078317734,144.77303154347464,148.01640470093116,3.243373157456517,0.75,0.065353330609893,3,unreviewed
2019-12-04,2019-12-02,2019-12-06,0.7764306220487179,1.8627174195953171,541.9181850759444,540.9636751082726,542.9595988183282,1.9959237100556493,1.0,0.0629253728595304,12,unreviewed
2021-02-01,2021-01-26,2021-02-08,0.7763256490936665,6.169146554676752,1067.489973179308,1066.6941198888237,1068.689642699901,1.9955228110775352,1.25,0.0635345464411923,2,unreviewed
2017-11-11,2017-10-02,2017-12-21,0.775939812670643,23.293152493112977,974.0345156296236,973.156674639322,975.1521964506246,1.9955218113027513,1.0,0.0593958480880841,11,unreviewed
2024-01-28,2024-01-26,2024-01-30,0.7758493725132902,17.8679061498786,521.8000423615078,521.0044397022575,522.7508719004691,1.7464321982115507,1.5,0.0578488086187668,1,unreviewed
2023-01-14,2023-01-09,2023-01-20,0.7758289766984942,5.608939032212058,663.2245304209071,662.8863170640543,663.8833655724302,0.9970485083758832,2.25,0.0625045449918047,1,unreviewed
2019-01-26,2019-01-23,2019-01-30,0.7753751542261504,40.357217670828895,1197.539462013212,1197.1706925928593,1198.168482418172,0.9977898253127933,1.0,0.1285877552083898,1,unreviewed
2019-01-13,2019-01-07,2019-01-19,0.7753396018884324,2.6383371271394873,547.3266413213087,546.452465491835,548.6978792212903,2.245413729455322,1.0,0.0589465018047489,1,unreviewed
2022-07-31,2022-07-29,2022-08-02,0.7748295817734857,29.630876733562697,1152.380640881896,1152.0153429717757,1153.0133051495068,0.9979621777310967,2.5,0.0646222985186697,7,unreviewed
2024-12-28,2024-12-27,2024-12-30,0.7733216013015431,3.0823311032667515,629.3381807116699,628.7478059302084,629.9940405800007,1.2462346497923136,1.0,0.0578668877551387,12,unreviewed
2025-02-03,2025-01-28,2025-02-10,0.7732486878229603,2.2586121414682996,529.2021572885653,527.9901721947826,530.7345664603636,2.7443942655809224,0.75,0.0603080358768456,2,unreviewed
2019-02-02,2019-01-30,2019-02-06,0.7730428584993299,5.714461998238658,1142.8813825695536,1142.28520581685,1143.7821493875235,1.4969435706734655,1.75,0.0627020213573817,2,unreviewed
2023-09-09,2023-09-05,2023-09-14,0.7723570102439847,2.0546494342350368,559.8490363814584,556.1825934238732,564.9147586100735,8.732165186200291,1.0,0.0651196587946519,9,unreviewed
2023-02-02,2023-02-02,2023-02-03,0.7720230677595253,29.01717622902311,616.790304770456,615.7901226705872,617.7839167350903,1.993794064503163,1.5,0.0651605459716656,2,unreviewed
2017-11-11,2017-10-02,2017-12-21,0.7706665277717567,17.936165380880627,868.8438591752355,868.1689839875326,869.9132045581937,1.7442205706611276,1.25,0.0608508263495097,11,unreviewed
2022-10-28,2022-10-25,2022-11-01,0.7704279528739125,24.09885825751389,245.1206008478687,244.3196380981244,246.06606998760253,1.7464318894781172,1.5,0.0633345048681103,10,unreviewed
2024-01-03,2023-12-28,2024-01-10,0.769254975219309,2.4939683100176064,568.1306624939215,566.9106829273514,569.6550771943294,2.7443942669779062,0.75,0.06491448680656,1,unreviewed
2020-04-12,2020-04-08,2020-04-16,0.7687067207481846,17.341189258420968,1064.3797729930902,1063.7009219373576,1065.1975782569498,1.496656319592148,1.75,0.0635566444026553,4,unreviewed
2022-08-20,2022-08-17,2022-08-24,0.7686080474178866,47.10930645743609,1020.7758009671086,1020.2995461337268,1021.5467692082748,1.2472230745479465,1.0,0.0540610269346442,8,unreviewed
2023-02-02,2023-02-02,2023-02-03,0.767154580530445,13.082256255508328,282.8609466749105,282.24215942807496,283.48961080238223,1.2474513743072748,2.0,0.0606924266449249,2,unreviewed
2023-02-25,2023-02-21,2023-03-02,0.766931598763179,3.178291023451965,410.3996284208775,409.48222838062793,411.7276412541978,2.245412873569876,1.0,0.0642612437035014,2,unreviewed
2024-01-18,2024-01-10,2024-01-26,0.7662188055781949,3.7230527116281023,1192.9305409535496,1191.6831601960585,1194.4269837387835,2.743823542725295,0.75,0.0604168898996645,1,unreviewed
2022-06-23,2022-06-15,2022-07-01,0.7661952287647609,19.61911052419539,1010.0661051452576,1009.5739188073204,1010.8211416299456,1.24722282262519,1.0,0.0459363009695849,6,unreviewed
2024-09-14,2024-09-11,2024-09-17,0.7660749121692207,6.2958144883877125,31.673733607365097,31.499409222509712,32.21555704437196,0.7161478218622506,0.75,0.0453076318108854,9,unreviewed
2023-02-02,2023-02-02,2023-02-03,0.7653147782398015,10.609455611597104,323.1261360190128,322.16060888394713,324.15653122216463,1.9959223382174969,1.75,0.0653147409665576,2,unreviewed
2022-07-31,2022-07-29,2022-08-02,0.7649193988208645,38.13868797112524,1192.4683830291576,1192.1820266861469,1193.179817010183,0.997790324036032,1.5,0.0644528684218135,7,unreviewed
2019-12-06,2019-12-06,2019-12-07,0.7636249194927969,34.742008066670095,1191.4356282137685,1191.1842937050387,1191.932650285307,0.7483565802685916,0.75,0.0415491938700042,12,unreviewed
2018-11-30,2018-11-27,2018-12-04,0.7630496577195113,3.223551378003812,1145.1491343625944,1144.031640691217,1146.5265470459126,2.4949063546955585,0.75,0.0601458069494635,11,unreviewed
2023-01-27,2023-01-23,2023-01-31,0.7612374240837297,25.91645604411811,929.9107596864884,929.007006091997,931.2519611506724,2.2449550586752594,2.5,0.0596869731160521,1,unreviewed
2022-07-31,2022-07-29,2022-08-02,0.7611370666953294,28.49987179469319,611.0309802810211,610.5572127341293,611.8034473839216,1.2462346497923136,2.25,0.0635026412081379,7,unreviewed
2022-11-10,2022-11-07,2022-11-14,0.7608093614631011,5.995108986197462,262.1503994914468,261.2849769415334,263.53038910077885,2.2454121592454612,1.5,0.0634655312062329,11,unreviewed
2024-12-22,2024-12-17,2024-12-27,0.7599786218384246,31.52290859460085,223.34659066652424,223.11296472977847,223.8614350873977,0.748470357619226,0.75,0.0435682538263851,12,unreviewed
2022-09-27,2022-09-26,2022-09-28,0.7598907389544866,32.0717274280169,604.7344281425536,604.0783711033873,605.5737923900597,1.4954212866723535,2.0,0.0644279598851712,9,unreviewed
2022-12-16,2022-12-12,2022-12-20,0.759878825802725,13.489816267213664,377.93154791722105,377.54746272740886,378.5454241000116,0.997961372602731,0.75,0.0488631320965884,12,unreviewed
2025-06-07,2025-06-02,2025-06-13,0.7586457210366127,2.674197411194806,613.3713615164194,613.0490751285106,613.7969374987297,0.7478623702190816,0.75,0.0348442470581722,6,unreviewed
2018-05-05,2018-03-26,2018-06-15,0.7586396085294258,37.96731674937899,1132.9311833248762,1132.555067665875,1133.5530298440715,0.997962178196758,0.75,0.1071549111568484,5,unreviewed
2024-02-12,2024-02-08,2024-02-16,0.7582633774748386,3.241904732331387,688.1692374593711,687.8054346358404,688.8039729609154,0.99853832507506,0.75,0.0467622903507959,2,unreviewed
2022-09-27,2022-09-26,2022-09-28,0.7575873217054966,40.911186825872946,1014.797591982212,1013.8142837393098,1016.0592387956568,2.244955056346953,2.75,0.0673245327166923,9,unreviewed
2023-02-04,2023-02-03,2023-02-06,0.757371450405774,19.81888136997425,439.55932054484833,439.171584660653,440.16954616783187,0.997961507178843,1.25,0.0518149126548466,2,unreviewed
2023-02-04,2023-02-03,2023-02-06,0.7557114057244344,20.82194044368255,409.7605921333569,409.2327379067429,410.7296801102348,1.4969422034919262,1.0,0.0549679170122542,2,unreviewed
2018-01-11,2017-12-21,2018-02-01,0.7552762950087842,3.24408037033908,1087.9263329501098,1086.6487755677665,1089.3931731199846,2.744397552218288,0.75,0.0634863800231717,1,unreviewed
2020-08-09,2020-08-05,2020-08-14,0.7551333371876445,27.79839953110753,1191.507221455338,1191.1842937050387,1192.1820835303515,0.9977898253127933,1.0,0.0527922083842375,8,unreviewed
2023-01-21,2023-01-20,2023-01-23,0.7539950386554467,3.6311137572271743,1370.4233026669187,1368.667183677666,1372.097192551941,3.4300088742747903,1.0,0.0623711802253914,1,unreviewed
2022-01-27,2022-01-20,2022-02-03,0.7533622694165892,34.96709856461501,1072.0626611445862,1071.6827838090248,1072.6805736362005,0.9977898271754384,1.25,0.1164855002753741,1,unreviewed
2018-05-05,2018-03-26,2018-06-15,0.7531008038030564,38.47204399614385,1044.9979975586289,1044.743999242317,1045.4923558235168,0.7483565811999142,0.75,0.0736404230569398,5,unreviewed
2023-01-21,2023-01-20,2023-01-23,0.7528698383529343,6.521240687137615,847.3272306215181,846.4953939975239,848.488736316096,1.993342318572104,1.25,0.0616422151709402,1,unreviewed
2024-02-12,2024-02-08,2024-02-16,0.7528172583166252,4.1420883371194,1056.0273542684915,1054.970760327764,1057.2157161352225,2.2449558074586093,1.5,0.0632752151155176,2,unreviewed
2021-12-01,2021-11-30,2021-12-03,0.7522083153812908,37.48189848681557,1059.8086139550608,1059.4605577555485,1060.458347582724,0.9977898271754384,0.75,0.0603973348395543,12,unreviewed
2019-02-02,2019-01-30,2019-02-06,0.7519341257732063,2.208882911459342,79.02573971201836,77.93187155015767,80.28132214443758,2.349450594279915,0.75,0.0620086346157166,2,unreviewed
2023-02-02,2023-02-02,2023-02-03,0.7518043909267971,5.217667320282858,675.908742929531,673.6013240693137,678.3361656735651,4.7348416042514145,1.5,0.0624203169610333,2,unreviewed
2018-10-22,2018-10-08,2018-11-05,0.7514852931026477,29.218272120331275,1211.5234953197644,1211.1389553323388,1212.136745157186,0.997789824847132,0.75,0.0619166589147419,10,unreviewed
2023-02-02,2023-02-02,2023-02-03,0.7506850536413819,31.60531760642612,582.9861741494782,582.3790910132229,583.876032942906,1.4969419296830893,1.5,0.0627097913337373,2,unreviewed
2024-11-01,2024-10-29,2024-11-04,0.7506639093563181,32.24447639709285,535.7187357789941,535.4748857198283,536.2233568443917,0.7484711245633662,0.75,0.1006126208069826,11,unreviewed
2024-11-15,2024-11-12,2024-11-19,0.7497978045114907,3.589903041971224,1070.7100067257263,1069.6873188409954,1071.9322738982737,2.2449550572782755,1.0,0.0604049932851488,11,unreviewed
2024-04-06,2024-04-04,2024-04-09,0.7494280601992238,2.652683636672938,505.19692368739425,504.2885790294968,506.0350122223608,1.7464331928640604,1.0,0.0636690599744448,4,unreviewed
2025-11-07,2025-11-05,2025-11-10,0.7492653926610336,3.491881478742416,900.4199050498638,899.5738930609077,901.5694148717448,1.99552181083709,1.25,0.0640022841470303,11,unreviewed
2024-11-15,2024-11-12,2024-11-19,0.7491221853498049,3.4164872396142956,911.1524216127052,910.0500853941776,912.5444736969656,2.4943883027881384,1.0,0.0626435494970369,11,unreviewed
2023-02-02,2023-02-02,2023-02-03,0.7483291811011273,15.70048941725515,652.4637133035964,651.6729377768934,653.1683585671708,1.4954207902774217,2.0,0.0630822668988406,2,unreviewed
2023-02-02,2023-02-02,2023-02-03,0.7480177550972225,4.22634853405121,540.4601403449652,539.7162235174328,541.462655714713,1.746432197280228,1.25,0.0578653003006393,2,unreviewed
2023-06-04,2023-06-02,2023-06-06,0.7479996046932297,2.984806508325985,421.4854873898848,420.2103147194721,422.9547090358101,2.7443943163380027,0.75,0.0612419424224824,6,unreviewed
2024-04-21,2024-04-16,2024-04-26,0.7478384340955746,2.2337702994277673,314.070376993481,312.9294667849317,315.42436973005533,2.494902945123613,0.75,0.0595757620764822,4,unreviewed
2022-08-06,2022-08-02,2022-08-10,0.7470179235645575,27.347503363818877,256.35541606606427,256.04568088427186,257.04364187363535,0.9979609893634916,2.5,0.0647092032877071,8,unreviewed
2019-11-20,2019-11-18,2019-11-22,0.7466670781265514,41.48556021214442,1023.5359992090406,1023.2927445876412,1024.0411006677896,0.7483560801483691,0.75,0.0360900642479512,11,unreviewed
2018-03-13,2018-03-01,2018-03-26,0.7465110844482483,2.2488167360413165,620.8864248750099,619.5279157650657,622.5184543896466,2.9905386245809495,0.75,0.0648177747659312,3,unreviewed
2023-06-09,2023-06-06,2023-06-12,0.7462970843241952,2.505325525162309,492.8429660443288,491.5645679733716,494.3089617919177,2.7443938185460865,0.75,0.0603708202599524,6,unreviewed
2025-04-25,2025-04-21,2025-04-29,0.7459701899347568,2.625181826094613,913.8340655726084,913.54214983806,914.5399394156412,0.9977895775809884,0.5,0.0343612556619097,4,unreviewed
2024-11-08,2024-11-04,2024-11-12,0.7456876424086826,1.991208942044285,499.4972962736419,498.79978894023225,500.5462218387984,1.7464328985661268,0.75,0.0620647531770025,11,unreviewed
2019-12-14,2019-12-14,2019-12-15,0.7446967925192306,36.089044780849726,1047.0762871776308,1046.7394652096557,1047.7372542871162,0.9977890774607658,1.0,0.0569455990562726,12,unreviewed
2019-02-17,2019-02-15,2019-02-19,0.744360854114057,2.535399922826285,994.629197309916,992.3630285831168,996.8528828546404,4.4898542715236545,0.75,0.0659200258423497,2,unreviewed
2024-08-24,2024-08-21,2024-08-27,0.74406177786957,1.9825335811261664,30.79138641429471,30.56609351979569,31.282241577282548,0.7161480574868619,0.75,0.0417429190843167,8,unreviewed
2024-11-15,2024-11-12,2024-11-19,0.742795802784199,3.6278363472805455,460.8165320972583,459.13081649364904,462.87317220447585,3.742355710826814,1.0,0.0612987599098711,11,unreviewed
2021-01-06,2020-12-17,2021-01-26,0.7423140997943816,3.592799168998346,472.56462078160945,471.6053361403756,473.6012592888437,1.9959231484681368,1.0,0.0616131391015253,1,unreviewed
2022-08-27,2022-08-24,2022-08-30,0.7420983532397039,2.220876501879627,78.14574782198181,76.06523967860267,79.81466394243762,3.7494242638349538,0.75,0.0711518520556196,8,unreviewed
2024-12-28,2024-12-27,2024-12-30,0.7420284336421918,2.725897306148249,284.0153981632874,282.99063032958657,285.2360429861583,2.245412656571716,0.75,0.0575557318024799,12,unreviewed
2024-02-03,2024-01-30,2024-02-08,0.7418577200486233,6.691014923259938,425.03208113791385,424.45165175711736,425.9485942092724,1.4969424521550536,1.5,0.0591232371664562,2,unreviewed
2023-03-29,2023-03-22,2023-04-06,0.740930115896796,3.4521666857056896,267.70288556757015,266.27478186786175,268.7696851589717,2.49490329110995,1.25,0.0615577826671068,3,unreviewed
2025-11-07,2025-11-05,2025-11-10,0.7397231452175324,2.489196240058821,58.33387964732651,58.09891036292538,58.815058186184615,0.7161478232592344,0.75,0.044486330439332,11,unreviewed
2024-03-03,2024-02-27,2024-03-08,0.7393827159907522,17.238623602638096,599.3975741132421,598.8454611683264,600.0916958171874,1.246234648860991,1.75,0.0607055575331966,3,unreviewed
2025-01-26,2025-01-24,2025-01-28,0.738389184082841,2.80308463840428,609.8820578825614,609.0620951480232,611.0558889629319,1.993793814908713,1.0,0.0611014248165915,1,unreviewed
2024-02-12,2024-02-08,2024-02-16,0.7379951144868724,2.7348277412503577,530.0219826580609,528.4891532296315,531.9820190458558,3.4928658162243664,0.75,0.0618679088190717,2,unreviewed
2023-02-04,2023-02-03,2023-02-06,0.7379550089550256,3.17611260177568,437.26913132037214,436.9261714038439,437.9241329114884,0.9979615076445044,1.0,0.0482709446498398,2,unreviewed
2025-01-04,2024-12-30,2025-01-10,0.7373151916211469,3.060687814404584,699.1726617182317,698.0424281964079,700.539062993601,2.49663479719311,1.0,0.0597408424736561,1,unreviewed
2024-11-15,2024-11-12,2024-11-19,0.7368669826758112,3.8151840050692543,753.7573444849311,752.9726376724429,754.9699074784294,1.9972698059864344,1.0,0.0579233000140955,11,unreviewed
2023-02-04,2023-02-03,2023-02-06,0.7367867716121178,16.642383160741986,495.6444243897077,495.0574335940182,496.5543750501238,1.49694145610556,1.5,0.0665352815681827,2,unreviewed
2023-02-04,2023-02-03,2023-02-06,0.736459378242501,16.58809283525047,705.5360894152208,705.0335455653258,706.281767135486,1.24822157016024,1.0,0.0425635401182275,2,unreviewed
2023-04-11,2023-04-06,2023-04-17,0.73607441503479,14.824119219124125,644.0504234839098,643.4497921722941,644.9452139553614,1.495421783067286,1.75,0.0614594794542866,4,unreviewed
2022-07-31,2022-07-29,2022-08-02,0.735398795873104,22.02815031157899,837.4024126816987,836.7796468641609,838.2747456887737,1.4950988246127963,1.75,0.0642663964246636,7,unreviewed
2023-02-04,2023-02-03,2023-02-06,0.7353785248033524,30.789333007579923,219.2400686911979,218.6221393235028,220.11908132908863,1.496942005585879,1.25,0.0597016505642108,2,unreviewed
2022-03-18,2022-03-14,2022-03-22,0.7351285357339252,43.149504742706995,1032.1152775129085,1031.7734734499827,1032.7712632780897,0.997789828106761,1.25,0.0649751892821265,3,unreviewed
2024-01-03,2023-12-28,2024-01-10,0.7348165483773195,3.0657375495009207,346.18055825732574,345.11372003983706,347.3591325576417,2.2454125178046525,1.0,0.0575891612892691,1,unreviewed
2022-09-27,2022-09-26,2022-09-28,0.7346659811084578,29.84551573266274,867.0354728684404,866.176010010764,868.1693523302674,1.9933423195034263,1.5,0.0689256757582119,9,unreviewed
2025-03-03,2025-02-28,2025-03-07,0.7344658900568802,2.8143212008826484,840.8288853458631,840.0182295758277,842.0115718934685,1.9933423176407816,1.0,0.057176419401722,3,unreviewed
2022-02-22,2022-02-16,2022-03-01,0.7343879867765122,21.79442375942769,1057.935946596751,1056.9662260459736,1059.211181352381,2.244955306407064,1.0,0.0600179034726513,2,unreviewed
2018-10-22,2018-10-08,2018-11-05,0.7339223135249291,35.33411544489276,1030.7978055998808,1030.526307220105,1031.274663801305,0.7483565811999142,1.0,0.0825975253981282,10,unreviewed
2023-01-05,2023-01-04,2023-01-06,0.7334339990477468,5.477833863767175,1152.8837563265772,1152.0153429717757,1154.011268183589,1.9959252118133008,1.25,0.0629927002623054,1,unreviewed
2025-02-24,2025-02-20,2025-02-28,0.733346116163809,3.22265913412515,379.7883893809871,378.794914866332,381.0403273832053,2.24541251687333,0.75,0.0547725857549821,2,unreviewed
2023-09-03,2023-09-01,2023-09-05,0.733171909708991,23.240932455592752,1003.3886223878488,1002.8392229150048,1004.3358789840712,1.4966560690663755,1.75,0.0625028497242362,9,unreviewed
2021-12-14,2021-12-13,2021-12-16,0.7329511733525281,38.6657199396112,1190.7139165547624,1190.4359939694405,1191.1843505492434,0.7483565798029304,1.0,0.0803684418655483,12,unreviewed
2023-02-02,2023-02-02,2023-02-03,0.7323847684774109,13.999753643000666,364.1276669488202,363.3265143088065,365.3224363983609,1.9959220895543697,1.25,0.0619469878463729,2,unreviewed
2023-02-04,2023-02-03,2023-02-06,0.7313483242741486,35.259446919441906,607.327700698112,606.8194196391851,608.0656542885117,1.2462346493266525,1.25,0.0663028440266976,2,unreviewed
2025-06-07,2025-06-02,2025-06-13,0.7312685498181113,32.007910767548516,567.6777980501441,567.409663962666,568.1581350858323,0.7484711231663823,0.75,0.0683395146902538,6,unreviewed
2024-03-03,2024-02-27,2024-03-08,0.731116859843848,2.732649005978445,513.948372179566,512.7712546256371,515.2661583730951,2.494903747458011,0.75,0.0590378083211571,3,unreviewed
2025-11-07,2025-11-05,2025-11-10,0.7303640858720619,4.814877103265332,159.479797008876,158.24550335574895,161.23938567750156,2.993882321752608,1.0,0.061036298287502,11,unreviewed
2019-02-02,2019-01-30,2019-02-06,0.728054119508229,2.315814482611268,1008.3942778919744,1006.580720604863,1010.0728418920188,3.4921212871558964,1.0,0.0625859029643241,2,unreviewed
2022-12-27,2022-12-20,2023-01-04,0.7279967991602241,6.456396745819286,960.0118910807606,959.437851108145,960.9345066775568,1.4966555694118142,1.25,0.0574233819659924,12,unreviewed
2018-08-22,2018-08-08,2018-09-06,0.7279033651218003,32.03083087630375,1237.0812483070831,1236.5811483571306,1237.828371427022,1.2472230698913336,1.25,0.0865185826240553,8,unreviewed
2023-02-04,2023-02-03,2023-02-06,0.7277889115433573,2.246818100168129,612.088433980161,610.3080265941098,613.7969374987297,3.4889109046198428,0.75,0.0625708091346573,2,unreviewed
2019-02-02,2019-01-30,2019-02-06,0.7273844257361626,6.989025858225782,1065.42714264828,1064.6986549212595,1066.4447439862415,1.7460890649817884,1.25,0.0589022129395221,2,unreviewed
2024-10-03,2024-10-03,2024-10-03,0.7268931173779093,36.24581090195176,1106.859253515158,1106.6080332631243,1107.3565047443844,0.7484714812599123,0.75,0.0417630169274642,10,unreviewed
2023-02-04,2023-02-03,2023-02-06,0.7265400265291,20.274852106285163,411.155799990767,410.7296802457422,411.7276412541978,0.9979610084556044,1.25,0.050295897148098,2,unreviewed
2022-07-31,2022-07-29,2022-08-02,0.7263727434242585,39.23352806443776,1163.277700104937,1162.7434439067729,1163.9908967819065,1.2474528751336038,2.0,0.0598138690983225,7,unreviewed
2023-02-19,2023-02-17,2023-02-21,0.7255766829219878,2.9795501426378883,977.3966041102676,975.9004393462092,979.3925606342964,3.492121288087219,0.75,0.058584867029623,2,unreviewed
2023-02-02,2023-02-02,2023-02-03,0.724424849552448,25.2041996129489,800.9003996665311,799.9096323070116,802.152096373029,2.242464066017419,1.25,0.0641715729715891,2,unreviewed
2022-08-06,2022-08-02,2022-08-10,0.7237942633518716,25.09403311784854,245.1553593336189,244.5691282316111,246.06606998760253,1.496941755991429,1.5,0.0626675063045179,8,unreviewed
2018-11-24,2018-11-21,2018-11-27,0.7236634058000605,3.0838552494729705,410.31163406851937,409.7317188521847,411.2286605583504,1.4969417061656711,1.0,0.0580760971567819,11,unreviewed
2020-04-05,2020-04-02,2020-04-08,0.7219420489292879,0.3398244193511682,35.1814249111037,34.53268542839214,35.94882008759305,1.4161346592009068,1.0,0.059491139970355,4,unreviewed
2024-07-26,2024-07-23,2024-07-29,0.721234869271312,37.33169237909832,1060.0663180744311,1059.7099910010584,1060.7077808282338,0.9977898271754384,1.0,0.0667674142589208,7,unreviewed
2023-02-02,2023-02-02,2023-02-03,0.7209982279216595,11.817732465167971,315.1193530784298,313.9274279982783,317.17080222815275,3.243374229874462,1.0,0.0612133905476447,2,unreviewed
2023-02-25,2023-02-21,2023-03-02,0.7203891602412807,3.388411895841515,390.82227466623056,389.7724897125736,392.0179022299126,2.245412517338991,1.0,0.0532921004084963,2,unreviewed
2023-02-04,2023-02-03,2023-02-06,0.7200538455613302,22.600739617830552,615.4364877336685,615.0425642495975,616.039612759836,0.9970485102385284,1.0,0.0406256002020757,2,unreviewed
2022-09-27,2022-09-26,2022-09-28,0.719652852615385,24.20708117513474,923.5557303094034,922.7711769412272,924.5172655065544,1.7460885653272271,2.25,0.067961849227068,9,unreviewed
2020-12-02,2020-11-18,2020-12-17,0.71908569927,3.5465478624734423,1071.5376361534948,1070.4356185793877,1072.93000688171,2.494388302322477,1.0,0.0617440799327311,12,unreviewed
2023-11-21,2023-11-16,2023-11-27,0.7190200833765276,3.0110521195915902,414.8622652277522,413.7235649218783,416.2184687657282,2.4949038438498974,0.75,0.0563507571774102,11,unreviewed
2025-03-03,2025-02-28,2025-03-07,0.718138759636256,19.774975173063336,412.66182342261993,411.9771321108565,413.7235647859052,1.746432675048709,1.25,0.0584967019629854,3,unreviewed
2020-01-04,2019-12-30,2020-01-10,0.7180293582321203,25.997345150039735,539.2486777317031,538.9677519663237,539.7162230899557,0.7484711236320436,0.75,0.0439215498182739,1,unreviewed
2025-02-03,2025-01-28,2025-02-10,0.7180262396060048,3.506545835179249,1012.7930753985268,1012.567117509432,1013.3154740897008,0.7483565802685916,0.75,0.0368371642041548,2,unreviewed
2018-11-30,2018-11-27,2018-12-04,0.7177319036732134,6.765707821924414,91.5946709388142,90.99829278560355,92.41442791186272,1.416135126259178,1.75,0.0607768591487582,11,unreviewed
2025-03-21,2025-03-18,2025-03-24,0.7174317670958469,21.12535361193855,1069.286908616166,1068.440152610652,1070.435675422661,1.9955228120088575,1.0,0.0572754215406451,3,unreviewed
2021-10-24,2021-10-21,2021-10-27,0.7173969632283967,2.770493120605094,805.6782818645858,805.3903097421862,806.636286818888,1.24597707670182,0.75,0.0540561456050008,10,unreviewed
2021-07-27,2021-07-14,2021-08-09,0.716420521391599,1.9967485858628424,542.2850618779081,541.7121466598473,543.2090893350542,1.4969426752068102,0.75,0.0556412691115364,7,unreviewed
2021-03-30,2021-03-08,2021-04-21,0.7158418915021085,2.6593402919034,691.223795757024,689.5532138538547,693.0485796327703,3.495365778915584,1.0,0.0557065666544596,3,unreviewed
2023-08-27,2023-08-22,2023-09-01,0.7155385739261041,2.030175733715853,545.3365322769771,544.4565418520942,546.452465064358,1.9959232122637331,1.0,0.0689522646916545,8,unreviewed
2021-11-20,2021-11-18,2021-11-22,0.7155294675378467,35.78249234867549,1150.7758663016311,1149.7699267053977,1151.7658516680822,1.995924962684512,1.0,0.0674948030119487,11,unreviewed
2025-03-14,2025-03-10,2025-03-18,0.7154428321043551,19.49440053995992,1069.9475451569622,1068.9390191035343,1070.9345419150775,1.9955228115431964,1.25,0.0607681262901652,3,unreviewed
2023-08-27,2023-08-22,2023-09-01,0.7154040987679992,12.9298319683065,377.80071230572435,377.54746272740886,378.2959336712957,0.7484709438867867,0.5,0.0632548347277753,8,unreviewed
2024-02-19,2024-02-16,2024-02-23,0.7146980418154247,2.986794565450747,630.4955138982962,630.2429232676513,630.9907861351967,0.7478628675453365,0.75,0.0425234857042299,2,unreviewed
2024-02-25,2024-02-23,2024-02-27,0.7132143242546618,2.489662062631529,642.20817465787,640.9579300256446,643.699282261543,2.7413522358983755,0.75,0.0594563051959762,2,unreviewed
2023-02-04,2023-02-03,2023-02-06,0.7128588008774821,25.458979909269814,640.5222758691222,639.7119990759529,641.4566065026447,1.7446074266918004,1.25,0.0747717093081606,2,unreviewed
2023-10-29,2023-10-26,2023-11-01,0.7126555288272667,2.773834428822577,304.73926771690424,303.9478143667802,305.6942470241338,1.74643265735358,1.0,0.0573023153248347,10,unreviewed
2025-04-25,2025-04-21,2025-04-29,0.7126001420274535,21.528818817311823,1051.4856818990188,1050.7303961459547,1052.4764852109363,1.7460890649817884,1.25,0.0601408810075156,4,unreviewed
2023-02-02,2023-02-02,2023-02-03,0.7125804323104028,15.032289060901885,226.361052952516,225.1088867993094,227.8532802243717,2.7443934250622988,1.5,0.0609791759493663,2,unreviewed
2022-08-06,2022-08-02,2022-08-10,0.7119348767044713,27.59542131980941,785.2798865354655,784.4326670859009,787.1789846285246,2.7463175426237285,3.25,0.0653262137641812,8,unreviewed
2023-11-05,2023-11-01,2023-11-09,0.7111191064851499,2.394376383631139,566.4110266256125,564.4157782532275,569.1560961590149,4.7403179057873785,1.0,0.0645012653367403,11,unreviewed
2022-09-27,2022-09-26,2022-09-28,0.7105905617310762,27.107534869301237,879.0075608428891,877.3864876264706,881.123682172969,3.7371945464983582,1.0,0.0659070734032957,9,unreviewed
2025-06-28,2025-06-25,2025-07-01,0.7101397331398034,2.9633809417240835,288.0254668958783,287.2319651017897,289.22788712754846,1.995922025758773,0.75,0.0530826270507186,6,unreviewed
2023-01-21,2023-01-20,2023-01-23,0.7092554155184609,3.199943300138594,651.9416767352385,649.6794476616196,653.9159169862978,4.236469324678183,0.75,0.0600179889795681,1,unreviewed
2022-09-27,2022-09-26,2022-09-28,0.7089065660011685,39.55396385189914,1068.7828443089802,1067.9412861191668,1069.6873756842688,1.746089565102011,2.0,0.064180606963237,9,unreviewed
2023-02-04,2023-02-03,2023-02-06,0.7069673419099594,19.38758209820624,605.3359680435138,604.8259295239113,606.3213513079099,1.4954217839986086,1.5,0.0777822442713584,2,unreviewed
2018-05-05,2018-03-26,2018-06-15,0.7055933376159437,39.466396154824984,1186.9764014748146,1186.6944952886552,1187.4428518689238,0.7483565802685916,0.75,0.0781869894033356,5,unreviewed
2019-11-29,2019-11-26,2019-12-02,0.7051942782181901,2.0287259106068554,503.95015040089606,503.04112644447014,505.0370501545258,1.9959237100556493,0.75,0.0615535965458741,11,unreviewed
2023-12-24,2023-12-21,2023-12-28,0.704969924255433,3.2395003323137432,992.0472989584894,989.6192631274462,993.859684902709,4.240421775262803,0.75,0.0589782546124298,12,unreviewed
2020-08-17,2020-08-14,2020-08-20,0.7048743695512507,39.9803128738594,1106.3619075112665,1106.1090518706478,1106.8575233523734,0.7484714817255735,0.75,0.0384727739685416,8,unreviewed
2018-01-11,2017-12-21,2018-02-01,0.7047822453357956,10.530664880579891,1178.3336727264682,1177.712886678055,1179.2098302496595,1.4969435716047883,1.75,0.0613033512595358,1,unreviewed
2024-02-12,2024-02-08,2024-02-16,0.7047654671272937,6.546185009435102,846.5995610198246,845.9971505035646,847.4922493286431,1.4950988250784576,1.5,0.0592324889823229,2,unreviewed
2022-09-27,2022-09-26,2022-09-28,0.7047123257382836,42.53677456148379,1027.3126825577815,1026.5353762847371,1028.5308985952288,1.9955223104916513,1.25,0.0637607531308248,9,unreviewed
2023-02-02,2023-02-02,2023-02-03,0.7038893826788961,22.538096792378862,645.9746713031009,645.1940961466171,646.938703075517,1.7446069288998842,1.25,0.0606513610186934,2,unreviewed
2018-05-05,2018-03-26,2018-06-15,0.7034092390021367,14.006629764443518,105.85102367481204,105.60306829307228,106.35153881181031,0.7484705187380314,0.75,0.0555201541403823,5,unreviewed
2022-06-23,2022-06-15,2022-07-01,0.7030605142298892,16.870504874086215,1028.527353919976,1028.28140850598,1029.029764587991,0.7483560820110142,1.0,0.0361914977574659,6,unreviewed
2021-12-14,2021-12-13,2021-12-16,0.7029975803548759,22.868533286901283,734.0844778306147,733.4973810357042,734.9952858509496,1.4979048152454195,2.0,0.0629454409611416,12,unreviewed
2019-01-13,2019-01-07,2019-01-19,0.7021831199585232,4.526298817753803,1083.325603490837,1082.408411387354,1084.4039341984317,1.9955228110775352,1.0,0.057802668342906,1,unreviewed
2023-10-22,2023-10-18,2023-10-26,0.7019436094728443,3.49989830329556,897.4907864307426,895.832395370584,899.3245166577399,3.4921212871558964,0.75,0.0608988031652364,10,unreviewed
2023-01-14,2023-01-09,2023-01-20,0.7018415680263415,14.192489239644178,1179.9874833367146,1179.4593215528876,1180.7067754212767,1.2474538683891296,1.75,0.0589971293348974,1,unreviewed
2019-01-21,2019-01-19,2019-01-23,0.701549976484532,3.679769119861489,1144.076117867943,1143.2831686022691,1145.0296028694138,1.7464342671446502,1.25,0.0593160589816039,1,unreviewed
2022-08-06,2022-08-02,2022-08-10,0.701283084461558,29.83078870636108,1163.5630735744326,1162.992934603244,1164.4898781729862,1.4969435697421432,1.75,0.064185544058261,8,unreviewed
2024-02-25,2024-02-23,2024-02-27,0.7008938799223299,3.1146793219890103,346.8451917895336,345.862190825399,348.107603342738,2.245412517338991,1.0,0.0594808047864945,2,unreviewed
2023-09-23,2023-09-18,2023-09-29,0.700684994345106,3.3779282309849865,135.41683782304767,134.54393288772553,136.2903645108454,1.7464316231198609,1.0,0.0577810165044874,9,unreviewed
2023-02-04,2023-02-03,2023-02-06,0.7005200813961125,33.5377753182666,219.53519239764915,218.87162970611823,220.3685717121698,1.4969420060515404,1.5,0.0623582166332613,2,unreviewed
2023-08-18,2023-08-15,2023-08-22,0.7002679092884042,27.484230509764423,246.28842705897776,246.066070032306,246.81454039132225,0.7484703590162098,0.75,0.0477083723378512,8,unreviewed
2019-01-13,2019-01-07,2019-01-19,0.7000897109921581,3.983086561343668,869.1872946126584,867.6707404931076,871.4079350405373,3.737194547429681,0.75,0.0600636013431598,1,unreviewed
2019-01-21,2019-01-19,2019-01-23,0.6997703636779197,3.595672765343795,229.68769618951015,228.85124105447903,230.84716283110905,1.9959217766299844,1.0,0.0587011787426665,1,unreviewed
2021-03-30,2021-03-08,2021-04-21,0.6990432248128039,49.48254794914606,992.8497011109772,992.3630285831168,993.6102516567336,1.247223073616624,0.75,0.0420536140431631,3,unreviewed
2023-01-27,2023-01-23,2023-01-31,0.6985527896698631,3.2693665216388164,688.0804385355426,687.0573791125789,689.303338452708,2.2459593401290476,0.75,0.0584487920657153,1,unreviewed
2020-05-07,2020-04-23,2020-05-22,0.6982045638777938,22.903899038824452,1093.3399906214927,1092.6365532758646,1094.133496846538,1.4969435706734655,1.5,0.0600567124598168,5,unreviewed
2019-01-21,2019-01-19,2019-01-23,0.6967419906020947,5.094649924767176,732.1295602062581,731.2502363263629,733.2475056336261,1.9972693072631955,1.0,0.058967789309348,1,unreviewed
2020-03-11,2020-03-04,2020-03-19,0.6962814942698635,8.022286541769606,732.8497269679327,732.2489673085511,733.746871124953,1.4979038164019585,1.25,0.0574396431509586,3,unreviewed
2021-11-20,2021-11-18,2021-11-22,0.6960711117521045,36.121529538795144,272.88281102777376,272.76152934366837,273.2605095678009,0.4989802241325378,0.5,0.0208246686701912,11,unreviewed
2024-02-03,2024-01-30,2024-02-08,0.695981731927631,3.235549627919319,879.9569532836825,878.8812181083485,881.3728039199486,2.491585811600089,0.75,0.0561116166371839,2,unreviewed
2023-12-10,2023-12-08,2023-12-13,0.6949303806915363,4.158674472659295,1018.0254073593362,1017.0569149367512,1019.3018699940294,2.2449550572782755,1.0,0.0623131767942431,12,unreviewed
2022-09-27,2022-09-26,2022-09-28,0.694549721187865,39.69779795856641,1044.6676189192729,1043.9956995039247,1045.7417890694924,1.7460895655676725,2.0,0.0652785157753572,9,unreviewed
2023-01-14,2023-01-09,2023-01-20,0.6945344399198984,16.258367337170213,1157.007839512612,1156.5061765001155,1157.7536293752491,1.2474528751336038,1.75,0.0592031824160019,1,unreviewed
2019-02-02,2019-01-30,2019-02-06,0.6943960352928877,4.853314331641911,814.757809358517,813.8604491399601,815.8537904578261,1.9933413178659976,1.0,0.0602425152724002,2,unreviewed
2024-01-03,2023-12-28,2024-01-10,0.694234490460099,4.358728426531388,966.2935177995894,965.1748137678952,967.6692020702176,2.494388302322477,1.0,0.0618481567212835,1,unreviewed
2024-11-08,2024-11-04,2024-11-12,0.6938949344486313,6.901098740585402,31.94361601993098,31.732738089747727,32.448885911144316,0.7161478213965893,0.5,0.075401493774471,11,unreviewed
2022-09-27,2022-09-26,2022-09-28,0.6926866539463991,26.648090051197418,1136.3973484376077,1135.7984467186034,1137.2953902888112,1.4969435702078044,2.0,0.0624214620101805,9,unreviewed
2023-02-25,2023-02-21,2023-03-02,0.6923220241809616,3.285234466555771,931.970846679849,931.2519040568732,932.9979928722604,1.7460888153873384,0.75,0.0489680007535445,2,unreviewed
2021-11-16,2021-11-15,2021-11-18,0.6922638929901668,30.74842213524633,541.9504374991585,541.7121466598473,542.460617783945,0.7484711240977049,0.75,0.0362089634746518,11,unreviewed
2019-11-01,2019-10-29,2019-11-05,0.6916609378169747,39.48677924534274,1219.6528440724564,1219.3702534274198,1220.118610008154,0.7483565807342529,0.75,0.0415499559968716,11,unreviewed
2020-02-11,2020-02-10,2020-02-13,0.6916350532202151,0.3937613324029031,34.937797291806085,34.53268542839214,35.715490986127406,1.1828055577352643,1.0,0.0625658051211766,2,unreviewed
2019-02-10,2019-02-06,2019-02-15,0.6915615783889313,6.7817401646884825,1148.4667734289678,1147.7740011350252,1149.5204354012385,1.7464342662133276,1.25,0.0591163520008052,2,unreviewed
2022-01-09,2022-01-04,2022-01-14,0.691548542531768,2.5204530759310284,615.8211825864109,614.7933781091124,617.0363583141007,2.242980204988271,0.75,0.063217382698203,1,unreviewed
2023-03-29,2023-03-22,2023-04-06,0.6908048749482394,3.2533391816941735,1038.3295678965112,1037.2610038616697,1039.5059589189475,2.2449550572782755,1.25,0.0624531070047923,3,unreviewed
2023-01-05,2023-01-04,2023-01-06,0.6897457271468558,5.350770069178542,499.42033813103393,498.79978894023225,500.2967313220725,1.4969423818401992,1.0,0.0635054963956217,1,unreviewed
2022-07-31,2022-07-29,2022-08-02,0.6894282510082865,47.31133469647385,1015.8616372402176,1015.310882215388,1016.5581052880734,1.2472230726853013,1.5,0.0535399031711669,7,unreviewed
2023-02-04,2023-02-03,2023-02-06,0.6893123004893081,23.112961471968877,610.6431016689481,610.3080265941098,611.305075103417,0.9970485093072056,1.0,0.04481282187164,2,unreviewed
2022-07-31,2022-07-29,2022-08-02,0.6893119262541743,8.058870028155372,315.17039652421744,314.42640835698694,315.9233505865559,1.4969422295689585,2.0,0.0620349595930247,7,unreviewed
2019-09-20,2019-09-16,2019-09-24,0.6892035228103957,31.127425316707257,1004.9382016103772,1004.0863888948224,1006.0819109557196,1.9955220608972013,1.75,0.0533566060830158,9,unreviewed
2023-02-02,2023-02-02,2023-02-03,0.6884555515228274,14.63403535867014,258.21913659487086,257.0436419202015,259.53854496078566,2.494903040584177,1.25,0.0600543591607579,2,unreviewed
2024-03-15,2024-03-09,2024-03-22,0.6873093940528181,3.2471584726826968,401.23037522335954,400.0015934086405,402.7459872281179,2.744393819477409,0.75,0.0589036033563436,3,unreviewed
2024-09-14,2024-09-11,2024-09-17,0.6864925635006173,6.184484292220932,31.789553215750985,31.732738089747727,32.21555704437196,0.4828189546242356,0.75,0.0309290470560481,9,unreviewed
2023-02-04,2023-02-03,2023-02-06,0.6864534559291277,14.422416927841862,317.1349887995443,316.6718219597824,317.9192730137147,1.2474510539323092,1.0,0.0630916429181558,2,unreviewed
2025-01-19,2025-01-14,2025-01-24,0.6851735093987588,2.849404588836125,673.1343134759744,672.1062062340789,674.3491864381358,2.2429802040569484,1.0,0.0587850015450059,1,unreviewed
2022-08-06,2022-08-02,2022-08-10,0.6849554550607552,26.484056910751224,223.05693825723696,222.6139844604768,223.8614350873977,1.2474506269209087,3.0,0.0629485563870679,8,unreviewed
2025-05-30,2025-05-27,2025-06-02,0.6844698226020323,25.37545630997184,245.6914901705921,245.56708976393568,246.06606998760253,0.4989802236668765,0.5,0.0300848038069395,5,unreviewed
2022-09-27,2022-09-26,2022-09-28,0.6843329149155569,6.774459416289447,104.78373264194254,104.10612700972706,105.60306804487482,1.4969410351477563,2.0,0.0662339998055719,9,unreviewed
2022-07-31,2022-07-29,2022-08-02,0.6841495396999588,29.26045395721396,801.0662148462927,800.4078758009709,801.9029746260494,1.4950988250784576,1.25,0.0574849357930352,7,unreviewed
2021-10-16,2021-10-12,2021-10-21,0.6835144003052537,2.65596648361987,625.6335208948036,624.5116405552253,627.0038059051149,2.492165349889546,1.0,0.0645470226903214,10,unreviewed
2024-02-12,2024-02-08,2024-02-16,0.683326908503183,2.9849104008771437,470.55931365264297,469.858903828077,471.605335756205,1.746431928128004,1.25,0.057570546805244,2,unreviewed
2024-02-03,2024-01-30,2024-02-08,0.6831812062910618,6.29428685028357,1085.7426513543862,1084.9027438471094,1086.6488326615654,1.7460888144560158,1.5,0.0597953289681381,2,unreviewed
2023-08-18,2023-08-15,2023-08-22,0.6830308261397671,13.206057436382212,1195.584020370044,1195.175226630643,1196.422449701931,1.2472230712883174,2.5,0.0599344635925916,8,unreviewed
2023-02-04,2023-02-03,2023-02-06,0.6819204081250427,27.25047827563933,516.7594158952229,516.2641208716668,517.5115727796219,1.24745190795511,0.75,0.0426928302941692,2,unreviewed
2024-07-05,2024-07-03,2024-07-08,0.680926003001819,1.9466139444025476,499.9414039867686,499.0492791645229,501.0452028727159,1.995923708193004,0.75,0.0636526203402609,7,unreviewed
2019-12-26,2019-12-22,2019-12-30,0.6807852905914826,12.87633702302382,524.5945792090251,523.7488343971781,525.7447576094419,1.9959232122637331,1.5,0.0600833794647922,12,unreviewed
2021-11-20,2021-11-18,2021-11-22,0.6802812582386778,41.79804038253022,1169.520681400294,1168.980712309014,1170.228165183682,1.2474528746679423,1.0,0.0509039070921526,11,unreviewed
2022-07-15,2022-07-12,2022-07-18,0.6802745843787904,13.841292147837658,33.367657060554215,33.13271175837144,33.84886005008593,0.7161482917144895,1.0,0.0475970348967521,7,unreviewed
2021-07-27,2021-07-14,2021-08-09,0.679138843120007,33.25038320492486,519.2518201624081,519.0085155651905,519.7569866888225,0.7484711236320436,0.75,0.0332305419352624,7,unreviewed
2023-02-04,2023-02-03,2023-02-06,0.6781770588259527,20.591606349115835,580.3868702443835,579.8841858403757,581.1316379988566,1.2474521584808826,1.25,0.0619884438302682,2,unreviewed
2019-02-02,2019-01-30,2019-02-06,0.6772074779666094,1.8291794401363484,508.39118538290495,507.78144527599216,509.2783879507333,1.496942674741149,1.0,0.0548733909745427,2,unreviewed
2023-04-21,2023-04-17,2023-04-25,0.6771125469876502,3.207920214761628,140.4117568618262,139.03475674195215,142.52761974046007,3.492862998507917,0.75,0.0612779482698527,4,unreviewed
2020-08-09,2020-08-05,2020-08-14,0.6769002932942217,43.25037129556766,1032.1843743486531,1031.7734734499827,1032.7712632780897,0.997789828106761,0.75,0.0559121178471392,8,unreviewed
2024-05-26,2024-05-24,2024-05-29,0.6768179615647695,6.185513011440189,273.8224075207172,273.7594901314005,274.25847060373053,0.498980472330004,0.75,0.0219009349381228,5,unreviewed
2019-12-26,2019-12-22,2019-12-30,0.6763676943261976,9.88157530601482,612.5800962356298,612.0523298238404,613.2985652177595,1.2462353939190507,2.0,0.0583891491323791,12,unreviewed
2022-08-06,2022-08-02,2022-08-10,0.6763341379091936,25.72188363625163,266.84225752754037,266.27478186786175,267.7717236247845,1.4969417569227517,1.75,0.0595517755274649,8,unreviewed
2021-05-18,2021-05-04,2021-06-01,0.6760597611835423,14.34569705465343,102.21840679898874,101.86071520578116,102.85867556510492,0.9979603593237698,1.0,0.043317610746999,5,unreviewed
2018-05-05,2018-03-26,2018-06-15,0.6758758246152435,18.271775885545697,1058.7932314858974,1057.9639582792297,1059.7100478447974,1.7460895655676725,1.25,0.0602522853670713,5,unreviewed
2019-12-14,2019-12-14,2019-12-14,0.6757861953006808,3.0471677146288982,752.8187012611352,752.4732716819271,753.721493751742,1.2482220698148012,1.0,0.0414234094776526,12,unreviewed
2022-07-31,2022-07-29,2022-08-02,0.6756395575007247,38.87343956658621,1175.383727583178,1174.718998324126,1176.4654325898737,1.7464342657476664,1.5,0.0614049855244205,7,unreviewed
2024-08-17,2024-08-14,2024-08-21,0.6756156688246793,17.659808733316936,903.6746028835252,903.3153905011714,904.3131795781665,0.9977890769951046,2.0,0.0609308199290519,8,unreviewed
2022-09-27,2022-09-26,2022-09-28,0.6753649936575065,27.9236597039599,595.5900680047012,594.8536138888448,596.849536602851,1.9959227140061555,1.75,0.0627055234232798,9,unreviewed
2024-01-28,2024-01-26,2024-01-30,0.6752457373948455,2.7061444965935286,90.79966603941465,90.06497731804848,91.7144406088628,1.6494632908143103,0.75,0.0503067379380754,1,unreviewed
2019-03-11,2019-03-08,2019-03-15,0.6747259247938954,25.241719342014125,522.7228800128247,522.5013818112202,523.2498529339209,0.748471122700721,0.75,0.038317697880637,3,unreviewed
2023-02-02,2023-02-02,2023-02-03,0.6743031638376633,8.86865990632973,578.3900009523297,577.6387721817009,579.3852051254362,1.7464329437352717,1.0,0.0540770278811679,2,unreviewed
2024-01-18,2024-01-10,2024-01-26,0.6740694539965594,4.2039415742571995,1003.577837949996,1003.0886561609803,1004.3358789840712,1.2472228230908513,1.25,0.0539953873640537,1,unreviewed
2025-02-24,2025-02-20,2025-02-28,0.6738748517269453,38.40642638666261,1192.813170982146,1192.431459931191,1193.6786840022542,1.2472240710631013,1.0,0.063620967910265,2,unreviewed
2024-11-01,2024-10-29,2024-11-04,0.6733977643037792,1.9699263688725437,518.2279891475542,517.2620826903731,519.5074961711653,2.2454134807921946,0.75,0.0577680380415891,11,unreviewed
2023-02-04,2023-02-03,2023-02-06,0.6730481039436969,19.139949210339676,759.933291017562,759.4643895514309,760.712610621471,1.2482210700400174,1.0,0.0476297840458987,2,unreviewed
2022-08-06,2022-08-02,2022-08-10,0.6729884758123662,2.487123027875434,596.1464840685373,594.8536138888448,597.5980081544258,2.7443942655809224,0.75,0.062071076971156,8,unreviewed
2019-12-04,2019-12-02,2019-12-06,0.6729137535306363,7.539731499611859,274.0323268407216,273.2605096134357,275.0069415047765,1.7464318913407624,1.25,0.057587094252497,12,unreviewed
2018-05-05,2018-03-26,2018-06-15,0.6728438963056464,11.346231125732968,342.1547262229223,341.12187418853864,343.3672869550064,2.24541276646778,1.25,0.05937117376604,5,unreviewed
2023-02-02,2023-02-02,2023-02-03,0.6723091142993416,15.680963515769797,404.12409021969904,403.4944590292871,404.9914009831846,1.4969419538974762,1.5,0.0590893764273908,2,unreviewed
2025-11-07,2025-11-05,2025-11-10,0.6712329387993667,33.24119902502184,534.4481422875687,534.227433134336,534.9759042579681,0.7484711236320436,0.75,0.079541805605923,11,unreviewed
2022-09-27,2022-09-26,2022-09-28,0.6710854901566206,37.17752687834252,1174.6479710447975,1173.47154484177,1175.9664511983283,2.4949063565582037,1.0,0.0643803882978764,9,unreviewed
2018-01-11,2017-12-21,2018-02-01,0.671019624773059,3.608608276415035,1071.512764697571,1070.9344848212786,1072.4311403902248,1.496655568946153,1.0,0.0588309076062685,1,unreviewed
2023-01-14,2023-01-09,2023-01-20,0.6707384494424753,30.169382393991167,1076.9927634043866,1076.6714477282949,1077.6692375564016,0.997789828106761,1.0,0.0464933116142874,1,unreviewed
2021-03-30,2021-03-08,2021-04-21,0.6707014625367443,44.92450767477008,992.053194374588,991.614728845656,992.6125186723656,0.9977898267097772,1.0,0.0617505003868775,3,unreviewed
2021-06-22,2021-06-01,2021-07-14,0.6700128075178952,4.531773444987323,400.39306614197426,400.0015934086405,401.2490446413867,1.2474512327462437,1.0,0.0586866462844971,6,unreviewed
2021-01-06,2020-12-17,2021-01-26,0.6699911642526528,43.63612544973974,1074.1967996753758,1073.9276830228046,1074.67603960447,0.7483565816655755,1.25,0.0513430929231529,1,unreviewed
2023-02-04,2023-02-03,2023-02-06,0.6699323469641123,16.68519173340968,371.39142515592425,370.8112241588533,372.0586754619144,1.247451303061098,1.25,0.0624279754066278,2,unreviewed
2023-10-29,2023-10-26,2023-11-01,0.6697718624642031,2.9577380238422415,284.9863011826504,284.23808224638924,285.9845136394724,1.746431393083185,0.75,0.0502356370778838,10,unreviewed
2024-10-13,2024-10-09,2024-10-18,0.6696239772138007,1.9749881262655573,76.11747164429039,75.13192374166101,77.24804570293054,2.1161219612695277,0.75,0.0659116684706524,10,unreviewed
2018-01-11,2017-12-21,2018-02-01,0.6691548111009683,4.1039402670995635,721.8793457724523,721.0132427676581,723.01051207399,1.997269306331873,1.0,0.05976036779223,1,unreviewed
2023-02-04,2023-02-03,2023-02-06,0.6690830827003093,30.41448497927093,204.1975324402268,203.6527232970111,204.90017491951585,1.247451622504741,2.0,0.0643706553801258,2,unreviewed
2023-02-04,2023-02-03,2023-02-06,0.6685735615655407,3.116794647655014,319.2252168584895,318.6677443878725,319.91519544133916,1.247451053466648,1.25,0.05455587405081,2,unreviewed
2023-04-21,2023-04-17,2023-04-25,0.6682608257386672,23.38309770295499,995.4611725168623,994.6079270467162,996.6034496077336,1.995522561017424,1.0,0.0551803831121211,4,unreviewed
2022-04-25,2022-04-22,2022-04-29,0.6682452326080893,18.840742586927337,1076.492992782794,1075.9231487410143,1077.419804310426,1.4966555694118142,1.5,0.0596548187976313,4,unreviewed
2023-12-17,2023-12-13,2023-12-21,0.6681750011479657,3.981379257233272,671.1184541151672,670.8602755344473,671.608137903735,0.7478623692877591,0.75,0.0422517893348429,12,unreviewed
2020-06-21,2020-06-19,2020-06-24,0.6679984869098221,2.504158800054529,627.2481224260065,627.0035022045486,627.7513650720939,0.7478628675453365,0.75,0.0440478212282823,6,unreviewed
2023-02-04,2023-02-03,2023-02-06,0.6676743992838876,16.613835525656956,700.943912530044,700.2895729043521,701.7874767198227,1.497903815470636,1.0,0.0687859128438043,2,unreviewed
2022-07-31,2022-07-29,2022-08-02,0.6672699758492155,30.28342863806232,823.1665550827549,822.5797092854045,824.074808109086,1.4950988236814735,1.25,0.0570430137406963,7,unreviewed
2023-02-04,2023-02-03,2023-02-06,0.6672505779947763,17.60669206808223,348.8969168293239,348.35709361126646,349.6045454130508,1.2474518017843366,1.75,0.0761794951868792,2,unreviewed
2022-08-06,2022-08-02,2022-08-10,0.6667482297000736,25.189452958551517,907.5461884186404,906.558021449484,908.8029770078138,2.2449555583298206,2.75,0.06184039046262,8,unreviewed
2019-01-13,2019-01-07,2019-01-19,0.6662661524751226,4.10605407428502,782.3347672773128,781.4364731414244,783.4337434484623,1.9972703070379791,1.0,0.0578316663407881,1,unreviewed
2023-01-14,2023-01-09,2023-01-20,0.665867093077369,4.334818364187354,1021.1394189998972,1020.2995461337268,1022.0456356992944,1.7460895655676725,1.0,0.050385954519982,1,unreviewed
2025-03-28,2025-03-24,2025-04-01,0.6654486981976987,1.7345715694342645,48.33825956770112,47.36577779753134,49.48189975973219,2.1161219622008502,0.75,0.0531788037436942,3,unreviewed
2024-03-03,2024-02-27,2024-03-08,0.6651424491131457,3.1655114436099674,718.2752940359653,717.2680015875958,719.5149536393583,2.2469520517624915,1.0,0.0575498429782946,3,unreviewed
2020-04-12,2020-04-08,2020-04-16,0.664443502628115,6.367712143747048,518.5177229806588,518.0105534959584,519.2580056544393,1.2474521584808826,1.5,0.0566564927350803,4,unreviewed
2023-02-04,2023-02-03,2023-02-06,0.664275283935439,19.789472909571874,369.62255307634945,369.0647914134898,370.3122429652139,1.2474515517242253,1.25,0.0681935952778344,2,unreviewed
2025-04-25,2025-04-21,2025-04-29,0.6640132569692054,32.325590206995614,223.1491426205868,222.8634745948948,223.61194495297968,0.7484703580848873,1.0,0.04967807621476,4,unreviewed
2022-08-13,2022-08-10,2022-08-17,0.6624316769209345,30.122558240523645,259.7147426295675,259.2890548715368,260.28701561130583,0.9979607397690416,1.5,0.0531439875577755,8,unreviewed
2022-08-20,2022-08-17,2022-08-24,0.6624086614602013,38.98444214798214,1191.180718092788,1190.9348604599943,1191.6832170393318,0.7483565793372691,0.75,0.0437695594147594,8,unreviewed
2022-09-27,2022-09-26,2022-09-28,0.6622297146936875,36.607264363331986,958.8481379724752,958.190684877336,959.6873411973938,1.4966563200578094,2.0,0.0602062752104317,9,unreviewed
2018-02-15,2018-02-01,2018-03-01,0.662095551398194,35.24826357160217,1030.7770596320363,1030.526307220105,1031.274663801305,0.7483565811999142,0.75,0.0412760810599515,2,unreviewed
2021-11-24,2021-11-22,2021-11-27,0.6614581665926853,32.08888750274518,1078.3900508073382,1078.1680472046137,1078.9164037858136,0.7483565811999142,1.0,0.0834670266469305,11,unreviewed
2021-06-22,2021-06-01,2021-07-14,0.6610320375202483,13.89538339739024,869.8883518516358,869.4145927224308,870.660569800064,1.2459770776331425,2.0,0.0593892529024119,6,unreviewed
2023-03-19,2023-03-17,2023-03-22,0.6603642149238513,3.343422435603304,379.05134406589326,378.2959340107627,380.04236616939306,1.7464321586303413,1.0,0.0556048803418865,3,unreviewed
2022-05-21,2022-05-18,2022-05-25,0.660241278682374,2.0111294029890647,519.862513550127,518.7590250484645,521.2539297915064,2.494904743041843,0.75,0.0579357059524202,5,unreviewed
2025-01-19,2025-01-14,2025-01-24,0.6597311961949047,3.2385040312375413,978.6188428650464,977.6464713178576,979.8914271257818,2.24495580792427,0.75,0.0536002152890696,1,unreviewed
2021-12-01,2021-11-30,2021-12-03,0.6581959589307117,1.476642735257531,544.5577352740529,543.957561315503,545.454502995126,1.496941679622978,0.75,0.0495763564429585,12,unreviewed
2022-09-19,2022-09-13,2022-09-26,0.6579517081333373,47.37205605919113,1018.5352480444992,1017.8052146751434,1019.5513032400048,1.7460885648615658,1.25,0.0589115815234532,9,unreviewed
2022-08-06,2022-08-02,2022-08-10,0.657739703929998,31.4458220139618,1236.244571821017,1235.832848620601,1237.080071691889,1.2472230712883174,2.0,0.0622682522036781,8,unreviewed
2022-09-27,2022-09-26,2022-09-28,0.6577155033913408,30.16525332111391,823.15161039022,822.5797092854045,824.074808109086,1.4950988236814735,1.5,0.0590344363744803,9,unreviewed
2024-12-28,2024-12-27,2024-12-30,0.657213092724116,4.676121565534306,1029.651461589938,1029.0297077437865,1030.5263640633784,1.496656319592148,1.25,0.0566402761624185,12,unreviewed
2021-06-22,2021-06-01,2021-07-14,0.6568656154023146,39.515779535918064,1197.6430807186855,1197.4201258383691,1198.168482418172,0.7483565798029304,0.75,0.0567669788247031,6,unreviewed
2024-06-02,2024-05-29,2024-06-07,0.6562150699945981,32.498113279282194,535.728740999346,535.4748857198283,536.2233568443917,0.7484711245633662,0.75,0.0503470451551315,6,unreviewed
2021-11-24,2021-11-22,2021-11-27,0.6561577496465933,32.70480094022983,1243.1717365680809,1242.816980489995,1243.814770315308,0.9977898253127933,1.25,0.0831711578439244,11,unreviewed
2023-12-17,2023-12-13,2023-12-21,0.6560036271439599,2.806352786923901,933.386677515767,932.2496362910606,934.7440250944346,2.4943888033740222,1.0,0.0568823276555092,12,unreviewed
2019-11-24,2019-11-22,2019-11-26,0.6558423941737829,3.43948549323937,816.2487707241534,815.3551786215976,817.3485209406354,1.9933423190377653,1.0,0.0573060813468673,11,unreviewed
2019-01-21,2019-01-19,2019-01-23,0.6555665205075957,5.17338139510368,1005.0828510107016,1004.3358218912036,1006.0819109557196,1.746089064516127,1.5,0.0580723348524413,1,unreviewed
2023-01-14,2023-01-09,2023-01-20,0.6555608446080653,18.588216436065153,921.9056466910072,921.0251442193984,923.020667030476,1.9955228110775352,1.0,0.0579345460325049,1,unreviewed
2019-01-13,2019-01-07,2019-01-19,0.65541476816081,3.714333623047203,1171.6063454836417,1170.9766378784552,1172.4735814491287,1.4969435706734655,1.25,0.0568889711711778,1,unreviewed
2024-02-19,2024-02-16,2024-02-23,0.6544365798933877,2.7777891749312307,448.7003330021904,448.1532396832481,449.65018113935366,1.49694145610556,1.0,0.0535024622946707,2,unreviewed
2024-03-03,2024-02-27,2024-03-08,0.6541764241028234,33.30530197464487,948.7437721966296,948.2133587868884,949.460581109859,1.2472223229706287,2.25,0.0601389849845771,3,unreviewed
2024-02-03,2024-01-30,2024-02-08,0.6540178731511057,2.354686008232376,917.3318197052234,916.0364812985064,919.0297360946424,2.99325479613617,1.0,0.0592110453346583,2,unreviewed
2019-01-13,2019-01-07,2019-01-19,0.6528406541649849,3.3356863210996988,832.9564523211461,832.0463346713223,834.0396769898944,1.993342318572104,1.0,0.0638124662270478,1,unreviewed
2022-07-31,2022-07-29,2022-08-02,0.6527945608709963,30.052110178042177,870.4637339054254,869.9128362154588,871.4079350405373,1.4950988250784576,1.75,0.0591282746391652,7,unreviewed
2022-06-23,2022-06-15,2022-07-01,0.6524376029258033,25.58298998875467,1030.176716804286,1029.7780074821785,1030.775797309354,0.9977898271754384,1.0,0.0409226549488414,6,unreviewed
2022-07-31,2022-07-29,2022-08-02,0.6520728484153214,37.79645698130249,1198.0022474816185,1197.4201258383691,1198.6673489091918,1.2472230708226562,1.5,0.056088704501165,7,unreviewed
2023-11-12,2023-11-09,2023-11-16,0.6519113659550553,3.3714474640974363,687.934061762354,687.0573791125789,689.053655707743,1.9962765951640904,1.0,0.0613991264417715,11,unreviewed
2024-04-12,2024-04-09,2024-04-16,0.6519093076618188,2.5457398185415108,505.8617198816975,505.5360316159203,506.5339930090122,0.9979613930918276,1.0,0.0483823601624716,4,unreviewed
2023-12-10,2023-12-08,2023-12-13,0.6517076572971835,4.11002588950862,914.0707319453992,913.2927165925504,915.038805407472,1.7460888149216771,1.0,0.0565332400910053,12,unreviewed
2023-01-14,2023-01-09,2023-01-20,0.6507773711268968,5.069751519089214,1040.0901985999278,1038.7576023386791,1041.750858133193,2.9932557945139706,1.0,0.0587133690548531,1,unreviewed
2023-02-25,2023-02-21,2023-03-02,0.6505880705216792,3.5031945412208825,1120.5185443051848,1120.080531857442,1121.078494034242,0.9979621767997742,0.75,0.0405151735955255,2,unreviewed
2023-12-02,2023-11-27,2023-12-08,0.6504615166739078,3.136425119058977,103.54760816688758,101.86071520578116,106.10204872256143,4.241333516780287,1.0,0.053010299352155,12,unreviewed
2025-11-13,2025-11-10,2025-11-17,0.650361096912985,2.4689463553672204,325.0191207246746,324.1565313115716,326.1524541480467,1.9959228364750743,0.75,0.052797810946136,11,unreviewed
2025-11-07,2025-11-05,2025-11-10,0.6503594752274049,3.681282948654835,1008.5592709777404,1007.8278868347406,1009.573975900188,1.7460890654474497,1.25,0.0599847007650763,11,unreviewed
2024-11-08,2024-11-04,2024-11-12,0.6499676510422395,19.80342093366333,657.596307977409,657.1550338538364,658.4012689995579,1.2462351457215846,1.25,0.0550298165846564,11,unreviewed
2021-11-20,2021-11-18,2021-11-22,0.6498536340714528,42.35926357548568,1102.6507603923517,1102.1172002330422,1103.3646536050364,1.2474533719941974,1.0,0.0538656399119916,11,unreviewed
2023-10-22,2023-10-18,2023-10-26,0.6497602000330291,2.9853408874815446,612.0432169511819,611.8031434356235,612.5510063008405,0.74786286521703,0.75,0.0387623412835464,10,unreviewed
2022-08-20,2022-08-17,2022-08-24,0.649697827510717,3.856708635056739,34.30388682987124,33.83269882807508,35.015504385810345,1.1828055577352643,0.75,0.0653501036532056,8,unreviewed
2021-08-24,2021-08-09,2021-09-08,0.6485052648841075,20.403765798225702,1043.3738082390016,1042.7485332749784,1044.2451895931736,1.4966563181951642,1.5,0.057911737991863,8,unreviewed
2024-02-12,2024-02-08,2024-02-16,0.6483630555332356,5.209645401048636,972.1176013059584,971.6600754139944,972.907298236154,1.2472228221595287,1.25,0.0571423504719026,2,unreviewed
2021-11-10,2021-11-08,2021-11-12,0.6476192632046622,30.133072383297225,1215.77765336661,1215.3793205022812,1216.3771110773089,0.9977905750274658,1.0,0.0625607193184712,11,unreviewed
2022-09-03,2022-08-30,2022-09-08,0.6472152763776462,13.226842747953594,82.04662362039686,81.43180572567508,82.38128312025219,0.9494773945771158,0.5,0.0314259519147558,9,unreviewed
2022-07-31,2022-07-29,2022-08-02,0.6467889601876421,31.05283485445295,1199.253678507,1198.6672920645217,1200.1639483813196,1.4966563167981803,1.75,0.0595567423640252,7,unreviewed
2024-03-15,2024-03-09,2024-03-22,0.6467232819216474,3.2203291756042036,316.95857849603584,315.67386049730703,318.6677442979999,2.9938838006928563,0.75,0.060592004347644,3,unreviewed
2022-01-04,2022-01-04,2022-01-04,0.6460666863792668,37.79444667188122,1109.6280364562133,1109.3524309215136,1110.100902404636,0.7484714831225574,1.0,0.1069800755357717,1,unreviewed
2022-09-27,2022-09-26,2022-09-28,0.6459214831473238,39.19907615645084,969.1864337003758,968.4174444652162,970.4129667766392,1.995522311422974,1.5,0.0591807275561034,9,unreviewed
2019-11-01,2019-10-29,2019-11-05,0.64537971541852,0.75,30.21724337950613,30.099435317330062,30.58225450804457,0.4828191907145083,0.25,0.0179689700037616,11,unreviewed
2021-06-22,2021-06-01,2021-07-14,0.6446130947467805,1.955189310693129,566.28525845086,565.4137398237363,567.4096635333262,1.995923709589988,0.75,0.0565635615872523,6,unreviewed
2019-07-26,2019-07-22,2019-07-31,0.6445064377336267,1.7173998195521434,591.8582331506182,591.1112568774261,592.8576893224381,1.746432445012033,0.75,0.0508206010490062,7,unreviewed
2023-02-02,2023-02-02,2023-02-03,0.6444618413801735,30.70720563362233,586.2486712337485,584.8739951904863,587.368899686262,2.4949044957756996,1.5,0.0553747477694638,2,unreviewed
2023-02-19,2023-02-17,2023-02-21,0.6443939177033754,3.4871188249385963,1137.9116141460472,1136.7964095030911,1139.2913158582523,2.49490635516122,0.75,0.0565405527912405,2,unreviewed
2025-10-11,2025-10-06,2025-10-17,0.6433744388261822,15.492847330545816,472.34749787415655,472.1043170853518,472.8527881205082,0.748471035156399,0.75,0.0316189670498894,10,unreviewed
2023-01-14,2023-01-09,2023-01-20,0.6432806305526246,5.886351331251795,96.13641317911492,95.43154313229024,97.08100712578744,1.6494639934971929,1.5,0.0634840973602615,1,unreviewed
2020-03-11,2020-03-04,2020-03-19,0.6431381093391411,7.889983708071609,250.0950735190446,249.55893390532583,250.80638453178108,1.2474506264552474,2.0,0.0587470848039291,3,unreviewed
2021-11-20,2021-11-18,2021-11-22,0.6430205371345827,34.31023688579578,1186.2813038770646,1185.9460806511345,1186.943985377904,0.9979047267697752,1.0,0.0470635572426386,11,unreviewed
2021-06-22,2021-06-01,2021-07-14,0.6422386351948767,15.457767835118029,647.1141299743224,646.4400268462487,648.1846340256743,1.7446071794256568,1.25,0.0551701445882535,6,unreviewed
2022-07-31,2022-07-29,2022-08-02,0.6422209837710623,20.755933572617668,713.0275553693025,712.5240284251049,713.7722494965419,1.2482210714370012,1.75,0.0572898164442091,7,unreviewed
2023-01-14,2023-01-09,2023-01-20,0.6421752647122075,6.239596732804936,819.9453836487853,819.341126574669,821.0853471453302,1.7442205706611276,1.5,0.0589356238378511,1,unreviewed
2023-02-25,2023-02-21,2023-03-02,0.6418122566323503,2.342020551246727,541.8203841553451,540.9636751082726,542.9595988183282,1.9959237100556493,1.0,0.0584286607633395,2,unreviewed
2023-09-23,2023-09-18,2023-09-29,0.6418083271634447,1.9600741832711832,501.9837154249779,501.2946938187815,503.0411262647249,1.7464324459433556,0.75,0.0523081685988209,9,unreviewed
2022-07-31,2022-07-29,2022-08-02,0.6416031839375599,20.19019699547918,698.700177921255,698.0424281964079,699.7900147568434,1.7475865604355931,1.25,0.0583094120735875,7,unreviewed
2023-01-05,2023-01-04,2023-01-06,0.6411130606572306,3.583324796322985,386.2691295297555,385.5311534330249,387.2775860913098,1.7464326582849026,1.0,0.0588579389450634,1,unreviewed
2021-11-20,2021-11-18,2021-11-22,0.640973720442385,1.1021053778801035,29.931138213447035,29.632777349557728,30.34892540657893,0.7161480570212007,0.5,0.0276659971555239,11,unreviewed
2022-07-31,2022-07-29,2022-08-02,0.6405739125743638,26.478870642338503,557.3204871772883,556.9310642289929,557.9290258707479,0.997961641754955,1.75,0.0596908432334617,7,unreviewed
2019-02-10,2019-02-06,2019-02-15,0.6405054899173872,11.62774386838566,1219.2847238710333,1218.6219536922872,1220.118610008154,1.4966563158668578,1.5,0.0574421265692387,2,unreviewed
2022-10-28,2022-10-25,2022-11-01,0.6400539128558468,37.658668811580974,1051.9299597022557,1051.2292626383714,1052.9753512027671,1.7460885643959043,2.0,0.0648086812912108,10,unreviewed
2021-12-14,2021-12-13,2021-12-16,0.639256667275652,1.6960172791306398,503.9248227087444,503.29061696119606,504.78755963686854,1.4969426756724715,0.75,0.0537050021568009,12,unreviewed
2024-04-06,2024-04-04,2024-04-09,0.6390533952254364,2.4565739781716367,509.4804317046531,508.52991682710126,510.5258395415731,1.995922714471817,1.25,0.0670220984695503,4,unreviewed
2019-12-15,2019-12-15,2019-12-16,0.6388833053570909,1.9789705921834615,542.8797760668903,541.9616371775046,543.9575608880259,1.9959237105213103,0.75,0.0676820929013466,12,unreviewed
2022-08-06,2022-08-02,2022-08-10,0.6388370873180577,18.861140371620237,1236.773318095088,1236.0822818661109,1237.578938181512,1.4966563154011965,2.0,0.0603218062081476,8,unreviewed
2024-10-25,2024-10-21,2024-10-29,0.6387193279959323,13.637774652464609,1044.9243539885615,1043.9956995039247,1045.9912223145366,1.995522810611874,1.0,0.0554984279481229,10,unreviewed
2023-02-02,2023-02-02,2023-02-03,0.6385976392049011,25.346551624782865,552.0369838344654,551.4422748405486,552.9392167693004,1.496941928751767,1.5,0.0562053433711076,2,unreviewed
2019-02-02,2019-01-30,2019-02-06,0.638478195824673,5.438318673417653,791.654974452216,790.9244184647687,792.672006026376,1.7475875616073608,1.25,0.0593772893694395,2,unreviewed
2023-02-04,2023-02-03,2023-02-06,0.6375679936065709,17.72644250302071,764.7564793412083,764.2083627134562,765.4565837830305,1.248221069574356,1.25,0.0583634747511774,2,unreviewed
2018-05-05,2018-03-26,2018-06-15,0.6375226487828499,35.248936525127654,1030.7781852083583,1030.526307220105,1031.274663801305,0.7483565811999142,0.75,0.0480878222932144,5,unreviewed
2022-08-06,2022-08-02,2022-08-10,0.6362093329530439,21.843492730599948,1076.046441528249,1075.4242824991234,1076.9209378175435,1.4966553184203804,1.5,0.0541802570359361,8,unreviewed
2022-07-31,2022-07-29,2022-08-02,0.6361620545811314,37.91675029089957,1204.1477819734682,1203.6559569719248,1204.9031802918762,1.2472233199514449,1.5,0.0575400505774713,7,unreviewed
2024-02-12,2024-02-08,2024-02-16,0.6361364818469832,3.577935664388597,907.2167117155288,906.3085884531027,908.5535437609068,2.244955307804048,1.0,0.0562617556300644,2,unreviewed
2023-02-25,2023-02-21,2023-03-02,0.636022714366286,2.0428494712548453,605.5690095645621,604.8259295239113,606.5705374474637,1.744607923552394,1.0,0.0524758588158041,2,unreviewed
2021-02-22,2021-02-08,2021-03-08,0.6356219085379075,2.5373696021563115,631.5564226310537,630.7412960459478,632.7350891157985,1.9937930698506536,0.75,0.0591788984516216,2,unreviewed
2023-11-21,2023-11-16,2023-11-27,0.6354785141091117,3.0127125485489095,629.4906015448205,628.9969920706935,630.243226969149,1.246234898455441,0.75,0.0451803417532591,11,unreviewed
2023-12-02,2023-11-27,2023-12-08,0.6346237610633451,2.9823688739547274,402.2744661486628,401.2490447759628,403.4944586455822,2.2454138696193695,0.75,0.0544163565040768,12,unreviewed
2024-11-15,2024-11-12,2024-11-19,0.6336002279722017,3.537646297523714,1212.6797362580558,1211.6378218224272,1213.882777875289,2.244956052862108,1.0,0.0566274389718177,11,unreviewed
2024-08-17,2024-08-14,2024-08-21,0.633555756363793,39.67204588480951,1234.3725914791291,1234.0868159024976,1234.8351724827662,0.7483565802685916,0.75,0.0372202612154054,8,unreviewed
2025-02-03,2025-01-28,2025-02-10,0.633058086008264,2.9566208613889504,653.7206086365956,652.6696823374368,654.9126615477726,2.2429792103357613,0.75,0.0506946344897448,2,unreviewed
2018-02-15,2018-02-01,2018-03-01,0.6328701575985372,1.9727254194451789,502.4952222746955,501.7936748536304,503.540107050445,1.7464321968145669,0.75,0.0544694265578931,2,unreviewed
2021-11-16,2021-11-15,2021-11-18,0.6324367933135119,28.8780330129087,543.9222057466029,543.708070798777,544.4565416728146,0.7484708740375936,0.5,0.0313371920173924,11,unreviewed
2022-08-06,2022-08-02,2022-08-10,0.632307744564848,26.835238262977597,876.9095574859781,876.3900006376207,877.8850994622335,1.4950988246127963,2.0,0.0609223250027493,8,unreviewed
2021-10-11,2021-10-11,2021-10-12,0.6316505252972441,11.350980748220806,47.127187835345694,46.199133462738246,48.31525495555252,2.1161214928142726,1.0,0.0611593724823592,10,unreviewed
2021-12-10,2021-12-08,2021-12-13,0.6314130107322792,31.985962668532732,1062.2010288929614,1061.9548899652436,1062.703246046323,0.7483560810796916,0.75,0.0431939008268035,12,unreviewed
2022-01-27,2022-01-20,2022-02-03,0.6308506600711121,2.147205573528016,504.8426635016949,504.53806954761967,505.2865406717174,0.7484711240977049,0.5,0.0328585980001203,1,unreviewed
2021-04-27,2021-04-21,2021-05-04,0.63050262139661,8.495077438552686,1377.259743771488,1376.9854619884863,1377.724262509495,0.7388005210086703,0.75,0.0397004785627204,4,unreviewed
2025-03-03,2025-02-28,2025-03-07,0.6298692284325295,2.729143546495249,808.8531064039555,807.1341619710438,811.6187217589468,4.484559787902981,0.75,0.0464470560899734,3,unreviewed
2021-11-16,2021-11-15,2021-11-18,0.6297414271343119,2.984320215925271,647.533186173318,647.187585267704,648.1846340256743,0.9970487579703332,0.75,0.0495049358612517,11,unreviewed
2025-02-15,2025-02-10,2025-02-20,0.629716914733043,7.289836667025552,1026.7606647847151,1026.285943038296,1027.5331661105156,1.24722307221964,1.75,0.0565643274318117,2,unreviewed
2020-02-07,2020-02-05,2020-02-10,0.6296083241716974,27.60041291034703,1122.2496807266043,1121.577476033941,1123.0744196055457,1.4969435716047883,1.0,0.0565789751384342,2,unreviewed
2021-12-07,2021-12-06,2021-12-08,0.6294910014572281,32.30290969746566,1062.4401977211928,1062.2043229616247,1062.9526790427044,0.7483560810796916,1.0,0.0572395718363403,12,unreviewed
2024-12-28,2024-12-27,2024-12-30,0.6292957130898688,40.243708192136026,1197.1848239899516,1196.9212593482807,1197.669615927618,0.7483565793372691,0.75,0.0687500222448872,12,unreviewed
2023-02-02,2023-02-02,2023-02-03,0.628703236500425,22.82085752897549,783.8838466901778,782.9345706142485,785.181522666011,2.2469520517624915,1.0,0.0566935395362207,2,unreviewed
2018-12-07,2018-12-04,2018-12-10,0.6286820298428387,5.390040261041477,653.9595325210828,653.168054618407,654.9126615477726,1.7446069293655455,1.0,0.0540526621275629,12,unreviewed
2022-07-31,2022-07-29,2022-08-02,0.6286351880785823,36.02084086570517,1233.9830357227977,1233.5879494133403,1234.5857392372563,0.9977898239158094,1.75,0.0565746700510563,7,unreviewed
2023-01-27,2023-01-23,2023-01-31,0.6284939766880674,2.4443027637891737,609.8620349079149,609.0620951480232,611.0558889629319,1.993793814908713,1.0,0.0545444718893351,1,unreviewed
2018-03-13,2018-03-01,2018-03-26,0.6283804586974592,2.303211599902964,632.4774368035175,631.73804060556,633.4826475358568,1.744606930296868,1.0,0.0578871343059677,3,unreviewed
2022-08-06,2022-08-02,2022-08-10,0.6276197010428172,29.707711445505407,563.2504991322714,562.9188356474042,563.9167972886935,0.9979616412892938,2.75,0.0600330084553942,8,unreviewed
2019-03-19,2019-03-15,2019-03-23,0.6275335022169816,36.35580593072875,1048.3707753454637,1047.986630440224,1048.984420266468,0.9977898262441158,1.25,0.055355854458536,3,unreviewed
2021-12-04,2021-12-03,2021-12-06,0.6268176527784042,33.498474811882694,604.5704207338878,604.3275572434068,605.0754196131602,0.7478623697534204,0.75,0.0360947411045327,12,unreviewed
2023-12-24,2023-12-21,2023-12-28,0.6266598502969544,12.85548379872699,572.9051011776633,572.399472813122,573.6469244738109,1.2474516606889663,2.0,0.0593473582308564,12,unreviewed
2022-09-03,2022-08-30,2022-09-08,0.6261341746789072,9.685733709268062,64.67740084186339,63.69880504440516,65.81492700614035,2.116121961735189,1.0,0.0597003753958424,9,unreviewed
2022-10-28,2022-10-25,2022-11-01,0.6247326017300293,28.42508624320859,610.9934377434646,610.5572127341293,611.8034473839216,1.2462346497923136,2.0,0.0582483192403572,10,unreviewed
2022-08-13,2022-08-10,2022-08-17,0.6231270706331905,46.58959975116136,1019.8623991538864,1019.301813150756,1020.5490362229756,1.24722307221964,1.25,0.0535994197029738,8,unreviewed
2022-08-06,2022-08-02,2022-08-10,0.623020912600215,2.483491233300643,591.3702573072696,589.8638045396656,593.3566703577526,3.4928658180870116,0.75,0.0585170265853471,8,unreviewed
2021-11-16,2021-11-15,2021-11-18,0.6228357909539924,32.95436141938404,284.9237589974425,284.73706276295707,285.48553312011063,0.7484703571535647,0.75,0.0392980421174976,11,unreviewed
2025-04-25,2025-04-21,2025-04-29,0.6223099282183779,2.1481597643212216,639.9126319920663,638.7152545163408,641.2074201148935,2.492165598552674,1.0,0.0549579796214416,4,unreviewed
2023-02-02,2023-02-02,2023-02-03,0.622083578334907,3.343554861395192,608.844912517297,608.5637226193212,609.3115852372721,0.7478626179508865,1.0,0.0501246453821441,2,unreviewed
2019-11-29,2019-11-26,2019-12-02,0.6220031177811244,32.23991465436069,223.18778532563903,222.8634745948948,223.61194495297968,0.7484703580848873,1.0,0.0608455658152786,11,unreviewed
2024-05-05,2024-05-01,2024-05-10,0.6213800162832251,6.873942774833373,31.73273808974773,31.732738089747727,31.982228178996593,0.2494900892488658,0.5,0.0197705003637225,5,unreviewed
2022-09-27,2022-09-26,2022-09-28,0.6211742493321173,31.04241090636594,1066.178072924112,1065.6963879046962,1066.9436099780723,1.2472220733761787,1.75,0.0606949918524298,9,unreviewed
2018-12-14,2018-12-10,2018-12-18,0.6209597502278855,3.948686209917532,1070.684315166328,1069.9367520865053,1071.6828409023583,1.7460888158529997,1.25,0.0569559416755173,12,unreviewed
2022-10-28,2022-10-25,2022-11-01,0.6206619838063671,11.251612243048058,374.09036965838715,373.3061274439097,375.05255960254,1.7464321586303413,1.25,0.0599853402081065,10,unreviewed
2024-03-03,2024-02-27,2024-03-08,0.6201349359928289,5.486405069863145,842.9033912270351,842.2603252977133,843.7554241232574,1.4950988255441189,1.25,0.0559843488857098,3,unreviewed
2022-09-27,2022-09-26,2022-09-28,0.6200852874650684,20.21334104064499,699.0063428518183,698.0424281964079,700.539062993601,2.49663479719311,1.25,0.0592199269009327,9,unreviewed
2025-10-03,2025-09-30,2025-10-06,0.6192481234705937,6.304894784765044,32.23996989186734,31.966066955123097,32.68221477884799,0.7161478237248957,0.5,0.0715373246720813,10,unreviewed
2022-09-27,2022-09-26,2022-09-28,0.6190763495441459,26.84160940151324,1112.304764499907,1111.597847188823,1113.3442814564332,1.7464342676103115,2.25,0.0604884963659731,9,unreviewed
2019-06-07,2019-06-05,2019-06-10,0.6183389815853709,28.48881087519382,586.9097133850516,586.6204288112931,587.368899686262,0.7484708749689162,0.75,0.0394468538943212,6,unreviewed
2018-08-22,2018-08-08,2018-09-06,0.6161313685306523,35.36849112950168,1045.262864077475,1044.9934324873611,1045.7417890694924,0.7483565821312368,0.5,0.0508508816506407,8,unreviewed
2024-04-06,2024-04-04,2024-04-09,0.6153453500044738,38.48447420787768,1192.143441733309,1191.9325934411029,1192.68095002044,0.7483565793372691,0.75,0.0471651543306029,4,unreviewed
2019-11-24,2019-11-22,2019-11-26,0.6152691931547305,1.9586870327085395,565.9011054748288,564.4157782532275,567.4096635333262,2.993885280098766,0.75,0.0614306822117744,11,unreviewed
2025-03-03,2025-02-28,2025-03-07,0.615238131638619,10.721037935289274,416.4185717122664,415.7194882030599,417.2164299092255,1.4969417061656711,1.75,0.0579040126278119,3,unreviewed
2022-07-31,2022-07-29,2022-08-02,0.615061118420297,41.26335121032755,1039.5593623793857,1038.7576023386791,1040.5036919033157,1.7460895646363497,1.75,0.0576627976154294,7,unreviewed
2023-02-19,2023-02-17,2023-02-21,0.6141581514147829,3.2961662760416934,265.31598439986146,264.52834993228316,266.2747818226926,1.7464318904094398,1.0,0.0574308285031408,2,unreviewed
2021-11-13,2021-11-12,2021-11-15,0.6140906019731189,38.07496586522352,1190.8630656628577,1190.4359939694405,1191.4337837942876,0.997789824847132,1.0,0.0673873988890239,11,unreviewed
2023-02-19,2023-02-17,2023-02-21,0.6135352370344508,5.037643543869256,1059.0322061828322,1058.4628247716464,1059.9594810903072,1.4966563186608255,1.25,0.0557014176509896,2,unreviewed
2022-07-09,2022-07-06,2022-07-12,0.6133247297716471,2.0036662845618114,501.2076050589234,500.2967317495495,502.2926554596051,1.9959237100556493,0.75,0.0575667696301352,7,unreviewed
2025-03-14,2025-03-10,2025-03-18,0.6131961176306395,6.864884769798973,967.3340927232848,966.6714124931024,968.1680685621686,1.4966560690663755,2.0,0.0569608081343926,3,unreviewed
2020-02-20,2020-02-19,2020-02-22,0.6121557439584716,2.7386692764080935,626.8744174503964,626.5051296753809,627.5021786815487,0.9970490061677992,0.75,0.0522367480171141,2,unreviewed
2023-02-04,2023-02-03,2023-02-06,0.611846189130236,3.623448539468744,439.67090290414865,439.4210751336068,440.16954616783187,0.7484710342250764,1.0,0.0411224251304047,2,unreviewed
2018-03-13,2018-03-01,2018-03-26,0.6116601318961788,27.500037016023136,619.0174600500279,618.780357345473,619.5282197142951,0.7478623688220978,0.75,0.0479863925013917,3,unreviewed
2023-02-04,2023-02-03,2023-02-06,0.6112302604724029,24.617470793920447,536.7288698930925,536.2233572718687,537.4708091812208,1.247451909352094,1.0,0.0548720563231017,2,unreviewed
2021-11-20,2021-11-18,2021-11-22,0.6104456141417152,41.959081589301505,1062.3376495107625,1061.7054569688626,1063.2021122882145,1.496655319351703,0.75,0.0528209052490646,11,unreviewed
2023-02-02,2023-02-02,2023-02-03,0.6103312229357947,29.743855118587565,632.7002210447126,632.2364128865302,633.4826475358568,1.2462346493266525,1.25,0.049894572292794,2,unreviewed
2023-05-18,2023-05-15,2023-05-22,0.6091903671301819,3.476466645172446,165.76189897166117,165.2312293527648,166.47868029866368,1.2474509458988905,0.75,0.0528995121294773,5,unreviewed
2023-10-10,2023-10-03,2023-10-18,0.6091620500050521,2.7431738175129654,631.6147355123402,631.2396683250554,632.2367168352939,0.9970485102385284,0.75,0.0488486516861075,10,unreviewed
2022-07-31,2022-07-29,2022-08-02,0.6090050583663923,43.63173430734711,1059.7901105307612,1059.2111245100386,1060.458347582724,1.2472230726853013,1.5,0.0566195946416214,7,unreviewed
2023-12-02,2023-11-27,2023-12-08,0.6089091917995983,2.945985586213474,106.61916132092432,105.35357795562597,107.84848009655252,2.4949021409265697,0.75,0.0524773570456947,12,unreviewed
2023-01-14,2023-01-09,2023-01-20,0.6088554266853653,5.6991761184158705,915.2499796889628,914.5398823227732,916.2859713877552,1.7460890649817884,1.25,0.055474891239842,1,unreviewed
2022-08-06,2022-08-02,2022-08-10,0.6088151964084738,20.39819374175797,700.1648947046671,699.5405246675946,700.7887457385659,1.24822107097134,2.0,0.0596596666680464,8,unreviewed
2021-12-14,2021-12-13,2021-12-16,0.607596000714837,38.24995714170594,1192.1657949951812,1191.9325934411029,1192.68095002044,0.7483565793372691,0.75,0.0535386428735666,12,unreviewed
2019-12-04,2019-12-02,2019-12-06,0.6065147106680324,14.72838823953224,505.4248723979567,504.7875600652769,506.2845027404838,1.4969426752068102,1.25,0.0550421481691403,12,unreviewed
2023-08-04,2023-08-01,2023-08-07,0.6061624930345353,3.002782087462347,160.0744110881093,159.24346421379596,161.23938567750156,1.9959214637055993,0.75,0.0536403849515203,8,unreviewed
2023-01-21,2023-01-20,2023-01-23,0.6058163255357023,2.986625814692092,808.455241918921,807.3832837175578,809.8748695296235,2.4915858120657504,0.75,0.0547721024550174,1,unreviewed
2022-09-27,2022-09-26,2022-09-28,0.6053192789053966,30.502554275915983,936.4957085297232,935.9911339813845,937.238357055001,1.247223073616624,1.75,0.0611580489839943,9,unreviewed
2024-11-15,2024-11-12,2024-11-19,0.6052340156673957,3.870139143091756,750.9518957087588,750.2261269725859,751.9737135353498,1.7475865627638996,1.0,0.0553447088178116,11,unreviewed
2025-03-14,2025-03-10,2025-03-18,0.6049812822069865,10.89326401280728,597.2381162911037,596.3505559968762,598.3464797060005,1.9959237091243267,1.0,0.0561305136658037,3,unreviewed
2025-11-07,2025-11-05,2025-11-10,0.6049209679779106,3.2432736623547704,1083.292349695228,1082.158978140913,1084.6533674439415,2.4943893030285835,0.75,0.057249512944845,11,unreviewed
2021-11-16,2021-11-15,2021-11-18,0.6042932509133606,32.47304918029741,524.7489344699901,524.4973059482872,525.2457770728506,0.7484711245633662,0.75,0.040232629000777,11,unreviewed
2023-12-24,2023-12-21,2023-12-28,0.6039668555041007,27.129434965848137,638.6188652899824,637.9676960953511,639.4631168865599,1.495420791208744,1.5,0.0606274153642884,12,unreviewed
2023-12-17,2023-12-13,2023-12-21,0.6035676713613024,2.8502098313288875,608.5193415798578,608.3145364788361,609.0623988485895,0.7478623697534204,0.5,0.030228362484916,12,unreviewed
2022-07-31,2022-07-29,2022-08-02,0.6030309558068059,18.024694604950348,167.84237489238868,167.2271510665305,168.72409210167825,1.4969410351477563,1.25,0.0561334394894362,7,unreviewed
2021-01-06,2020-12-17,2021-01-26,0.6028623005064736,4.8925372388485195,817.617364636037,816.8499091044068,818.5941296755336,1.7442205711267889,1.5,0.0570862281929247,1,unreviewed
2023-11-12,2023-11-09,2023-11-16,0.6028061652363926,2.7462248609902664,795.916474994411,794.9193433909677,797.1662954417989,2.246952050831169,0.75,0.0558247483665973,11,unreviewed
2023-02-04,2023-02-03,2023-02-06,0.6023862110436645,4.353633065151579,470.36921892766,469.858903828077,471.1063550617546,1.247451233677566,1.0,0.0616226117808335,2,unreviewed
2023-03-11,2023-03-06,2023-03-17,0.6021305460747066,13.982647417141,1273.9603385843243,1273.4972716672346,1274.7444949867204,1.2472233194857836,1.75,0.0555383745490515,3,unreviewed
2023-02-19,2023-02-17,2023-02-21,0.6021216891765385,4.166945836061579,924.1188512003698,923.270043183118,925.2655652454124,1.9955220622941852,1.0,0.0596427362985137,2,unreviewed
2018-12-22,2018-12-18,2018-12-26,0.6015128709862488,3.5802433326600216,918.0491389157156,917.2836472783238,919.0297360946424,1.746088816318661,1.0,0.0585019587795245,12,unreviewed
2023-02-25,2023-02-21,2023-03-02,0.6011126888830935,1.9935415296146493,618.7506971032344,617.7836127844639,620.0265919947997,2.2429792103357613,0.75,0.0539213383740774,2,unreviewed
2019-11-29,2019-11-26,2019-12-02,0.6010435177558494,12.741833423253263,683.3958031215849,682.8212134889327,684.3166350238025,1.49542153486982,1.25,0.054830447913833,11,unreviewed
2018-01-11,2017-12-21,2018-02-01,0.6003235517307994,13.18816097422411,754.0025195725667,753.222320667468,754.9699074784294,1.7475868109613657,1.25,0.0563330944225464,1,unreviewed
2021-11-24,2021-11-22,2021-11-27,0.5995414626735267,39.08166617580093,1191.6661617127445,1191.433726950083,1192.1820835303515,0.7483565802685916,1.0,0.0841867123420595,11,unreviewed
2024-02-03,2024-01-30,2024-02-08,0.5991666038144301,16.01813833043644,744.1271078004152,743.4846918489784,744.9825966646895,1.497904815711081,1.25,0.0556858814159704,2,unreviewed
2018-12-22,2018-12-18,2018-12-26,0.5990790327931038,3.9164746630740392,480.8053212369816,480.0880092214793,481.584951672703,1.496942451223731,1.25,0.0566204497107897,12,unreviewed
2018-05-05,2018-03-26,2018-06-15,0.5990168473883584,39.14965707010663,1088.475666679797,1088.1457197475247,1089.1436821748505,0.9979624273255469,1.0,0.0539768212100251,5,unreviewed
2024-03-03,2024-02-27,2024-03-08,0.5986905767241433,2.492668170145585,537.1870234984822,536.2233572718687,538.4687705030665,2.2454132311977446,0.75,0.053195537075549,3,unreviewed
2021-11-20,2021-11-18,2021-11-22,0.5986424251369182,2.9793874516754006,502.54479171915654,502.2926556388847,503.0411262647249,0.7484706258401275,0.75,0.0385037869555073,11,unreviewed
2024-06-30,2024-06-27,2024-07-03,0.5986339424738838,38.72937507338983,1191.913332852033,1191.6831601960585,1192.4315167753955,0.7483565793372691,0.75,0.0573553779432669,6,unreviewed
2022-08-06,2022-08-02,2022-08-10,0.5983815832486087,35.72871584220142,1225.5650133567974,1225.107218070887,1226.1050078966657,0.9977898257784544,0.75,0.0552003768598916,8,unreviewed
2022-07-31,2022-07-29,2022-08-02,0.5981524266016334,36.126367713906966,1070.9891352582545,1070.6850518258289,1071.6828409023583,0.9977890765294432,2.0,0.0578218850930409,7,unreviewed
2024-12-22,2024-12-17,2024-12-27,0.5977400818566274,2.5093161729442657,57.64105319309441,57.39892329275608,58.11507158493623,0.7161482921801507,0.75,0.0409843426127975,12,unreviewed
2020-03-01,2020-02-28,2020-03-04,0.5974826080845226,23.693299899992276,213.14713298486495,212.88386349612847,213.6323343515396,0.7484708554111421,0.75,0.0421221645666179,3,unreviewed
2022-08-20,2022-08-17,2022-08-24,0.5971849040355264,33.77341989706603,604.3013655830673,604.0783711033873,604.8262334726751,0.7478623692877591,0.75,0.0493003587038856,8,unreviewed
2024-02-03,2024-01-30,2024-02-08,0.5969486992935302,2.898625440145443,282.42078271156424,281.7431791597046,283.48961080238223,1.746431642677635,1.0,0.0513977653022367,2,unreviewed
2018-10-22,2018-10-08,2018-11-05,0.5966101412424193,31.953894750719066,1062.2058494791431,1061.9548899652436,1062.703246046323,0.7483560810796916,0.75,0.0784316061039312,10,unreviewed
2022-05-15,2022-05-12,2022-05-18,0.5962917295160154,1.7937155543412584,543.6136413831157,543.2090897634625,544.2070514047518,0.9979616412892938,1.0,0.0490916363198992,5,unreviewed
2024-12-22,2024-12-17,2024-12-27,0.5957688606614722,2.606881054889852,629.7032262964347,628.9969920706935,630.4924133569002,1.4954212862066925,1.0,0.0556607089231936,12,unreviewed
2023-02-04,2023-02-03,2023-02-06,0.5957449719854266,21.04526911811157,629.8168737724573,629.2461782111786,630.7415997460485,1.49542153486982,0.75,0.0562008486814359,2,unreviewed
2022-10-28,2022-10-25,2022-11-01,0.5953033121549338,31.86358834364313,604.4427585257648,603.8291849638335,605.3246060023084,1.4954210384748876,1.5,0.0564619868054402,10,unreviewed
2023-01-14,2023-01-09,2023-01-20,0.5943079090713531,8.193616273564782,1077.0688736619177,1076.1725817369295,1078.168104047887,1.9955223109573128,1.5,0.0553449690562541,1,unreviewed
2021-01-06,2020-12-17,2021-01-26,0.5938251457486567,3.43360658931807,800.9470425926143,800.1587540549226,802.152096373029,1.9933423181064427,1.0,0.0578051034311897,1,unreviewed
2022-07-31,2022-07-29,2022-08-02,0.5935976731597838,37.9199462455188,1190.5624712279005,1190.186560723465,1191.1843505492434,0.9977898257784544,2.0,0.0508956426627562,7,unreviewed
2023-02-04,2023-02-03,2023-02-06,0.5935138444897963,28.845909703298677,284.8384384578894,284.4875726294704,285.48553312011063,0.9979604906402528,1.25,0.0538589369132504,2,unreviewed
2022-10-01,2022-09-28,2022-10-05,0.5934181650405694,28.48587677168698,587.1460276899223,586.8699193284847,587.6183899543248,0.7484706258401275,0.75,0.046481757027439,10,unreviewed
2019-11-29,2019-11-26,2019-12-02,0.593408060691955,2.7601654846459933,609.831322833333,609.560467925854,610.5575166833587,0.9970487575046718,0.75,0.0414904877950612,11,unreviewed
2017-11-11,2017-10-02,2017-12-21,0.5933783089988119,23.220442474276172,978.5269548757294,977.6464713178576,979.641993880272,1.9955225624144075,0.75,0.0535044178006817,11,unreviewed
2020-08-09,2020-08-05,2020-08-14,0.5933338373904032,23.458599905558263,997.4675427979336,996.8528260109016,998.349482330028,1.4966563191264868,1.25,0.0563087807166298,8,unreviewed
2023-03-19,2023-03-17,2023-03-22,0.592380660504428,13.271512984205676,990.6892251899436,990.3675626153126,991.3653524415568,0.9977898262441158,1.75,0.055429970366969,3,unreviewed
2023-01-14,2023-01-09,2023-01-20,0.5921177603228819,7.701376146644033,843.3144483955618,842.7585687930696,844.253667616751,1.4950988236814735,2.25,0.0563518947911732,1,unreviewed
2020-07-27,2020-07-23,2020-07-31,0.5917742748425086,0.7247434583999984,40.62479700982803,40.365909211337566,41.08205750398338,0.716148292645812,0.75,0.0285609367120837,7,unreviewed
2024-01-18,2024-01-10,2024-01-26,0.5913701008979254,4.3849564034738,1064.9998152997828,1064.4492216748183,1065.945877993945,1.4966563191264868,1.5,0.0573254096277634,1,unreviewed
2023-02-04,2023-02-03,2023-02-06,0.5907785598963164,12.44082250255918,642.4858141542785,641.9546753321774,643.2009099810384,1.246234648860991,1.25,0.0651487088402225,2,unreviewed
2024-01-18,2024-01-10,2024-01-26,0.5907138795906786,2.6700513286238805,60.23632310635089,59.26555469771847,61.14834779268131,1.882793094962835,0.75,0.0328069220808176,1,unreviewed
2019-11-29,2019-11-26,2019-12-02,0.5906453321886574,4.227325141188048,1006.0229465397932,1005.3335543749854,1006.830210694112,1.4966563191264868,0.75,0.0496074921137614,11,unreviewed
2018-02-15,2018-02-01,2018-03-01,0.5905112312656862,37.69859540385044,1124.7440108167762,1124.571364390198,1125.319835871458,0.7484714812599123,0.75,0.0393404275244019,2,unreviewed
2019-02-17,2019-02-15,2019-02-19,0.5903849892805263,2.978917598985618,978.9502534604014,977.147605326958,981.1385923558846,3.990987028926611,0.75,0.0533044282752882,2,unreviewed
2025-05-30,2025-05-27,2025-06-02,0.5902737790732436,21.17833413798835,1163.655402543843,1162.992934603244,1164.4898781729862,1.4969435697421432,1.5,0.0552331408798063,5,unreviewed
2022-08-06,2022-08-02,2022-08-10,0.5902700990944273,25.54798019236605,873.4332486794393,872.6531754331663,874.3973960047588,1.74422057159245,1.25,0.0577282996314146,8,unreviewed
2022-01-04,2022-01-04,2022-01-04,0.5901538990853596,38.24335771110684,1229.83797556151,1229.5970174879767,1230.3453740663826,0.7483565784059465,0.75,0.0421358754148473,1,unreviewed
2019-01-13,2019-01-07,2019-01-19,0.5900040179142432,4.773145888970477,229.82461096801444,229.10073143756017,230.84716283110905,1.7464313935488462,1.25,0.0561582030360891,1,unreviewed
2023-02-04,2023-02-03,2023-02-06,0.5888355310812462,31.258814168427858,607.6916012989606,607.317791919224,608.3148404289968,0.997048509772867,0.75,0.0422913864727201,2,unreviewed
2023-04-11,2023-04-06,2023-04-17,0.5886754831889931,24.247285167139257,777.1923199340052,776.9421837255359,777.6910393051803,0.7488555796444416,0.75,0.0315112208992973,4,unreviewed
2023-03-29,2023-03-22,2023-04-06,0.58858098881769,2.4802143645188712,629.272136419818,628.7478059302084,630.243226969149,1.495421038940549,0.75,0.0566442392221291,3,unreviewed
2019-11-24,2019-11-22,2019-11-26,0.5880434624204034,3.1270913801287135,649.6100279162414,648.9318892429583,650.6764961709268,1.7446069279685616,1.0,0.0536552482842809,11,unreviewed
2022-06-23,2022-06-15,2022-07-01,0.5875321948550102,27.989966217708194,1028.5286296140598,1028.28140850598,1029.029764587991,0.7483560820110142,0.75,0.0337852513285945,6,unreviewed
2024-05-19,2024-05-14,2024-05-24,0.5861525146614639,19.85227065227662,656.2071605036529,655.6599170127884,656.9061516616493,1.246234648860991,1.5,0.0575348235024685,5,unreviewed
2019-12-19,2019-12-16,2019-12-22,0.5857276330394731,2.7631355744497057,629.063267418243,628.7478059302084,629.4956683004275,0.7478623702190816,0.75,0.0356500270654746,12,unreviewed
2024-02-03,2024-01-30,2024-02-08,0.5850782103371582,4.975138064710357,904.5909854500158,903.8142564934678,905.5603458094412,1.7460893159732225,1.25,0.0541168964105637,2,unreviewed
2023-02-25,2023-02-21,2023-03-02,0.5846297519017335,3.4345022358440467,1034.319063246001,1033.7689384175465,1035.016161491163,1.247223073616624,1.0,0.0510353200702469,2,unreviewed
2018-02-15,2018-02-01,2018-03-01,0.5832331063821183,2.229947602355392,564.7991067302845,563.9167977166362,565.912720429711,1.9959227130748332,0.75,0.053886760120449,2,unreviewed
2020-05-07,2020-04-23,2020-05-22,0.5830832875835242,14.569974862008474,478.72241886865334,478.34157690918073,479.3395384163596,0.997961507178843,1.0,0.0451645898921019,5,unreviewed
2023-01-14,2023-01-09,2023-01-20,0.5827818411831894,3.7262343439074175,147.76032083445224,147.51742427283898,148.26589479018003,0.7484705173410475,0.75,0.0471468000850204,1,unreviewed
2022-07-31,2022-07-29,2022-08-02,0.5816853322409408,11.24331467543328,374.2929559149161,373.55561787169427,375.3020497811958,1.7464319095015526,1.25,0.0583875393717275,7,unreviewed
2022-12-27,2022-12-20,2023-01-04,0.5814797524073996,1.818214987496636,508.2736961855294,507.282464241609,509.2783879507333,1.9959237091243267,1.0,0.0530110837851747,12,unreviewed
2023-12-02,2023-11-27,2023-12-08,0.5809487127524334,2.2084867777367765,556.3808608572825,555.6836126395501,557.1805543182418,1.4969416786916554,0.75,0.0540746671467249,12,unreviewed
2023-11-21,2023-11-16,2023-11-27,0.5807185581451013,4.256814224647969,915.5521219816771,914.7893153182232,916.5354046341964,1.7460893159732225,1.25,0.0562959807029493,11,unreviewed
2025-02-15,2025-02-10,2025-02-20,0.580630800006208,12.748983787871628,378.2280988724656,378.0464435820468,378.5454241000116,0.4989805179648101,0.75,0.0312257727870685,2,unreviewed
2021-04-27,2021-04-21,2021-05-04,0.5803372125436842,47.81025180310379,990.2656166149084,989.6192631274462,991.1159191965126,1.4966560690663755,1.25,0.0593109917673586,4,unreviewed
2020-05-07,2020-04-23,2020-05-22,0.5797651941415591,13.87178455078222,939.231570724866,938.734898687806,939.9821217609568,1.2472230731509626,1.5,0.0566280040610072,5,unreviewed
2023-01-14,2023-01-09,2023-01-20,0.579665897086038,2.9639559331626786,161.26231562238434,160.49091515969485,162.23734678374603,1.7464316240511837,0.75,0.0546688100994846,1,unreviewed
2022-07-31,2022-07-29,2022-08-02,0.579619928537094,26.43586698107248,555.3920526342572,554.9351410865784,556.1825932455249,1.247452158946544,1.5,0.0565775624154605,7,unreviewed
2025-04-25,2025-04-21,2025-04-29,0.5795422123742929,43.39913529137576,1074.3549888560733,1073.9276830228046,1074.925472850911,0.997789828106761,1.0,0.0524377227308971,4,unreviewed
2022-01-27,2022-01-20,2022-02-03,0.5795132715239399,28.381531300225816,1151.7403194410808,1151.266870882362,1152.5143237574955,1.2474528751336038,1.0,0.0511546654199919,1,unreviewed
2023-02-02,2023-02-02,2023-02-03,0.5793532860042092,28.340346384890378,613.635155766613,613.2982612689957,614.2953097792342,0.9970485102385284,1.5,0.0535269321436527,2,unreviewed
2024-11-15,2024-11-12,2024-11-19,0.5791251896901134,3.747230407818423,434.40394223641385,433.4333057831973,435.6787194041535,2.245413620956242,0.75,0.0547271741467604,11,unreviewed
2024-02-19,2024-02-16,2024-02-23,0.5784185713848383,5.516774720572739,403.3282407903039,402.7459876113571,403.9934395905584,1.247451979201287,1.25,0.0523780240321804,2,unreviewed
2022-10-28,2022-10-25,2022-11-01,0.5781455044821555,20.777924421802272,713.0048196213243,712.5240284251049,713.7722494965419,1.2482210714370012,1.75,0.0570748966675984,10,unreviewed
2019-11-24,2019-11-22,2019-11-26,0.5778842259861897,3.401490440683234,943.4976643908278,942.2269631321542,945.4696511738002,3.2426880416460335,0.75,0.0551767025970053,11,unreviewed
2025-10-31,2025-10-27,2025-11-05,0.5774978282104654,6.884884191881282,31.879429956970423,31.732738089747727,32.448885911144316,0.7161478213965893,1.0,0.0428021936407971,10,unreviewed
2021-11-06,2021-11-04,2021-11-08,0.577446620369647,4.597611489443379,990.9164219954692,990.1181293698028,991.8642189349048,1.746089565102011,1.5,0.0549837097680239,11,unreviewed
2022-04-18,2022-04-15,2022-04-22,0.5766776295420597,10.982516088560088,1117.3960591079583,1116.837152806111,1118.3340963777157,1.4969435716047883,1.25,0.0543600855174174,4,unreviewed
2024-12-28,2024-12-27,2024-12-30,0.5764757296873352,2.896806673718899,1032.6047355588014,1030.526307220105,1034.018428506795,3.492121286690235,0.75,0.0436515375633793,12,unreviewed
2018-07-12,2018-06-15,2018-08-08,0.5762619790533712,17.974710348568834,405.5712268155438,404.9914011177607,406.2388528487645,1.247451731003821,0.75,0.0451296621754221,7,unreviewed
2023-05-06,2023-05-02,2023-05-10,0.5753019411899415,2.5065799102827473,519.7549642017597,518.7590250484645,521.0044392747805,2.2454142263159156,0.75,0.0544499495693156,5,unreviewed
2025-01-12,2025-01-10,2025-01-14,0.5749106783574769,2.7409267512395896,556.9082330560985,555.933103156276,558.1785163874738,2.2454132311977446,0.75,0.0551054232875959,1,unreviewed
2024-01-03,2023-12-28,2024-01-10,0.5738977485951265,19.97510221841206,423.959660838055,423.4536898662336,424.7011418463662,1.2474519801326096,1.75,0.0557291590689634,1,unreviewed
2022-07-31,2022-07-29,2022-08-02,0.573492077710008,3.618468372887775,35.44112888961251,34.999343163799495,36.18214918859303,1.1828060247935357,1.5,0.0552322003037211,7,unreviewed
2025-01-12,2025-01-10,2025-01-14,0.5734115547837028,2.738690721191959,314.8442648816481,313.9274279982783,315.9233505865559,1.995922588277608,0.75,0.0554031695250803,1,unreviewed
2022-07-31,2022-07-29,2022-08-02,0.5733316555826209,32.38735756041495,1162.1171116297464,1161.4959904253485,1162.9929339960215,1.4969435706734655,1.5,0.0550713134631641,7,unreviewed
2019-03-11,2019-03-08,2019-03-15,0.5733218007240956,36.15591990967697,1047.4648656283218,1047.2383312014863,1047.986687282566,0.7483560810796916,1.0,0.0507502734687581,3,unreviewed
2018-08-22,2018-08-08,2018-09-06,0.5733054591232497,38.16013522077411,1190.8282063081735,1190.4359939694405,1191.4337837942876,0.997789824847132,1.0,0.0556957890652468,8,unreviewed
2021-11-13,2021-11-12,2021-11-15,0.5731999248154975,36.21238864049538,1211.0394601903092,1210.3906555962749,1211.887311911676,1.4966563154011965,0.75,0.0554528899383719,11,unreviewed
2022-03-18,2022-03-14,2022-03-22,0.5728570630603473,13.782387119484394,1042.1576090051,1041.5013680439442,1042.9980233642273,1.4966553202830255,1.25,0.0553609068020132,3,unreviewed
2018-08-22,2018-08-08,2018-09-06,0.5728566888252133,25.551833889709116,1004.5854320581984,1004.0863888948224,1005.3336112187244,1.247222323901951,1.0,0.0513155485428569,8,unreviewed
2023-02-01,2023-01-31,2023-02-02,0.5728218849577632,3.247096189824739,426.9321266473642,425.9485945929773,428.19400746701285,2.2454128740355372,0.75,0.0531296595726681,2,unreviewed
2025-10-03,2025-09-30,2025-10-06,0.5726979507559287,3.484923618708339,30.0670552869165,29.86610621633008,30.58225450804457,0.7161482917144895,0.75,0.0415311556282448,10,unreviewed
2023-02-02,2023-02-02,2023-02-03,0.572631835882278,14.941952937831903,467.82480987207384,466.8650184064172,468.8609415530227,1.9959231466054916,1.0,0.0584725815770548,2,unreviewed
2022-09-27,2022-09-26,2022-09-28,0.5722633390204572,26.37884197879721,555.2909497816294,554.6856505698524,556.1825932455249,1.4969426756724715,1.5,0.0581314907681207,9,unreviewed
2023-05-06,2023-05-02,2023-05-10,0.5722605946294755,23.193521623109525,993.1478498376226,992.3630285831168,994.1091181477532,1.7460895646363497,1.5,0.0525570383391058,5,unreviewed
2021-11-16,2021-11-15,2021-11-18,0.5717519467100194,30.5025237467502,545.9723476923452,545.7039939402603,546.452465064358,0.7484711240977049,0.75,0.0389684501300314,11,unreviewed
2022-07-31,2022-07-29,2022-08-02,0.5712395564392244,23.358324872170847,907.4470783775316,907.0568874417804,908.0546772698872,0.997789828106761,2.0,0.0559392272574669,7,unreviewed
2024-11-01,2024-10-29,2024-11-04,0.5708338855541059,2.4580208290879084,609.8284102962507,609.560467925854,610.3083305433393,0.7478626174852252,0.75,0.0557862107709504,11,unreviewed
2019-11-29,2019-11-26,2019-12-02,0.57011753713535,4.198684342385623,963.1215217817086,962.1816158145666,964.1771376258694,1.9955218113027513,1.25,0.0549469343584021,11,unreviewed
2020-02-07,2020-02-05,2020-02-10,0.5700587198468097,1.7399951649862286,545.0651197664967,544.4565418520942,545.9534840295091,1.496942177414894,0.75,0.0512876249579733,2,unreviewed
2024-03-03,2024-02-27,2024-03-08,0.569890189291522,3.245608620843069,358.82943088079827,357.83772688545287,360.0831394032575,2.2454125178046525,0.75,0.0528198605776025,3,unreviewed
2023-02-04,2023-02-03,2023-02-06,0.5691923031393706,2.3050851223304756,563.0951145047793,562.6693451306783,563.9167972886935,1.2474521580152214,0.75,0.0405478000608349,2,unreviewed
2019-03-06,2019-03-04,2019-03-08,0.5689585932982666,2.2214169174264744,569.7542380858152,569.1560965864919,570.6530392616987,1.4969426752068102,0.75,0.0541873652631092,3,unreviewed
2024-03-30,2024-03-25,2024-04-04,0.5687767773957266,5.598073528231298,1087.4253384349863,1086.8982662651688,1088.1457191403024,1.2474528751336038,1.5,0.0539360864583849,3,unreviewed
2024-11-15,2024-11-12,2024-11-19,0.5687115357373882,3.917322769446133,817.5532716201485,816.8499091044068,818.5941296755336,1.7442205711267889,1.0,0.0525740133209429,11,unreviewed
2022-06-23,2022-06-15,2022-07-01,0.5686298277331591,19.559328557614005,1007.8485668450624,1007.3290203427896,1008.5762434154748,1.2472230726853013,1.0,0.0439660022619503,6,unreviewed
2024-02-03,2024-01-30,2024-02-08,0.5678037036751338,3.493328858461764,398.6588226592496,397.7561799217947,400.0015930258669,2.245413104072213,0.75,0.0561730552157735,2,unreviewed
2022-09-27,2022-09-26,2022-09-28,0.5674539809425292,39.464658786390586,1056.2418013665883,1055.719060066156,1056.9662831388414,1.2472230726853013,1.75,0.0603482910462132,9,unreviewed
2022-07-15,2022-07-12,2022-07-18,0.566784100052896,29.328094530916417,1030.544445416929,1030.0274407286197,1031.274663801305,1.2472230726853013,1.0,0.0509092122386882,7,unreviewed
2022-04-18,2022-04-15,2022-04-22,0.5663186139188799,26.634949717592715,1118.3522137405184,1118.0846062884666,1118.8330777697263,0.7484714812599123,1.0,0.0381748232579952,4,unreviewed
2024-03-15,2024-03-09,2024-03-22,0.565841775985803,2.4872793092835823,564.2218448966978,563.4178166817874,565.4137393962592,1.995922714471817,0.75,0.0529471023052323,3,unreviewed
2025-02-15,2025-02-10,2025-02-20,0.5658342289106033,2.38341709426224,916.7935452734666,915.5376148065552,918.281436356716,2.7438215501606464,0.5,0.0462656847662971,2,unreviewed
2023-02-02,2023-02-02,2023-02-03,0.565636445642351,14.438993105942654,276.06268773895215,275.256431683898,277.0028638234362,1.7464321395382283,1.0,0.0548421995383593,2,unreviewed
2021-11-20,2021-11-18,2021-11-22,0.5654177052066022,3.9386479717485816,457.40257223461407,457.134893709328,457.8833642452955,0.748470535967499,0.75,0.0488092999159047,11,unreviewed
2023-02-02,2023-02-02,2023-02-03,0.5638979363279427,17.804129791732084,242.08614687907777,241.32575449347496,243.0721866339445,1.746432140469551,1.25,0.0544295803346494,2,unreviewed
2023-02-04,2023-02-03,2023-02-06,0.5638777276307136,15.058307255265014,226.39363873580345,225.60786706814545,227.35429945681244,1.7464323886670172,1.0,0.0537285128412376,2,unreviewed
2022-07-31,2022-07-29,2022-08-02,0.5638114880120181,32.06136817280664,1040.5895554441424,1040.0047685676254,1041.501424886752,1.4966563191264868,1.75,0.0587285000614403,7,unreviewed
2023-02-04,2023-02-03,2023-02-06,0.563224936812194,18.649628012881923,800.0039360499702,799.6605105609633,800.6573658902198,0.9968553292565048,1.0,0.043178427792549,2,unreviewed
2023-02-19,2023-02-17,2023-02-21,0.562591668593158,3.453265232158711,140.1527895968277,139.53373742010444,141.0306782051921,1.496940785087645,0.75,0.0547508149504183,2,unreviewed
2022-08-06,2022-08-02,2022-08-10,0.5625563657455294,15.752574313433264,765.0303353908093,764.4580454584211,765.9559492743574,1.4979038159362972,1.25,0.0561074602574874,8,unreviewed
2024-02-03,2024-01-30,2024-02-08,0.561797978246735,7.0004698495271365,93.23991579354868,92.86492465855554,93.81440134858713,0.949476690031588,1.75,0.054933658480141,2,unreviewed
2018-05-05,2018-03-26,2018-06-15,0.5613890016179338,44.064850417450785,1086.7607132017697,1086.3993425723163,1087.3972470504232,0.9979044781066476,1.0,0.0462937793650144,5,unreviewed
2020-07-15,2020-07-08,2020-07-23,0.5613868809521751,27.239359647879223,226.08617568335637,225.85735745262355,226.6058283080347,0.7484708554111421,0.75,0.043097936042274,7,unreviewed
2020-03-11,2020-03-04,2020-03-19,0.5613366710717139,6.109788496182612,959.2187432325276,957.9412516318262,960.4356406852604,2.4943890534341335,1.5,0.0575240013009512,3,unreviewed
2024-07-26,2024-07-23,2024-07-29,0.5611726313380329,34.04293682873606,1193.8735567779047,1193.4291939130053,1194.4269837387835,0.9977898257784544,1.0,0.0589280694876336,7,unreviewed
2024-02-19,2024-02-16,2024-02-23,0.5599323537318542,3.739559694818936,405.7987744989021,405.24089134112,406.7378337937407,1.496942452620715,1.25,0.0553916037851558,2,unreviewed
2023-02-04,2023-02-03,2023-02-06,0.559798814161584,11.238122622098258,765.8912069074124,764.957410949748,766.9546802556142,1.9972693058662117,0.75,0.0566012478314229,2,unreviewed
2019-11-29,2019-11-26,2019-12-02,0.5596221128058734,36.24605784677964,1046.5143179062743,1046.2405987177044,1046.9889552989043,0.7483565811999142,0.75,0.0558204432792194,11,unreviewed
2024-07-26,2024-07-23,2024-07-29,0.5582632650347794,2.1729741953158204,31.01770612415745,30.56609351979569,31.515570444520563,0.9494769247248768,1.5,0.0530693511724575,7,unreviewed
2023-03-29,2023-03-22,2023-04-06,0.5581022191821693,37.71156944221239,1190.9341594006062,1190.685427214019,1191.4337837942876,0.7483565802685916,0.75,0.0748159275372388,3,unreviewed
2024-01-03,2023-12-28,2024-01-10,0.5577715824413922,5.052886413715945,970.0278198181406,969.1657437025568,971.1612665145658,1.9955228120088575,1.25,0.0560363891388321,1,unreviewed
2023-03-29,2023-03-22,2023-04-06,0.5568254536504381,3.232608349381277,831.4770641198918,830.5516041894443,832.5449465075508,1.9933423181064427,0.75,0.0538236969104396,3,unreviewed
2022-07-31,2022-07-29,2022-08-02,0.5566512471956202,28.38635393898431,1178.8078727084528,1178.4613587670028,1179.4593209456652,0.9979621786624192,2.0,0.0567651274140691,7,unreviewed
2023-02-04,2023-02-03,2023-02-06,0.5565770238940687,20.18674023775379,706.9090688140025,706.2819597912021,707.7798636085354,1.497903817333281,1.25,0.0717169263743485,2,unreviewed
2022-07-15,2022-07-12,2022-07-18,0.5561895657854652,23.007708875893066,30.63385379263438,30.332764418795705,31.282241577282548,0.9494771584868432,0.75,0.0593946435558643,7,unreviewed
2022-06-23,2022-06-15,2022-07-01,0.5560319504215823,15.99773724706647,1029.03225473677,1028.780274498742,1029.5286310794763,0.7483565807342529,0.75,0.0310517197401654,6,unreviewed
2018-10-22,2018-10-08,2018-11-05,0.5557416063302189,36.481904007378645,1183.7129583139997,1183.4511736887507,1184.199645170942,0.7484714821912348,0.75,0.0832339422270311,10,unreviewed
2019-01-13,2019-01-07,2019-01-19,0.5555509335295105,4.653034748470357,481.04614793129616,480.3374996930361,482.08393261861056,1.7464329255744817,1.0,0.0532248845364825,1,unreviewed
2022-07-31,2022-07-29,2022-08-02,0.5555071480188473,26.14818411839735,930.6015836898216,930.00473807659,931.501394146122,1.4966560695320368,1.5,0.0561361422515465,7,unreviewed
2021-11-16,2021-11-15,2021-11-18,0.5554811386770431,6.280902479636167,102.10352428804366,101.86071520578116,102.6091854753904,0.7484702696092427,0.75,0.0663501999878543,11,unreviewed
2025-05-23,2025-05-19,2025-05-27,0.5552874096227413,3.5755319110697954,412.4501305887876,411.72764163743705,413.4740745630115,1.7464329255744817,1.0,0.0530991298856671,5,unreviewed
2018-12-22,2018-12-18,2018-12-26,0.5551188790674537,3.835314978390582,734.3441797022239,733.7470640302636,735.2449685963802,1.497904566116631,1.0,0.0536512368945739,12,unreviewed
2019-04-19,2019-04-15,2019-04-23,0.5549168544676844,2.4582313773826505,494.0340881293389,492.8120195893571,495.3069236832671,2.4949040939100087,0.75,0.0504550775680105,4,unreviewed
2019-02-02,2019-01-30,2019-02-06,0.5549038186105212,5.545753650801929,788.1950067193204,787.6785427755676,788.926763846539,1.24822107097134,1.25,0.0520046078909919,2,unreviewed
2023-02-04,2023-02-03,2023-02-06,0.5545520999572026,34.77093717466984,608.0374940256751,607.5669780592434,608.564026568085,0.9970485088415444,1.25,0.0418959504416014,2,unreviewed
2024-06-02,2024-05-29,2024-06-07,0.5545101232496865,2.724359568495758,78.51427957949554,78.16520041739568,79.11467710742727,0.949476690031588,0.75,0.0456921006504974,6,unreviewed
2023-02-02,2023-02-02,2023-02-03,0.554455297802574,5.615551825901725,633.0984737494479,632.4855990265496,633.9810198158957,1.495420789346099,1.0,0.0494767260140813,2,unreviewed
2023-04-21,2023-04-17,2023-04-25,0.5540072759748054,3.8994828777853487,282.52575344761243,281.7431791597046,283.48961080238223,1.746431642677635,1.0,0.053905471264467,4,unreviewed
2018-08-22,2018-08-08,2018-09-06,0.5538885810648453,39.22547050616362,1147.6459168653817,1147.5245104380883,1148.023491224274,0.4989807861857116,0.75,0.0330866337942345,8,unreviewed
2023-11-05,2023-11-01,2023-11-09,0.5532823201479704,2.640839525128486,633.1556192196384,631.987226746045,634.7285789824091,2.741352236364037,1.0,0.0568026166205618,11,unreviewed
2018-02-15,2018-02-01,2018-03-01,0.5531092987710763,2.088946474652892,540.9365178023742,540.4646945716813,541.7121462323703,1.2474516606889663,1.0,0.0519996893844281,2,unreviewed
2023-02-04,2023-02-03,2023-02-06,0.5530899632891596,22.432876261090183,705.6294915310627,705.2832285608165,706.281767135486,0.99853857466951,1.0,0.0439531427651972,2,unreviewed
2021-11-13,2021-11-12,2021-11-15,0.5529997726218963,27.717474182502293,1068.197029862256,1067.9412861191668,1068.689642699901,0.7483565807342529,0.75,0.0404259415512735,11,unreviewed
2023-01-21,2023-01-20,2023-01-23,0.5521160163532542,4.249939080950996,818.452448162369,817.3481525979005,819.8397384108976,2.491585812997073,1.25,0.056117278682155,1,unreviewed
2024-01-03,2023-12-28,2024-01-10,0.5513317442577005,4.538464847533248,987.7221517075368,987.12493141694,988.621587736532,1.496656319592148,1.25,0.0546092638261414,1,unreviewed
2022-07-31,2022-07-29,2022-08-02,0.5512203469328509,31.11060354842648,928.925850049238,928.508139600046,929.7553621744736,1.247222574427724,1.5,0.0542008865090448,7,unreviewed
2020-07-05,2020-07-02,2020-07-08,0.5503428279164402,2.2378511963870955,502.6841680180009,500.0472412328236,504.78755963686854,4.740318404044956,0.75,0.0546574674210823,7,unreviewed
2021-11-20,2021-11-18,2021-11-22,0.5502649246360722,18.2030683161508,185.42843622389304,185.19044648623097,185.93891725316644,0.7484707669354975,0.75,0.037702958913997,11,unreviewed
2021-10-24,2021-10-21,2021-10-27,0.5501847759449011,4.850358884328534,992.7119055775152,992.1135953380726,993.6102516567336,1.4966563186608255,1.0,0.0524029957695873,10,unreviewed
2018-11-13,2018-11-05,2018-11-21,0.5501325701437259,14.360563886327506,908.5007066590786,908.0546204261482,909.3018434992993,1.2472230731509626,1.5,0.056972158248179,11,unreviewed
2018-08-22,2018-08-08,2018-09-06,0.5497208491239429,36.41282757947741,1183.4876957895335,1183.201682991814,1183.9501544730738,0.7484714812599123,0.75,0.0641189750646615,8,unreviewed
2021-01-06,2020-12-17,2021-01-26,0.5495351037524971,3.73609876792911,819.4505754360267,818.8428830797784,820.3379819039255,1.495098824147135,1.25,0.054003023503496,1,unreviewed
2025-03-03,2025-02-28,2025-03-07,0.5484672237979896,7.092701626251746,192.52598767124664,191.9266823930666,193.4236234282143,1.4969410351477563,1.0,0.0515225570708146,3,unreviewed
2021-01-06,2020-12-17,2021-01-26,0.5477604807476699,0.3305888240599038,39.58745290939678,39.43259350955486,39.915412466507405,0.482818956952542,0.5,0.0314553328349176,1,unreviewed
2025-04-18,2025-04-15,2025-04-21,0.5475884573311328,1.9642357917843771,577.1491164192933,576.391319595743,578.1377527881414,1.7464331923983991,0.75,0.0440091051834176,4,unreviewed
2022-08-06,2022-08-02,2022-08-10,0.5474428174915339,28.88724883607551,878.8429638565027,878.1338528674096,879.8780734385364,1.7442205711267889,1.0,0.0583341942087006,8,unreviewed
2021-01-06,2020-12-17,2021-01-26,0.5474024624695978,2.3265313331069675,30.491630762043396,30.332764418795705,31.048912710044533,0.7161482912488282,0.75,0.0376423345099633,1,unreviewed
2020-04-12,2020-04-08,2020-04-16,0.5471738671753235,9.492875833197967,938.5822598458808,937.9865989494136,939.4832552694716,1.4966563200578094,1.25,0.054322109293268,4,unreviewed
2020-01-24,2020-01-21,2020-01-27,0.5469279323198465,3.6634744054214456,966.7742294553896,966.1725465008058,967.6692020702176,1.4966555694118142,1.25,0.0547380855728865,1,unreviewed
2021-10-24,2021-10-21,2021-10-27,0.5464501587989349,2.451930397330372,1013.435530554672,1012.816550754942,1014.3132068249396,1.496656069997698,0.75,0.0507771895590999,10,unreviewed
2025-11-07,2025-11-05,2025-11-10,0.546315933130919,2.3124003872623566,30.2987906026818,30.099435317330062,30.815583609044552,0.7161482917144895,0.75,0.0367459766538917,11,unreviewed
2020-08-09,2020-08-05,2020-08-14,0.546197674828615,35.487638665829856,1030.7820954279996,1030.526307220105,1031.274663801305,0.7483565811999142,0.75,0.0444204789602954,8,unreviewed
2023-12-24,2023-12-21,2023-12-28,0.5461120373554803,19.238126097077192,683.5128436347172,682.8212134889327,684.3166350238025,1.49542153486982,1.5,0.0569550605825047,12,unreviewed
2023-02-04,2023-02-03,2023-02-06,0.5450143433353076,34.85491025345238,243.7235244079506,243.32167731085792,244.3196380524896,0.9979607416316868,1.0,0.0416359536490522,2,unreviewed
2025-03-03,2025-02-28,2025-03-07,0.5448704499263334,17.90507638444117,1080.2133544997832,1079.4152134340256,1081.1613027504643,1.7460893164388835,1.0,0.0538568252641738,3,unreviewed
2019-02-02,2019-01-30,2019-02-06,0.5446765961269869,2.0693616372694756,568.5046525470449,567.9086449965835,569.4055866757408,1.496941679157317,1.0,0.057271306055561,2,unreviewed
2023-02-02,2023-02-02,2023-02-03,0.5446694856594435,28.17498894649347,611.6312685794204,611.3047711541876,612.3018199130893,0.9970487589016556,1.75,0.0563988046292856,2,unreviewed
2020-02-23,2020-02-23,2020-02-24,0.544577111953899,34.3937974699927,1210.495335149065,1210.1412223502994,1211.1390121760778,0.9977898257784544,1.0,0.0518462416456354,2,unreviewed
2018-05-05,2018-03-26,2018-06-15,0.544278035709412,14.136041358902627,1086.6234730653457,1086.1499095768668,1087.3972470504232,1.2473374735563991,1.5,0.059347220676251,5,unreviewed
2022-07-31,2022-07-29,2022-08-02,0.5440405835169694,28.581425753573537,612.9491468342453,612.5507026002742,613.5477513582446,0.9970487579703332,2.0,0.0544706682670331,7,unreviewed
2025-03-08,2025-03-07,2025-03-10,0.5434599577067649,8.641514571512813,895.1602842501038,894.834662636742,895.8324522133917,0.9977895766496658,2.0,0.0533811465681465,3,unreviewed
2025-04-04,2025-04-01,2025-04-08,0.5426004643493026,20.31645630806252,413.97860887644566,413.4740746966563,414.72152592940256,1.2474512327462437,1.25,0.0520467070356094,4,unreviewed
2023-01-14,2023-01-09,2023-01-20,0.5425389026697804,17.50749750182908,600.4731372814077,600.0913918684237,601.0884403777309,0.9970485093072056,1.75,0.0541910494959171,1,unreviewed
2019-01-13,2019-01-07,2019-01-19,0.5420109192684075,3.9345999015638737,774.0281005544272,773.1969422954135,775.1942118522711,1.9972695568576455,1.0,0.0535994643152783,1,unreviewed
2024-01-18,2024-01-10,2024-01-26,0.54174851806704,4.315351068170504,437.1844251448709,436.4271904579364,438.1736233830452,1.7464329251088202,1.0,0.0537057977428967,1,unreviewed
2025-02-03,2025-01-28,2025-02-10,0.54170616712439,19.116602588850473,414.353489740857,413.9730551443063,414.97101640189067,0.997961257584393,1.0,0.0450150829068675,2,unreviewed
2019-02-02,2019-01-30,2019-02-06,0.5414730810085093,7.020164086477609,1077.588149809231,1076.9208809756674,1078.4175372938626,1.4966563181951642,1.25,0.052794725261746,2,unreviewed
2025-09-26,2025-09-23,2025-09-30,0.5410086552073725,0.557256137138957,38.31770399892706,38.03262007376179,38.748768132179976,0.7161480584181845,0.5,0.0382745354760972,9,unreviewed
2022-09-27,2022-09-26,2022-09-28,0.5408937650212734,28.105013838810663,537.4635494771783,536.9718288243748,538.2192799863406,1.2474511619657278,1.5,0.0552745113567847,9,unreviewed
2022-08-06,2022-08-02,2022-08-10,0.540633796348276,29.36107810268326,537.7828357913459,537.221319091972,538.4687705030665,1.2474514110945163,1.75,0.0550060902740816,8,unreviewed
2022-09-27,2022-09-26,2022-09-28,0.5405952501294872,20.72298280344683,713.0566657649299,712.5240284251049,713.7722494965419,1.2482210714370012,1.75,0.055750085957435,9,unreviewed
2022-07-31,2022-07-29,2022-08-02,0.5405600096543807,9.223380533879524,39.19341736533512,38.73260690830648,39.915412466507405,1.1828055582009256,1.75,0.0560924556524295,7,unreviewed
2023-10-22,2023-10-18,2023-10-26,0.5404610868339935,3.575206856832118,943.4979564676504,942.725829623174,944.4719181894324,1.7460885662585497,1.0,0.053090378438614,10,unreviewed
2021-11-20,2021-11-18,2021-11-22,0.5404594651484136,36.13203138479115,1104.4509439637966,1104.113126300741,1105.1110884789375,0.997962178196758,1.0,0.0507670997429137,11,unreviewed
2023-03-11,2023-03-06,2023-03-17,0.5403267987934552,35.104923664113336,1034.266438956923,1034.0183716639876,1034.7667282451876,0.7483565811999142,1.0,0.0398042876774462,3,unreviewed
2019-02-02,2019-01-30,2019-02-06,0.5398523933887487,5.520121302666622,1096.02113811662,1095.3809509361165,1096.877894506324,1.4969435702078044,1.25,0.052344776712301,2,unreviewed
2024-03-03,2024-02-27,2024-03-08,0.5394285097271146,2.710080168852481,473.78127307768017,473.1022789757699,474.5992204323411,1.4969414565712214,0.75,0.0456695788721423,3,unreviewed
2023-02-04,2023-02-03,2023-02-06,0.5392411426700889,21.245878285469463,491.1919674666766,490.8160965554416,491.81405806262046,0.997961507178843,0.75,0.0390723038570617,2,unreviewed
2020-02-22,2020-02-22,2020-02-23,0.5391459622010405,2.223118357938937,77.8889084287624,76.29856854397804,80.04799304390326,3.749424499925226,0.75,0.0526623308129541,2,unreviewed
2022-12-16,2022-12-12,2022-12-20,0.5389294048035724,1.9552737956880704,567.7968077113552,566.4117018929683,569.1560961590149,2.7443942660465837,0.75,0.060839242021125,12,unreviewed
2021-01-06,2020-12-17,2021-01-26,0.5386207855631716,40.75826991715406,990.271879139839,989.8686961233616,990.8664859510028,0.9977898276410996,1.25,0.0491359474912783,1,unreviewed
2025-11-07,2025-11-05,2025-11-10,0.5381351531044488,43.324572339749814,1032.094398832033,1031.7734734499827,1032.7712632780897,0.997789828106761,1.0,0.0505618905779015,11,unreviewed
2022-09-27,2022-09-26,2022-09-28,0.5378884074061816,35.261038632139595,1223.4972792423964,1223.1117521077394,1224.109541933518,0.9977898257784544,1.75,0.0610516672263795,9,unreviewed
2021-10-08,2021-10-05,2021-10-11,0.537322127276109,38.196526731845765,1191.6469522771445,1191.1842937050387,1192.1820835303515,0.9977898253127933,0.75,0.0551228481101694,10,unreviewed
2022-07-31,2022-07-29,2022-08-02,0.5372172790661021,36.96609026959575,1036.8503438478967,1036.5127041237429,1037.5104939509183,0.9977898271754384,1.75,0.0513086596595139,7,unreviewed
2020-12-02,2020-11-18,2020-12-17,0.5372040560913719,3.2420572582862413,909.432661985139,908.5534869185648,910.5490087298676,1.9955218113027513,0.75,0.0529037317099384,12,unreviewed
2024-02-12,2024-02-08,2024-02-16,0.5369398460868574,4.190530633566728,810.2375492920471,809.6253794403747,811.1204782654531,1.4950988250784576,1.25,0.0533852917947669,2,unreviewed
2022-10-16,2022-10-13,2022-10-19,0.5365286864197751,13.644974705894116,427.28674276560093,426.6970655117184,428.19400746701285,1.49694195529446,1.0,0.0490569911478142,10,unreviewed
2023-02-02,2023-02-02,2023-02-03,0.5358810725206075,26.05595463300814,525.0148506637438,524.4973059482872,525.9942478775047,1.496941929217428,1.5,0.0553924216774037,2,unreviewed
2022-07-31,2022-07-29,2022-08-02,0.5353618212723583,29.366194845196997,1120.7019305921556,1120.3300225539133,1121.327984730713,0.9979621767997742,2.0,0.05440270513892,7,unreviewed
2022-08-06,2022-08-02,2022-08-10,0.5352066384368456,35.95782873827266,1113.1091697783788,1112.8453006707132,1113.593772151973,0.7484714812599123,0.75,0.0415431489027534,8,unreviewed
2018-01-11,2017-12-21,2018-02-01,0.5351742670977655,15.398658512551265,1231.0950803384094,1230.5947504676878,1231.8419735394418,1.2472230717539787,1.5,0.0528807415023867,1,unreviewed
2020-02-24,2020-02-24,2020-02-24,0.5340723941185977,2.0004321105810687,545.2125848837259,544.7060321196914,545.9534840295091,1.2474519098177552,0.75,0.0519758887200125,2,unreviewed
2021-10-16,2021-10-12,2021-10-21,0.5338194111680996,2.2320254664127765,484.2871279692602,483.58087484166026,485.3273077667691,1.7464329251088202,0.75,0.0529696315189714,10,unreviewed
2020-08-09,2020-08-05,2020-08-14,0.5329759475488715,32.37572132454788,1236.9360557092868,1236.5811483571306,1237.578938181512,0.9977898243814708,1.0,0.0499727442032384,8,unreviewed
2023-02-19,2023-02-17,2023-02-21,0.5320416071646344,3.232763142222613,799.3861134553213,798.664023572579,800.4082441441715,1.74422057159245,0.75,0.0479915712463981,2,unreviewed
2019-01-13,2019-01-07,2019-01-19,0.5318310375293084,4.562137989568751,497.9108125199085,497.302846851293,498.79978880565614,1.4969419543631377,1.0,0.0530621016729869,1,unreviewed
2019-01-21,2019-01-19,2019-01-23,0.5317094111107995,3.882138342550821,933.0358871250628,932.2496362910606,933.995725855697,1.7460895646363497,1.0,0.0533891879360208,1,unreviewed
2019-02-17,2019-02-15,2019-02-19,0.5314651603134248,3.0490777180887014,936.5086076280058,935.7417007354088,937.4877900509164,1.746089315507561,1.0,0.0520700132469842,2,unreviewed
2019-11-24,2019-11-22,2019-11-26,0.5314281110351715,3.389111506170961,988.2878186092216,987.3743646633812,989.619320220314,2.2449555569328368,1.0,0.0527613478226453,11,unreviewed
2022-09-27,2022-09-26,2022-09-28,0.5311722589486466,36.588829034469434,1145.0302676221663,1144.2811313872226,1146.027565653436,1.7464342662133276,2.75,0.0574097566246799,9,unreviewed
2023-11-21,2023-11-16,2023-11-27,0.5305357473584504,2.8298986376666324,631.8674478088608,631.2396683250554,632.9842752562836,1.7446069312281909,0.75,0.0481798165826493,11,unreviewed
2023-02-02,2023-02-02,2023-02-03,0.5302772756259888,23.72795407948244,534.039531788783,533.4789620810188,534.9759042579681,1.4969421769492328,0.75,0.056534031959409,2,unreviewed
2024-08-24,2024-08-21,2024-08-27,0.5302730966669937,7.0,35.932659099344164,35.932659099344164,36.18214918859303,0.2494900892488658,0.25,,8,unreviewed
2024-03-23,2024-03-22,2024-03-25,0.5300254777534142,2.7144749368655665,682.5590098770762,681.8244686797261,683.569076355081,1.7446076753549278,0.75,0.0473818920586193,3,unreviewed
2019-11-15,2019-11-12,2019-11-18,0.5299439568667522,0.5623457808706313,32.41289526158429,31.499409222509712,33.84886005008593,2.34945082757622,0.75,0.0522441573773422,11,unreviewed
2022-09-27,2022-09-26,2022-09-28,0.5299080302939004,8.170120095006306,315.1033307719889,314.42640835698694,315.9233505865559,1.4969422295689585,1.75,0.0553413703303631,9,unreviewed
2023-09-03,2023-09-01,2023-09-05,0.5296881671527498,1.9922993177845612,556.1459805004708,555.4341221214272,556.931064050179,1.496941928751767,0.75,0.0531435116931949,9,unreviewed
2019-12-26,2019-12-22,2019-12-30,0.5294578254278508,19.424341758437368,1049.9281811564629,1049.4832299165428,1050.730452987831,1.2472230712883174,1.5,0.0527984020591697,12,unreviewed
2020-11-10,2020-11-09,2020-11-11,0.5288455143763118,40.53769238226725,1154.7840671413,1154.510250929743,1155.258722411003,0.7484714812599123,0.75,0.0637068986439889,11,unreviewed
2019-02-02,2019-01-30,2019-02-06,0.5285347120976301,5.412306983882983,785.7121323423472,784.9320325767621,786.6796191371977,1.7475865604355931,1.0,0.0522931491229948,2,unreviewed
2021-11-03,2021-11-03,2021-11-04,0.5272778434005165,37.48005962013266,1059.6782283674445,1059.4605577555485,1060.2089143367484,0.7483565811999142,0.75,0.0481334049152698,11,unreviewed
2023-02-04,2023-02-03,2023-02-06,0.5268268276916768,28.278343866546656,205.48042297256512,204.90017496421933,206.1476258407347,1.247450876515359,1.25,0.0543968795154993,2,unreviewed
2023-02-04,2023-02-03,2023-02-06,0.5264904526788471,19.72639281611892,457.9754427328142,457.63387415604666,458.6318351654336,0.9979610093869268,0.75,0.0350704091355002,2,unreviewed
2019-11-24,2019-11-22,2019-11-26,0.526003198534544,3.3308222320404988,865.5427915289039,864.9304015263915,866.4255001000129,1.4950985736213624,1.0,0.0516221280166192,11,unreviewed
2019-03-06,2019-03-04,2019-03-08,0.5251526868202947,6.241171984565567,101.11390311022068,100.86275385180488,101.61122461780906,0.748470766004175,0.75,0.0449036153465472,3,unreviewed
2020-01-30,2020-01-27,2020-02-02,0.5250300000689065,1.9967248277993064,545.8289567340222,545.454503422603,546.452465064358,0.997961641754955,0.75,0.0455009332083058,1,unreviewed
2022-08-06,2022-08-02,2022-08-10,0.5249087478855317,29.65729784373383,536.4750116376676,536.2233572718687,536.9718283955008,0.7484711236320436,2.75,0.0562815263163127,8,unreviewed
2021-03-30,2021-03-08,2021-04-21,0.5246865769610556,2.2385145200218304,556.6251534523764,555.933103156276,557.4300448349677,1.4969416786916554,0.75,0.0518137490172393,3,unreviewed
2021-11-20,2021-11-18,2021-11-22,0.524056988720836,1.08521611811595,33.99774785240998,33.599369960837066,34.54884665179998,0.9494766909629108,0.5,0.0306029515579419,11,unreviewed
2021-02-22,2021-02-08,2021-03-08,0.5240345969853258,1.6661326471221862,30.62955071264867,30.56609351979569,31.048912710044533,0.482819190248847,0.75,0.030870028694974,2,unreviewed
2020-06-21,2020-06-19,2020-06-24,0.5233299122282425,4.47283836678906,499.5169575887816,499.0492791645229,500.0472408044152,0.99796163989231,0.75,0.0831287761547121,6,unreviewed
2023-02-25,2023-02-21,2023-03-02,0.5227590165315188,6.268845751803521,1087.596005997655,1086.8982662651688,1088.6447005332448,1.7464342680759728,1.25,0.0522936398583435,2,unreviewed
2021-10-11,2021-10-11,2021-10-12,0.5225503180718621,2.9838589487834235,610.9937309025411,610.3080265941098,612.3018199130893,1.993793318979442,0.75,0.058684683343102,10,unreviewed
2023-03-19,2023-03-17,2023-03-22,0.522360518486466,42.4704699487155,1063.9452154858884,1063.7009219373576,1064.4492785190232,0.7483565816655755,0.75,0.07275062320962,3,unreviewed
2023-05-18,2023-05-15,2023-05-22,0.5222871684002268,2.206884576590873,635.6085698567026,634.9774614218622,636.4728822112083,1.495420789346099,0.75,0.048189040176591,5,unreviewed
2022-07-31,2022-07-29,2022-08-02,0.521872453499373,41.93270693585832,1163.2910165907722,1162.7434439067729,1163.9908967819065,1.2474528751336038,1.5,0.0528790499525103,7,unreviewed
2024-01-18,2024-01-10,2024-01-26,0.5214618551849917,3.4320414219726656,1034.85927895518,1033.0206394307315,1036.5127609670162,3.492121536284685,1.25,0.0514235066018951,1,unreviewed
2023-02-25,2023-02-21,2023-03-02,0.521202634982262,3.128493777020078,1170.4386890219716,1169.7291843984276,1171.4756186651066,1.746434266678989,0.5,0.039544703548713,2,unreviewed
2024-02-03,2024-01-30,2024-02-08,0.5211858567737601,3.111489900032516,432.30871976643056,431.4373829974793,434.1817768169567,2.744393819477409,1.0,0.051632693697386,2,unreviewed
2020-03-01,2020-02-28,2020-03-04,0.5211583504914203,2.241455406545282,501.7700728341509,501.2946938187815,502.5421457281336,1.247451909352094,0.75,0.051406018578557,3,unreviewed
2023-08-27,2023-08-22,2023-09-01,0.5208459888996808,1.7207308532784833,555.3268135101555,554.6856505698524,556.1825932455249,1.4969426756724715,0.75,0.0554105602968482,8,unreviewed
2022-08-06,2022-08-02,2022-08-10,0.5207552368797165,2.762959819803613,518.611687337514,518.0105534959584,519.5074961711653,1.4969426752068102,1.25,0.0569355984646954,8,unreviewed
2023-11-05,2023-11-01,2023-11-09,0.520620075623866,31.353678249505865,1150.066371752532,1149.7699267053977,1150.767888882663,0.9979621772654356,1.0,0.0449996544849175,11,unreviewed
2022-09-03,2022-08-30,2022-09-08,0.5204400061519506,17.085332000888293,40.67441959597903,39.89925124309957,41.78204433852807,1.8827930954284968,2.0,0.0563688697730104,9,unreviewed
2022-07-31,2022-07-29,2022-08-02,0.5201169788588956,31.974243153756863,1108.079652169557,1107.6059960471466,1108.8534489222802,1.2474528751336038,1.75,0.0534436112297382,7,unreviewed
2020-11-10,2020-11-09,2020-11-11,0.5199104634375198,38.454082558731145,1190.8768326020056,1190.4359939694405,1191.4337837942876,0.997789824847132,1.25,0.0706977062318657,11,unreviewed
2022-04-18,2022-04-15,2022-04-22,0.5195783921287296,20.450601512920688,1118.9471645105698,1118.3340969840065,1119.8310405542145,1.4969435702078044,1.25,0.0533582121259754,4,unreviewed
2021-11-20,2021-11-18,2021-11-22,0.5194713608804419,28.22712354126401,1112.8666208846937,1112.5958099737763,1113.3442814564332,0.7484714826568961,0.75,0.0374853884229645,11,unreviewed
2025-09-26,2025-09-23,2025-09-30,0.5193323325282079,2.1155219004840085,30.55232967255896,30.332764418795705,31.048912710044533,0.7161482912488282,0.5,0.0487347601905796,9,unreviewed
2019-01-13,2019-01-07,2019-01-19,0.5185090152336865,3.260970907363078,230.70493562402876,230.34818260744217,231.34614359820264,0.9979609907604754,0.75,0.0446681032737482,1,unreviewed
2023-01-14,2023-01-09,2023-01-20,0.5180796427900894,11.606572324870914,1217.4060483923536,1216.6264877305366,1218.3725772914477,1.7460895609110594,1.5,0.0532149620164379,1,unreviewed
2023-02-02,2023-02-02,2023-02-03,0.5171058205992288,16.457828610295298,343.125409178669,342.6188165070489,343.86626756191254,1.2474510548636315,1.25,0.0505112816362132,2,unreviewed
2023-02-19,2023-02-17,2023-02-21,0.5169725305190475,3.482970823551668,1114.716215340287,1114.342244847212,1115.3402075236663,0.9979626764543356,1.25,0.0480200896620075,2,unreviewed
2021-11-10,2021-11-08,2021-11-12,0.5169677278348294,4.996712117397,990.1176067924298,989.6192631274462,990.8664859510028,1.2472228235565126,1.25,0.0518920993769015,11,unreviewed
2019-01-26,2019-01-23,2019-01-30,0.5169479557452566,1.9857001121611877,595.1469443972381,594.6041233721189,595.8515747836791,1.2474514115601778,0.75,0.0525221924116508,1,unreviewed
2025-10-11,2025-10-06,2025-10-17,0.5168953133364249,16.244237307094725,165.9644491148037,165.4807196916081,166.72817038930953,1.2474506977014244,0.75,0.0427550756119307,10,unreviewed
2024-02-03,2024-01-30,2024-02-08,0.51645683450457,3.457239216984908,395.3898796162241,394.762296278961,396.2592377620749,1.4969414831139147,0.75,0.046448658415241,2,unreviewed
2023-02-02,2023-02-02,2023-02-03,0.5164311993978998,16.31954104012579,223.83830168148893,222.6139844604768,225.35837688855827,2.744392428081482,1.75,0.053260715652327,2,unreviewed
2024-02-12,2024-02-08,2024-02-16,0.5162879920866709,2.717508058903356,607.183153287541,606.8194196391851,607.8164681484923,0.9970485093072056,0.75,0.0433085581668909,2,unreviewed
2022-09-27,2022-09-26,2022-09-28,0.5162216277229308,29.23918660794084,801.1640967793737,800.6569975488819,801.9029746260494,1.2459770771674812,1.25,0.0532184789531041,9,unreviewed
2021-01-06,2020-12-17,2021-01-26,0.5140730814468419,29.930388389683053,1008.9617194103056,1008.8256198186428,1009.3245429033414,0.4989230846986174,1.0,0.0375440461679111,1,unreviewed
2023-01-05,2023-01-04,2023-01-06,0.5140092743565166,3.595910280808406,445.0261430453163,444.4108833409846,445.9078250452876,1.4969417043030262,1.0,0.0549787131899273,1,unreviewed
2022-09-27,2022-09-26,2022-09-28,0.5138812859407317,34.2972361315005,1259.8129814009162,1259.2795756827109,1260.5267987526022,1.2472230698913336,1.5,0.0555540037263716,9,unreviewed
2020-03-11,2020-03-04,2020-03-19,0.5128732212351218,10.019519520432535,948.192817319531,947.7144925445318,948.9617148684338,1.247222323901951,1.25,0.0506105365781947,3,unreviewed
2020-02-17,2020-02-16,2020-02-19,0.5126766854173158,0.3076474477078668,39.58129232237845,38.49927804293111,40.382070200517774,1.882792157586664,0.75,0.0442037932799675,2,unreviewed
2025-01-12,2025-01-10,2025-01-14,0.5123690017647499,2.8372825335780827,575.2755118490583,574.3953964537941,576.3913191668689,1.9959227130748332,1.0,0.0535186305373359,1,unreviewed
2019-12-26,2019-12-22,2019-12-30,0.5123214739027478,2.990155799372698,712.2659607764073,712.024662935175,712.7735185143538,0.7488555791787803,0.75,0.0419098806336609,12,unreviewed
2018-05-05,2018-03-26,2018-06-15,0.5122222392197491,35.2207350164497,1155.5172421342563,1155.258723018691,1156.0071945004163,0.7484714817255735,0.75,0.0601307279905648,5,unreviewed
2024-02-03,2024-01-30,2024-02-08,0.5118744500353362,6.336129646034414,634.6045454400451,633.9807161153294,635.4761376497336,1.4954215344041586,1.0,0.0491174817149347,2,unreviewed
2019-02-17,2019-02-15,2019-02-19,0.5116230887704181,1.7163829592695083,569.156660574383,568.6571158021688,569.9045677110553,1.2474519088864326,0.75,0.0514520807828851,2,unreviewed
2024-02-12,2024-02-08,2024-02-16,0.511032795219255,4.909391203915035,844.5580597894917,844.0041775275022,845.4992753523402,1.4950978248380125,1.25,0.0521191945949306,2,unreviewed
2022-07-31,2022-07-29,2022-08-02,0.5109286331069938,35.61352163920793,1144.8122899216246,1144.2811313872226,1145.5285842609592,1.24745287373662,1.25,0.0475983249358887,7,unreviewed
2024-01-03,2023-12-28,2024-01-10,0.5104645191684686,4.112065034441678,848.1684139050344,846.7445157445036,849.7343450509943,2.9898293064907193,1.0,0.0524963804758438,1,unreviewed
2023-02-01,2023-01-31,2023-02-02,0.5093016458624796,3.484198144604096,420.4660555380839,419.71133427135646,421.4577666977421,1.7464324263855815,0.75,0.0496483272430866,2,unreviewed
2023-01-14,2023-01-09,2023-01-20,0.5090235267854895,3.1660248863438913,1035.4483018260928,1035.016104647424,1036.263327721972,1.2472230745479465,0.75,0.042645927891441,1,unreviewed
2024-02-25,2024-02-23,2024-02-27,0.508747964981914,2.7227572590259372,545.4384124222393,544.7060321196914,546.452465064358,1.7464329446665945,0.75,0.0495616492532634,2,unreviewed
2022-08-27,2022-08-24,2022-08-30,0.5086570882169051,2.478824293418622,57.16869405165047,56.93226509168744,57.64841338200495,0.7161482903175056,0.75,0.0434019651792995,8,unreviewed
2022-04-18,2022-04-15,2022-04-22,0.507941675385984,20.254743557486375,1113.850339388838,1113.3442820627242,1114.5917349364609,1.24745287373662,1.25,0.0509822686048908,4,unreviewed
2022-09-27,2022-09-26,2022-09-28,0.5077710241649378,28.241883585693596,610.9309211913065,610.5572127341293,611.5542612434365,0.9970485093072056,1.75,0.0530645850912671,9,unreviewed
2021-12-28,2021-12-21,2022-01-04,0.5071354481625763,3.3521958795688116,990.2356198615868,989.6192631274462,991.1159191965126,1.4966560690663755,1.0,0.0505331825599982,12,unreviewed
2024-02-03,2024-01-30,2024-02-08,0.5070210569566557,43.24151609002774,1031.9962430563114,1031.7734734499827,1032.521830032114,0.7483565821312368,0.75,0.0423829643806469,2,unreviewed
2019-05-07,2019-05-02,2019-05-13,0.5065036768840758,14.461732795837564,1093.681153268794,1093.1355346683413,1094.3829875430092,1.2474528746679423,1.25,0.0522295988953286,5,unreviewed
2019-02-10,2019-02-06,2019-02-15,0.5055862394533855,13.491847525380544,1073.6257735485804,1073.179383284878,1074.426606358029,1.2472230731509626,1.25,0.0505387739688206,2,unreviewed
2022-11-10,2022-11-07,2022-11-14,0.5055129517396686,8.203800789118663,399.5294181565488,399.0036315629259,400.25108349788934,1.2474519349634647,1.25,0.0504244363502484,11,unreviewed
2022-09-27,2022-09-26,2022-09-28,0.5055013504505186,11.286059519391078,374.17531156255535,373.55561787169427,375.05255960254,1.4969417308457196,1.25,0.0552397211947103,9,unreviewed
2022-09-27,2022-09-26,2022-09-28,0.5053237758794956,38.19125421747645,1232.6043451132775,1232.091349940747,1233.3385730115697,1.2472230708226562,1.75,0.0593730103059059,9,unreviewed
2023-03-29,2023-03-22,2023-04-06,0.5049719948536547,15.171453045399216,516.7260305450679,516.2641208716668,517.5115727796219,1.24745190795511,1.25,0.04958267651942,3,unreviewed
2022-08-06,2022-08-02,2022-08-10,0.5045724988482451,27.84583400291236,615.2241018263957,614.5441919704899,616.039612759836,1.495420789346099,1.5,0.0525696264443403,8,unreviewed
2022-09-03,2022-08-30,2022-09-08,0.5045537870915513,13.900497443555489,81.43748011338931,80.73181889159605,82.38128312025219,1.649464228656143,1.0,0.0546258930626191,9,unreviewed
2024-02-12,2024-02-08,2024-02-16,0.5044601035630384,2.746686514525849,611.1611261629521,610.8063988736831,611.8034473839216,0.9970485102385284,0.75,0.0453188889823709,2,unreviewed
2022-08-06,2022-08-02,2022-08-10,0.5039957401344239,33.58085666537094,1247.239086955008,1246.558479170315,1248.0551354861818,1.4966563158668578,1.25,0.0531642155201443,8,unreviewed
2019-01-13,2019-01-07,2019-01-19,0.5034554069736332,4.35080323349955,514.4049013074372,513.7692159470171,515.2661583730951,1.4969424260780215,1.0,0.0511145961352261,1,unreviewed
2023-02-04,2023-02-03,2023-02-06,0.5029100840110575,19.15766565128865,821.3828629613796,820.8358570560813,822.0818341337144,1.2459770776331425,1.25,0.0576715639332507,2,unreviewed
2021-12-28,2021-12-21,2022-01-04,0.502862244286444,20.656585111581897,915.4096090244096,914.7893153182232,916.2859713877552,1.4966560695320368,1.0,0.0510959258858205,12,unreviewed
2023-02-02,2023-02-02,2023-02-03,0.5028275027915161,2.983143656231583,302.5855501499549,302.2013823669404,303.1993432417512,0.9979608748108147,0.75,0.0394814247125655,2,unreviewed
2023-01-14,2023-01-09,2023-01-20,0.5025187588060707,4.994895170288007,1209.8944942002954,1209.3929226151668,1210.6401456855235,1.2472230703569949,1.25,0.050778327172863,1,unreviewed
2023-02-04,2023-02-03,2023-02-06,0.502189993240963,18.0964484773076,718.1537270482683,717.7673670789227,718.7659054030664,0.9985383241437376,1.0,0.0474143698162472,2,unreviewed
2023-10-10,2023-10-03,2023-10-18,0.5018690866136666,3.5025095953838257,877.0095418590298,876.140878892038,878.1342212092131,1.99334231717512,0.75,0.0512998450116961,10,unreviewed
2024-11-29,2024-11-26,2024-12-03,0.5018088971296354,2.337743799152604,489.088781211166,488.32119257654995,490.0676247542724,1.746432177722454,1.0,0.0496559485117607,11,unreviewed
2020-06-21,2020-06-19,2020-06-24,0.5018087723845907,6.689918400069606,32.139457418278994,31.966066955123097,32.448885911144316,0.4828189560212195,0.75,0.0326065868100648,6,unreviewed
2024-07-26,2024-07-23,2024-07-29,0.5015566626494048,1.988491144724216,76.09183278666926,75.365252842661,77.0147166014649,1.649463758803904,0.75,0.050849673400729,7,unreviewed
2022-11-10,2022-11-07,2022-11-14,0.500723864731492,2.4779471885496136,691.8090645076716,691.0513103255071,692.798896888271,1.7475865627638996,0.75,0.049886657326449,11,unreviewed
2019-02-02,2019-01-30,2019-02-06,0.5005199689560533,5.55078518950334,1147.8357101611423,1147.275019743014,1148.5224726167507,1.24745287373662,1.5,0.0520080876507378,2,unreviewed
2023-12-24,2023-12-21,2023-12-28,0.5004991365336011,25.86627339300751,635.3350236401891,634.9774614218622,635.9745099297725,0.9970485079102218,2.0,0.058300519354237,12,unreviewed
2023-02-04,2023-02-03,2023-02-06,0.5002599379105337,30.995836116819387,285.85916729682344,285.48553316574544,286.4834944056347,0.997961239889264,1.25,0.066001168188731,2,unreviewed
2025-01-12,2025-01-10,2025-01-14,0.5001428023136314,3.4107674119302027,29.86072398018408,29.632777349557728,30.34892540657893,0.7161480570212007,0.75,0.0335850424593709,1,unreviewed
2025-05-30,2025-05-27,2025-06-02,0.5000721342458516,23.174594920840104,1088.0059030427915,1087.3972476581112,1088.8941912292505,1.496943571139127,1.0,0.0488282229683688,5,unreviewed
2023-03-19,2023-03-17,2023-03-22,0.49974137276003,2.737807162673341,918.6111163268268,918.2813795125112,919.279169340618,0.997789828106761,0.75,0.0388033585797814,3,unreviewed
2022-10-28,2022-10-25,2022-11-01,0.499118084144564,2.7299840319131796,620.1825069726095,619.2787296250463,621.2725236895494,1.993794064503163,0.75,0.056976883434757,10,unreviewed
2021-01-06,2020-12-17,2021-01-26,0.498859175804446,4.580598107541078,518.6975373887981,518.0105534959584,519.5074961711653,1.4969426752068102,1.0,0.050675332232693,1,unreviewed
2021-10-24,2021-10-21,2021-10-27,0.4986955726784209,2.1338866781140293,918.4082656816712,917.5330802751704,919.279169340618,1.7460890654474497,0.75,0.0447213778006264,10,unreviewed
2018-11-13,2018-11-05,2018-11-21,0.4983497170421998,3.238997598465662,37.69379139211232,37.09930390259251,38.51543926354498,1.4161353609524667,0.75,0.0515301114210321,11,unreviewed
2022-07-31,2022-07-29,2022-08-02,0.4983151626648389,37.11485954781235,1227.786295684771,1227.3521172786132,1228.3499078536406,0.9977905750274658,1.5,0.0498641206773258,7,unreviewed
2022-07-31,2022-07-29,2022-08-02,0.4976631826891092,4.1931171774001,687.4293678691114,687.0573791125789,688.0549247250892,0.9975456125102936,1.5,0.0645274081471386,7,unreviewed
2024-01-18,2024-01-10,2024-01-26,0.4975196635152689,4.5000829929202775,779.8199080948104,778.9396456875838,780.9369149943814,1.9972693067975344,0.75,0.0510787873255338,1,unreviewed
2019-02-17,2019-02-15,2019-02-19,0.4974851715104301,2.795247755431242,931.46280683878,930.7530378140508,932.4991263803096,1.7460885662585497,1.0,0.0493161849188836,2,unreviewed
2018-03-13,2018-03-01,2018-03-26,0.4973949808431667,28.73210903764898,581.9243330748847,581.6306194625795,582.3790905857459,0.7484711231663823,1.25,0.0510300335121715,3,unreviewed
2023-02-04,2023-02-03,2023-02-06,0.4972946858272887,17.396492081941286,340.1979836618166,339.3754421886988,341.6208547060378,2.245412517338991,1.0,0.0600777285728972,2,unreviewed
2021-01-06,2020-12-17,2021-01-26,0.4964933860331436,3.4860386702227224,737.2314019782924,736.493574979715,738.2411615401506,1.7475865604355931,0.75,0.0515264829536048,1,unreviewed
2023-12-24,2023-12-21,2023-12-28,0.4964847162525422,6.607474430561542,538.8797924490302,538.2192804138176,539.7162230899557,1.4969426761381328,1.5,0.0530108718767286,12,unreviewed
2021-11-20,2021-11-18,2021-11-22,0.4963192419508479,18.36646187456157,95.58263206715246,94.9648851635866,96.38101982185616,1.4161346582695842,1.0,0.0590870231283319,11,unreviewed
2023-01-14,2023-01-09,2023-01-20,0.4963135660513175,6.180392446030643,407.4591135011929,406.98732464946806,408.2347758822143,1.2474512327462437,1.25,0.0494455197071297,1,unreviewed
2020-08-17,2020-08-14,2020-08-20,0.4959969007555384,2.7783074934263223,624.8823723138764,624.5116405552253,625.5086890640669,0.9970485088415444,0.75,0.0454583805052598,8,unreviewed
2025-05-30,2025-05-27,2025-06-02,0.495788888393627,19.105899417965023,1162.355843197975,1161.7454811222851,1163.242424692493,1.4969435702078044,1.0,0.050533877768409,5,unreviewed
2022-09-27,2022-09-26,2022-09-28,0.4956597148999185,33.6768312548353,953.1922915433188,952.7031554649584,953.9503785390408,1.2472230740822852,2.25,0.052538553974302,9,unreviewed
2025-11-07,2025-11-05,2025-11-10,0.4952945861543028,2.6402735958473276,30.86228163829711,30.56609351979569,31.282241577282548,0.7161480574868619,0.5,0.0325624726763636,11,unreviewed
2025-02-15,2025-02-10,2025-02-20,0.4947883707632169,5.86453581172031,239.7091764938632,239.3298324230127,240.32779341330752,0.997960990294814,1.5,0.050599465291311,2,unreviewed
2018-02-15,2018-02-01,2018-03-01,0.4947116525607728,37.98785570538168,1067.9602973298274,1067.691852873657,1068.4402094543912,0.7483565807342529,0.75,0.0712304663714163,2,unreviewed
2020-05-25,2020-05-22,2020-05-29,0.4931068699342018,1.7812847725762049,511.94828682491703,511.2743115215562,512.771254196763,1.4969426752068102,0.75,0.0515066193250556,5,unreviewed
2023-04-11,2023-04-06,2023-04-17,0.4930405679429839,21.38171894774447,1349.031908210968,1348.6054540406913,1349.58890977595,0.983455735258758,1.5,0.0534574447618047,4,unreviewed
2018-08-22,2018-08-08,2018-09-06,0.4930347672984089,26.97894908192983,596.1006695920707,595.8515749615617,596.6000460861251,0.7484711245633662,0.75,0.0421894473570885,8,unreviewed
2020-10-30,2020-10-20,2020-11-09,0.4928691058791476,41.239199854265166,1113.361330954755,1113.0947913671844,1113.8432628484445,0.7484714812599123,0.75,0.0582224292330173,10,unreviewed
2022-05-15,2022-05-12,2022-05-18,0.4927472923430719,5.943329616066693,32.1029018996097,31.966066955123097,32.448885911144316,0.4828189560212195,0.75,0.0360275215148268,5,unreviewed
2022-12-27,2022-12-20,2023-01-04,0.4924006258640606,2.895506777366353,51.48519528021387,50.86571267666295,52.281847099773586,1.416134423110634,1.0,0.0551100034841844,12,unreviewed
2019-12-26,2019-12-22,2019-12-30,0.4920515268566791,12.39847776912288,1118.9289281432973,1118.5835876804776,1119.581549857743,0.9979621772654356,1.5,0.0508838687320776,12,unreviewed
2022-08-06,2022-08-02,2022-08-10,0.4919564711326753,20.23205959359692,948.7433905225558,948.2133587868884,949.710014356766,1.4966555698774755,1.25,0.0528927533653556,8,unreviewed
2022-08-06,2022-08-02,2022-08-10,0.4918611035460599,19.79662797167894,894.7054439616535,894.3357966439798,895.3335857214406,0.9977890774607658,1.75,0.0526171868785589,8,unreviewed
2019-01-21,2019-01-19,2019-01-23,0.4917760274256261,29.23779484756036,1211.4384663830176,1211.1389553323388,1211.887311911676,0.7483565793372691,0.75,0.0562463643850347,1,unreviewed
2023-12-10,2023-12-08,2023-12-13,0.4916457312265158,3.832488234244126,1014.8647757908066,1014.3131497311406,1015.8098055501468,1.4966558190062642,1.0,0.052368320855966,12,unreviewed
2024-08-17,2024-08-14,2024-08-21,0.4912104333932988,36.64860585390258,1106.8039704973114,1106.6080332631243,1107.3565047443844,0.7484714812599123,0.5,0.0275186854674369,8,unreviewed
2019-07-05,2019-07-02,2019-07-08,0.490756174313299,13.346789148702992,955.845558661988,955.1974869254044,956.6941432449968,1.496656319592148,1.0,0.0505500943410708,7,unreviewed
2022-09-03,2022-08-30,2022-09-08,0.4907165053891084,15.810392607013831,1155.014939001671,1154.2607599846087,1156.0071945004163,1.7464345158077776,1.0,0.0519637169962861,9,unreviewed
2022-07-03,2022-07-01,2022-07-06,0.4905326935658543,46.955707557342016,1019.5914182224176,1019.301813150756,1020.2996029779316,0.9977898271754384,0.75,0.0366554025228146,7,unreviewed
2022-07-31,2022-07-29,2022-08-02,0.4903192547945019,15.140643369627464,198.42381511619135,198.16393762314692,198.91240789042783,0.7484702672809362,2.0,0.0512214611928057,7,unreviewed
2022-07-31,2022-07-29,2022-08-02,0.4902311847929971,30.512338814437648,936.6046933440064,936.24056722736,937.238357055001,0.9977898276410996,1.25,0.0510242636541314,7,unreviewed
2022-07-31,2022-07-29,2022-08-02,0.4891797088118577,30.57576248853736,1063.0187364261042,1062.4537559570745,1063.9504120266065,1.4966560695320368,1.0,0.0532173227508809,7,unreviewed
2019-02-10,2019-02-06,2019-02-15,0.4890856510482109,12.597594468258327,1014.0520147518592,1013.5648504928686,1014.8120728158392,1.2472223229706287,1.0,0.0490810148737519,2,unreviewed
2023-04-11,2023-04-06,2023-04-17,0.4888877430349143,39.33286408177601,1219.37530889429,1219.12082018191,1219.8691767626442,0.7483565807342529,1.0,0.0438105172279218,4,unreviewed
2023-01-14,2023-01-09,2023-01-20,0.4886244686182345,14.553664648958314,411.60323904427486,410.9791704691015,412.47611267259344,1.4969422034919262,1.0,0.0496560674779059,1,unreviewed
2018-12-14,2018-12-10,2018-12-18,0.4879131100012635,2.28408134032763,631.4779337211502,630.7412960459478,632.485902975779,1.7446069298312068,0.75,0.0517742708455072,12,unreviewed
2022-08-06,2022-08-02,2022-08-10,0.4871470506822249,20.387948746543497,695.5385024346267,695.0462347515859,696.2944563222118,1.2482215706259012,1.5,0.052324422348403,8,unreviewed
2019-02-10,2019-02-06,2019-02-15,0.4868905124979547,35.7423775680007,1174.0576831726505,1173.7210355382413,1174.9684884133749,1.2474528751336038,1.25,0.0452672390869125,2,unreviewed
2022-07-31,2022-07-29,2022-08-02,0.486436253417955,31.37480341746199,1164.7174597234855,1164.2403880837371,1165.4878409584053,1.2474528746679423,1.5,0.0537360486029949,7,unreviewed
2023-02-02,2023-02-02,2023-02-03,0.4864076244302137,14.061155915012613,330.22095350081025,329.64531923411414,331.1422607153654,1.4969414812512696,1.0,0.0481382936802974,2,unreviewed
2019-02-02,2019-01-30,2019-02-06,0.4863624043515372,5.002072854018677,991.3549519777526,990.8664291072636,992.113652179949,1.2472230726853013,1.25,0.0502555527541215,2,unreviewed
2022-07-03,2022-07-01,2022-07-06,0.4862419630109524,45.84291937347577,998.9851242278944,998.5988587331958,999.596648060251,0.9977893270552158,1.5,0.052033605888874,7,unreviewed
2019-02-17,2019-02-15,2019-02-19,0.4860703762020714,2.09988289522125,994.2842385066016,992.3630285831168,996.6034496077336,4.240421024616808,0.5,0.0501663504514058,2,unreviewed
2019-11-29,2019-11-26,2019-12-02,0.486044117370178,5.571073935528578,967.9336343859648,967.6691452269442,968.417501558084,0.7483563311398029,0.75,0.0372764838720684,11,unreviewed
2025-04-04,2025-04-01,2025-04-08,0.4860170476954945,1.0201884495273843,40.37727996036452,40.13258011126891,40.848728402517736,0.7161482912488282,0.75,0.0406057997742911,4,unreviewed
2023-02-04,2023-02-03,2023-02-06,0.4856603392403909,20.746947163449523,582.2327898549605,581.8801099793054,582.8780716196634,0.9979616403579712,0.75,0.0449259140633801,2,unreviewed
2025-07-06,2025-07-01,2025-07-11,0.485300574531694,2.501530007856642,489.94848571628035,489.0696632466279,491.0655866446905,1.9959233980625868,0.75,0.0514162273608883,7,unreviewed
2024-10-03,2024-10-03,2024-10-03,0.4852689516628818,39.04865323028848,1155.313736649097,1155.009232321754,1155.7577038034797,0.7484714817255735,0.75,0.0467911098994603,10,unreviewed
2025-06-28,2025-06-25,2025-07-01,0.4850596294780019,1.1843319939677113,29.50983076982744,29.399448483251035,29.882267438806593,0.4828189555555582,1.0,0.0436146431876124,6,unreviewed
2023-03-04,2023-03-02,2023-03-06,0.4849861546467182,21.5334687327265,1033.7130209758593,1033.2700724261813,1034.2678617532365,0.9977893270552158,1.25,0.048031138642739,3,unreviewed
2023-12-02,2023-11-27,2023-12-08,0.4844863012529081,24.995795046207174,532.5106583955385,532.2315099919215,532.9799811155535,0.7484711236320436,0.75,0.0405913528230386,12,unreviewed
2019-02-23,2019-02-19,2019-02-27,0.4844700843971068,1.980646780555154,499.1496166038034,498.55029871640727,500.0472408044152,1.496942088007927,0.75,0.0542669573319115,2,unreviewed
2023-12-24,2023-12-21,2023-12-28,0.4838325124740313,10.018214182491436,666.0596481709226,665.3781784633175,666.8736002477817,1.49542178446427,1.25,0.05273634262601,12,unreviewed
2023-02-02,2023-02-02,2023-02-03,0.4836831302830936,11.595688872892952,354.2350256757482,353.5963913537562,355.09333283640444,1.4969414826482534,1.0,0.0465694982771845,2,unreviewed
2023-01-14,2023-01-09,2023-01-20,0.4835248911939875,3.608853249589471,1000.0193523628426,999.5965909673832,1000.5943805444986,0.9977895771153272,1.0,0.0470885215446614,1,unreviewed
2022-07-09,2022-07-06,2022-07-12,0.483466448140581,1.9619481212956889,503.9111824065085,503.29061696119606,504.78755963686854,1.4969426756724715,0.75,0.0505710732772308,7,unreviewed
2023-02-02,2023-02-02,2023-02-03,0.4832419694327793,14.573042470553098,262.94476603393156,262.5324278618209,263.53038910077885,0.9979612389579416,1.5,0.04848869359009,2,unreviewed
2022-07-31,2022-07-29,2022-08-02,0.4827885835680918,28.107060095692667,595.2284103733509,594.8536138888448,595.8515747836791,0.9979608948342502,1.5,0.0511824179910418,7,unreviewed
2022-07-31,2022-07-29,2022-08-02,0.4824077993193758,41.099694704110256,1210.2533904262982,1209.8917891047895,1210.889578930568,0.9977898257784544,1.5,0.0523213143578608,7,unreviewed
2021-11-20,2021-11-18,2021-11-22,0.4818875501107696,35.337710244126335,1196.3293101460526,1195.9235263662413,1196.921316191554,0.9977898253127933,1.0,0.0513082804549262,11,unreviewed
2023-02-04,2023-02-03,2023-02-06,0.481348651517992,33.48104879427688,553.0858584680504,552.6897266800515,553.687688072212,0.9979613921605052,0.75,0.0400822743817584,2,unreviewed
2020-04-12,2020-04-08,2020-04-16,0.4813364888761411,6.7497599494319385,940.043889136818,939.4831984257326,940.9798539951444,1.4966555694118142,1.25,0.0518110797143573,4,unreviewed
2021-11-24,2021-11-22,2021-11-27,0.4811809318054945,38.989530379292326,1172.209912526243,1171.9746006638743,1172.7230721451342,0.7484714812599123,0.75,0.0427459226541377,11,unreviewed
2023-02-02,2023-02-02,2023-02-03,0.4810470803726124,7.987680493081087,228.61189992453916,227.85328026954085,229.5997119108215,1.746431641280651,0.75,0.0485064492872547,2,unreviewed
2020-11-12,2020-11-12,2020-11-13,0.4802642428450718,34.98291449419106,1195.6693405991982,1195.4246598756872,1196.422449701931,0.9977898262441158,0.75,0.057488716685836,11,unreviewed
2022-09-27,2022-09-26,2022-09-28,0.4802251976461044,16.56070893783038,645.5103487144424,644.9449100056663,646.4403307968751,1.495420791208744,1.25,0.0536258301871988,9,unreviewed
2022-07-31,2022-07-29,2022-08-02,0.4797316438770478,35.681918030723686,1104.5031534443076,1104.113126300741,1105.1110884789375,0.997962178196758,1.25,0.0490882606555304,7,unreviewed
2023-12-02,2023-11-27,2023-12-08,0.4795850684496141,2.779201061926554,611.686052191637,611.3047711541876,612.3018199130893,0.9970487589016556,0.75,0.043711853398974,12,unreviewed
2024-03-15,2024-03-09,2024-03-22,0.4793770560877028,3.8422460764517634,1075.5220150386965,1074.17711626878,1076.9209378175435,2.7438215487636626,1.0,0.0527216800486194,3,unreviewed
2024-11-15,2024-11-12,2024-11-19,0.4792437036349994,3.56671321837203,1120.800394168514,1120.3300225539133,1121.57747542765,1.24745287373662,1.0,0.0458372988306619,11,unreviewed
2022-01-09,2022-01-04,2022-01-14,0.4782273433839218,2.7248398257738473,107.34306573735375,107.10000932961702,107.84848009655252,0.7484707669354975,0.75,0.0404985406413557,1,unreviewed
2022-01-17,2022-01-14,2022-01-20,0.4780046111067448,0.245698327375597,35.702055127597646,35.46600089687854,36.18214918859303,0.7161482917144895,0.75,0.0404382805711415,1,unreviewed
2024-01-18,2024-01-10,2024-01-26,0.4777907357277362,9.74926934747521,1017.217048729766,1016.80748169031,1017.8052715174854,0.9977898271754384,1.25,0.0473046830304122,1,unreviewed
2019-09-20,2019-09-16,2019-09-24,0.4775121800430899,39.48569615755878,1219.5010680561684,1219.3702534274198,1219.8691767626442,0.49892333522439,0.75,0.0345661116461785,9,unreviewed
2023-01-14,2023-01-09,2023-01-20,0.4774737585693455,22.352930572366944,790.169831522215,789.6760047371499,790.9242258090526,1.2482210719026623,1.0,0.0457505464869979,1,unreviewed
2018-01-11,2017-12-21,2018-02-01,0.4773442108405032,18.976889939092786,157.50039791580537,156.99805216258392,158.24550335668027,1.2474511940963566,0.75,0.0467907455656407,1,unreviewed
2023-01-14,2023-01-09,2023-01-20,0.477027358427157,12.76855162311584,750.9935920957498,750.4758097184822,751.7240307894535,1.24822107097134,1.25,0.0496020196710841,1,unreviewed
2025-11-07,2025-11-05,2025-11-10,0.4769243813928196,32.22693694772929,1243.110972118569,1242.816980489995,1243.5653370697985,0.7483565798029304,0.75,0.0395899106838728,11,unreviewed
2025-05-16,2025-05-14,2025-05-19,0.4767680758519051,2.6680894715772614,56.79955376449105,56.46560735721141,57.41508428193629,0.9494769247248768,0.75,0.0977176614538052,5,unreviewed
2022-08-06,2022-08-02,2022-08-10,0.4764943228514768,28.745698404514123,949.8572004548976,949.460524267517,950.4583140942268,0.9977898267097772,1.75,0.0528674767772017,8,unreviewed
2024-12-28,2024-12-27,2024-12-30,0.4762501967991468,3.870843454266783,1021.8133559225332,1021.297279119026,1022.5445021917112,1.2472230726853013,1.0,0.0479875115266946,12,unreviewed
2023-01-21,2023-01-20,2023-01-23,0.4760022036504334,4.307182169246007,1043.0118406303698,1042.249667281285,1043.995756347198,1.746089065913111,1.0,0.0519422882193897,1,unreviewed
2023-11-12,2023-11-09,2023-11-16,0.4758104081443234,2.9875432357443623,727.5222810803998,726.7559469109401,728.5035334713757,1.7475865604355931,0.75,0.0489502710802241,11,unreviewed
2022-11-04,2022-11-01,2022-11-07,0.4755148871336081,1.985164887848403,591.016547599034,589.6143140215427,592.8576893224381,3.2433753008954227,0.75,0.053553788750922,11,unreviewed
2019-01-21,2019-01-19,2019-01-23,0.4754290001703841,3.7250040374364497,728.753660606279,728.2540433821268,729.5022644526325,1.2482210705056789,1.25,0.0505095863686447,1,unreviewed
2022-06-23,2022-06-15,2022-07-01,0.4751474506046668,20.179315400300105,1007.9435012967562,1007.3290203427896,1008.5762434154748,1.2472230726853013,1.0,0.0368008386352694,6,unreviewed
2019-11-20,2019-11-18,2019-11-22,0.4748235500962995,35.11285713985464,1034.4076579000443,1034.0183716639876,1035.016161491163,0.9977898271754384,1.0,0.0463822195408627,11,unreviewed
2018-01-11,2017-12-21,2018-02-01,0.4748088925535561,5.366705598407035,1156.5367635448342,1155.7577044111677,1157.5041386778466,1.746434266678989,1.0,0.0506988912471262,1,unreviewed
2023-01-14,2023-01-09,2023-01-20,0.4742369988964753,5.956488005208266,733.6031889033331,732.9980155443773,734.4959201104939,1.497904566116631,1.25,0.0500867621002956,1,unreviewed
2019-11-15,2019-11-12,2019-11-18,0.4737847981097118,0.9707403848052608,29.52142774807251,29.399448483251035,29.882267438806593,0.4828189555555582,0.75,0.0301271353073093,11,unreviewed
2019-07-12,2019-07-08,2019-07-16,0.473598241895476,36.624710706185745,1048.200668059545,1047.986630440224,1048.7349870204926,0.7483565802685916,1.25,0.0469526064415113,7,unreviewed
2022-12-27,2022-12-20,2023-01-04,0.4731822171716535,3.096492086024062,830.302014796323,829.8042389480397,831.0502160252072,1.2459770771674812,1.0,0.0490818996844565,12,unreviewed
2021-06-22,2021-06-01,2021-07-14,0.4728725999708956,2.2610626959971247,501.64858610153016,501.2946938187815,502.2926554596051,0.9979616408236324,0.75,0.0524238631749863,6,unreviewed
2023-02-04,2023-02-03,2023-02-06,0.4723277759884984,17.101929763399795,385.1533604822188,384.2837022896856,386.2796243787743,1.995922089088708,1.0,0.0506500816683834,2,unreviewed
2022-01-04,2022-01-04,2022-01-04,0.4721524468282788,43.23856619768955,1031.992911588856,1031.7734734499827,1032.521830032114,0.7483565821312368,0.75,0.0496967724880099,1,unreviewed
2024-04-06,2024-04-04,2024-04-09,0.471874015888677,43.46776432621343,1073.345217127223,1073.179383284878,1073.9277398665436,0.7483565816655755,0.75,0.0411213655881744,4,unreviewed
2019-07-05,2019-07-02,2019-07-08,0.471868402361669,17.893304947242854,972.504800629848,971.90950840991,973.4061647285708,1.4966563186608255,1.0,0.0490627833120066,7,unreviewed
2023-02-19,2023-02-17,2023-02-21,0.4716835302055356,3.0073914085825844,99.86643767114576,99.63146438868716,100.3637736714445,0.7323092827573419,0.75,0.032613185713429,2,unreviewed
2024-11-15,2024-11-12,2024-11-19,0.4716059387877792,3.5949275087265553,760.4219121905478,759.7140722973272,761.4616588577628,1.7475865604355931,1.0,0.048634464294828,11,unreviewed
2022-09-27,2022-09-26,2022-09-28,0.47141632631995,26.395104932114343,557.2912723138803,556.9310642289929,557.9290258707479,0.997961641754955,1.5,0.0531645166531992,9,unreviewed
2021-11-24,2021-11-22,2021-11-27,0.4713755970628801,18.037151547934855,317.1345216079727,316.6718219597824,317.9192730137147,1.2474510539323092,1.0,0.0517984395614344,11,unreviewed
2025-05-23,2025-05-19,2025-05-27,0.4709147888680375,2.501879328787307,613.5398553546418,612.7998889898881,614.5444959197193,1.7446069298312068,0.75,0.0497626611439668,5,unreviewed
2023-11-21,2023-11-16,2023-11-27,0.4703263041200217,2.730474368024512,283.9877414121141,283.24012071313336,284.98655285220593,1.7464321390725672,0.75,0.0486288989098498,11,unreviewed
2022-01-04,2022-01-04,2022-01-04,0.4701066904689604,41.761209015958435,1110.372075201745,1110.1009030109271,1110.8493744926527,0.7484714817255735,0.75,0.0455180494624403,1,unreviewed
2024-01-18,2024-01-10,2024-01-26,0.4700907854757708,3.1107145913564387,920.933489415819,920.526278227102,921.5240675550884,0.9977893279865384,1.0,0.0639077060616303,1,unreviewed
2022-11-10,2022-11-07,2022-11-14,0.469909031945753,4.497827091400469,1046.2494232760612,1045.7417322252877,1046.9889552989043,1.247223073616624,1.25,0.0499704652580203,11,unreviewed
2022-07-31,2022-07-29,2022-08-02,0.4694623199409529,39.00364918505984,1073.3165728978015,1072.9299500389025,1073.9277398665436,0.9977898276410996,1.75,0.0518462565164035,7,unreviewed
2018-01-11,2017-12-21,2018-02-01,0.4693637713556997,1.978753002092046,541.8008771220035,541.4626561431214,542.460617783945,0.9979616408236324,0.75,0.0444700023359091,1,unreviewed
2023-02-02,2023-02-02,2023-02-03,0.4687358671735825,18.86165623567052,491.9309002534581,491.31507750041783,492.8120194552466,1.4969419548287988,1.0,0.0512899076208835,2,unreviewed
2022-10-28,2022-10-25,2022-11-01,0.4686279627099823,28.28862752968974,615.0285053816636,614.5441919704899,615.7904266193509,1.246234648860991,1.25,0.0492817739613969,10,unreviewed
2022-09-27,2022-09-26,2022-09-28,0.4683013178106333,38.01636491618759,1052.0861046894215,1051.4786958834156,1052.9753512027671,1.496655319351703,1.25,0.0541437121232206,9,unreviewed
2022-08-06,2022-08-02,2022-08-10,0.468158422362016,37.96775529174334,1225.2368921910445,1224.8577848253772,1225.8555746511556,0.9977898257784544,1.75,0.0514515491529239,8,unreviewed
2022-08-06,2022-08-02,2022-08-10,0.4676745987064402,32.92279160671248,573.6589686853134,573.3974343845621,574.1459055077285,0.7484711231663823,2.5,0.053058101436356,8,unreviewed
2021-04-27,2021-04-21,2021-05-04,0.4676198980043724,40.67171154336079,1186.7590090896344,1186.6944952886552,1187.1934186243452,0.4989233356900513,0.75,0.0586893267404552,4,unreviewed
2022-07-31,2022-07-29,2022-08-02,0.467372902816016,21.25185336803123,727.5224998453253,727.0056296554394,728.2538507264107,1.24822107097134,1.25,0.0504931876290732,7,unreviewed
2020-10-04,2020-09-18,2020-10-20,0.4666454520882886,20.079622110923783,1028.454109496356,1027.782542514149,1029.2791978330351,1.4966553188860416,1.0,0.0504516870328735,10,unreviewed
2024-02-03,2024-01-30,2024-02-08,0.466066011356008,3.989620561120629,844.2938963451741,843.7550557809882,845.0010323580354,1.2459765770472586,1.25,0.0507199668432792,2,unreviewed
2022-07-23,2022-07-18,2022-07-29,0.4654875685840847,46.58795849215525,997.3402175394028,996.8528260109016,998.100049084518,1.247223073616624,1.0,0.0489797560957629,7,unreviewed
2019-02-10,2019-02-06,2019-02-15,0.4649453642476244,23.687634099912405,636.0207566314156,635.4758337009698,636.7220683498308,1.246234648860991,1.25,0.0488465846493354,2,unreviewed
2019-01-26,2019-01-23,2019-01-30,0.4644852421505273,11.333503380510123,409.3680262514894,408.7337569626979,410.230699414853,1.4969424521550536,1.0,0.048983875298539,1,unreviewed
2024-12-28,2024-12-27,2024-12-30,0.4641086368608061,4.241826643631865,1043.7453167515737,1042.9979665200226,1044.7440560855905,1.7460895655676725,0.75,0.0490408117520728,12,unreviewed
2023-01-14,2023-01-09,2023-01-20,0.4640800702455871,6.876195306282935,911.67347138646,911.0478183780796,912.5444736969656,1.4966553188860416,1.0,0.0487460768451377,1,unreviewed
2023-12-24,2023-12-21,2023-12-28,0.46367390038029,7.281094257490469,617.1284354303943,616.7868682248518,617.7839167350903,0.9970485102385284,1.75,0.0505500311403061,12,unreviewed
2023-12-24,2023-12-21,2023-12-28,0.4632772735109066,14.012628026117772,570.4843733899711,569.904568138998,571.4015108146705,1.4969426756724715,1.25,0.0517562697806681,12,unreviewed
2022-10-28,2022-10-25,2022-11-01,0.4630557886841759,48.49665653515911,1016.1056415315878,1015.560315460898,1016.8075385345146,1.247223073616624,2.5,0.053271303639246,10,unreviewed
2024-09-20,2024-09-17,2024-09-24,0.462694215172332,43.27147346175736,1032.1544473762112,1031.7734734499827,1032.7712632780897,0.997789828106761,1.0,0.0496679269155013,9,unreviewed
2018-12-22,2018-12-18,2018-12-26,0.4623906481062384,3.691639842387492,394.6363620821823,394.2633154238574,395.2612767969258,0.9979613730683924,1.25,0.0489449622159964,12,unreviewed
2022-10-28,2022-10-25,2022-11-01,0.4619049532749933,34.86465304424337,1223.5023314764603,1222.8623188622296,1224.3589751794934,1.4966563172638416,1.0,0.0623194596937842,10,unreviewed
2023-02-04,2023-02-03,2023-02-06,0.4617289380170281,32.89487764836962,230.6236763723632,230.09869247395545,231.34614359820264,1.2474511242471635,1.0,0.0425805039469886,2,unreviewed
2021-11-16,2021-11-15,2021-11-18,0.4615965835246816,20.000000000000004,656.9185716059421,656.6566615724005,657.4045239430852,0.7478623706847429,0.25,0.0250629491221801,11,unreviewed
2025-01-19,2025-01-14,2025-01-24,0.4614415878067358,2.49688574381045,312.17082741137983,311.4325242177583,313.1789568741806,1.7464326564222574,0.75,0.0493304385501503,1,unreviewed
2023-08-11,2023-08-07,2023-08-15,0.4611115747911818,2.2566538150843845,500.0509849752066,499.5482601975091,500.7957123564556,1.247452158946544,0.75,0.0495965695345591,8,unreviewed
2022-08-06,2022-08-02,2022-08-10,0.4609252056945129,34.50369353288201,958.0693319982984,957.6918186359107,958.689608213026,0.9977895771153272,1.75,0.0507799629573589,8,unreviewed
2018-11-30,2018-11-27,2018-12-04,0.4608522922159299,3.345734747635818,728.5006475653336,728.0043606371619,729.2525817085989,1.2482210714370012,1.0,0.0505348778275667,11,unreviewed
2021-01-06,2020-12-17,2021-01-26,0.46068451013091,3.622369099610792,449.915061735216,448.90171035332605,451.147123974748,2.2454136214219034,1.0,0.0520439559435027,1,unreviewed
2024-02-03,2024-01-30,2024-02-08,0.4604500518195384,12.624100173686694,1165.996187150482,1165.4878415656276,1166.7352944407612,1.2474528751336038,1.0,0.0479973745636665,2,unreviewed
2023-09-23,2023-09-18,2023-09-29,0.4604044575057281,1.7215718373718611,554.9964295778269,554.4361600526609,555.6836122106761,1.2474521580152214,0.75,0.0467941807130822,9,unreviewed
2023-01-14,2023-01-09,2023-01-20,0.4603992805863763,15.126286706232548,1039.1248378357598,1038.5081693432294,1040.00482541183,1.4966560686007142,1.0,0.0494998983885427,1,unreviewed
2023-12-02,2023-11-27,2023-12-08,0.4595778968400468,3.0984652785081988,415.4521983943717,414.7215263126418,416.4679592382163,1.7464329255744817,1.0,0.0482662826640264,12,unreviewed
2020-02-10,2020-02-10,2020-02-10,0.4595422197572842,3.4669505882633977,402.928337247487,402.496497138869,403.4944586455822,0.9979615067131816,0.75,0.0532749618482096,2,unreviewed
2019-12-13,2019-12-13,2019-12-13,0.4584645473167737,36.23573296782159,1047.2375349286476,1046.9888982060363,1047.986687282566,0.9977890765294432,0.75,0.0354038452165318,12,unreviewed
2019-10-20,2019-10-17,2019-10-24,0.4584012392066268,1.75,37.332632769364864,37.332632769364864,37.58212285861373,0.2494900892488658,0.25,0.0112317387542875,10,unreviewed
2020-03-26,2020-03-19,2020-04-02,0.4579402438942172,35.18973970238976,1151.5134333840438,1151.266870882362,1152.015342365019,0.7484714826568961,0.75,0.0537377513059475,3,unreviewed
2019-05-17,2019-05-13,2019-05-22,0.4575214124068906,35.058447339060535,1211.396093585783,1211.1389553323388,1211.887311911676,0.7483565793372691,1.0,0.0501924003195032,5,unreviewed
2025-03-14,2025-03-10,2025-03-18,0.4573637346704853,3.394453580744864,938.452336277357,937.737165953964,939.4832552694716,1.746089315507561,1.0,0.047550552593224,3,unreviewed
2023-06-16,2023-06-12,2023-06-21,0.4572384282731602,19.967816293983972,1018.3422341715054,1017.8052146751434,1019.0524367475882,1.2472220724448562,1.25,0.0496608186883281,6,unreviewed
2023-01-14,2023-01-09,2023-01-20,0.4569427201448779,12.244376419084508,644.4479706868386,643.9481647014618,645.1944000949152,1.2462353934533894,1.25,0.0480207402581138,1,unreviewed
2022-01-04,2022-01-04,2022-01-04,0.4567592201842354,36.48816188644019,1038.477716556214,1038.2587363463826,1039.007092427928,0.7483560815453529,0.75,0.0473768136912979,1,unreviewed
2022-08-06,2022-08-02,2022-08-10,0.4566868056858309,31.47468264143176,1032.1976720883586,1031.7734734499827,1032.7712632780897,0.997789828106761,1.75,0.0531170751851257,8,unreviewed
2022-08-06,2022-08-02,2022-08-10,0.4566712125552528,28.99231398342974,929.0528021074344,928.508139600046,929.7553621744736,1.247222574427724,1.25,0.0507896066505007,8,unreviewed
2023-07-01,2023-06-26,2023-07-06,0.4565675494231699,2.9898205412532852,165.57608176705972,164.98173901438713,166.47868029866368,1.496941284276545,0.75,0.0501197194401962,7,unreviewed
2021-04-27,2021-04-21,2021-05-04,0.4565230778147613,37.76158809902261,1188.4738841102082,1188.191094761249,1188.9394513401205,0.7483565788716078,0.75,0.0455137183512181,4,unreviewed
2021-10-11,2021-10-11,2021-10-12,0.4556303399029066,2.216964305881531,567.1632105753379,566.9106829273514,567.6591540519148,0.7484711245633662,0.75,0.0376558037082103,10,unreviewed
2021-03-30,2021-03-08,2021-04-21,0.4555042226627913,21.505573388499982,1136.342616799541,1135.7984467186034,1137.04589959234,1.24745287373662,1.25,0.0485989863597269,3,unreviewed
2023-01-14,2023-01-09,2023-01-20,0.4553005140049195,5.997796312641469,908.0959112353484,907.5557539346628,908.8029770078138,1.2472230731509626,1.25,0.0493271149334699,1,unreviewed
2022-08-06,2022-08-02,2022-08-10,0.4548606006050514,16.495557338326133,778.5694295866637,778.1905974522233,779.1891357768327,0.9985383246093988,1.25,0.0474872923455366,8,unreviewed
2024-03-08,2024-03-08,2024-03-09,0.4547946104764451,2.382726131187371,637.5196147224788,636.970950790681,638.2171861846,1.2462353939190507,1.0,0.0472843175134381,3,unreviewed
2022-08-20,2022-08-17,2022-08-24,0.4546526506156625,29.08917802233682,255.04476004741167,254.79822971485555,255.54670007154343,0.7484703566879034,1.0,0.0557658787132046,8,unreviewed
2018-09-22,2018-09-06,2018-10-08,0.4543881911210587,30.861059674100588,566.4117018929682,566.4117018929683,566.6611919822171,0.2494900892488658,1.0,0.0313692013458238,9,unreviewed
2022-07-31,2022-07-29,2022-08-02,0.4543011814524332,38.372028165726775,1255.5514850827126,1254.7897772663273,1256.535866828635,1.7460895623080432,1.0,0.0469826156516272,7,unreviewed
2024-02-03,2024-01-30,2024-02-08,0.4540891772490941,5.250182822739137,828.2946550086479,827.5621432256885,829.3063637972809,1.74422057159245,0.75,0.0487427792523016,2,unreviewed
2022-10-28,2022-10-25,2022-11-01,0.453969110143643,11.120223900990757,267.9960419783965,267.52223353553563,268.7696851589717,1.2474516234360635,2.0,0.0523006886024441,10,unreviewed
2024-01-18,2024-01-10,2024-01-26,0.4535646243364483,5.590454774606682,790.5506518901029,789.9256874844432,791.4235912999138,1.497903815470636,1.0,0.0492824728874997,1,unreviewed
2022-07-31,2022-07-29,2022-08-02,0.4533564872294924,38.749042722399544,1039.2555386691126,1038.5081693432294,1040.2542586568743,1.7460893136449158,0.75,0.0498687900985232,7,unreviewed
2023-12-24,2023-12-21,2023-12-28,0.4524822739567644,3.2499999999999996,390.0220936449741,388.0260569662787,392.0179022299126,3.991845263633877,0.25,0.0415888690794142,12,unreviewed
2022-09-03,2022-08-30,2022-09-08,0.4522748229475539,6.526830882998881,66.07236686308664,65.56543691689149,66.74824247369543,1.1828055568039415,1.25,0.049440816826704,9,unreviewed
2024-01-03,2023-12-28,2024-01-10,0.4519937099894927,4.326480574552761,1034.8727716421795,1034.2678049104288,1035.7644612295553,1.4966563191264868,1.0,0.0480176025260353,1,unreviewed
2025-01-04,2024-12-30,2025-01-10,0.4518733933939525,2.9798979978745987,986.4269482433036,985.877765187528,987.124988260679,1.2472230731509626,0.75,0.041193901477492,1,unreviewed
2025-05-09,2025-05-05,2025-05-14,0.4517266308489518,13.49926723165449,454.561154213608,454.1410090331919,455.38846001727507,1.247450984083116,0.75,0.0416801941842826,5,unreviewed
2022-09-27,2022-09-26,2022-09-28,0.4517227637525685,31.27778661470553,1199.540148238863,1198.9167253109626,1200.4133816268295,1.4966563158668578,1.25,0.0537808988397192,9,unreviewed
2023-04-11,2023-04-06,2023-04-17,0.4514073459072357,22.039237502105415,776.1250611829427,775.6937699993141,776.6923083234578,0.9985383241437376,0.75,0.042620439394841,4,unreviewed
2024-09-20,2024-09-17,2024-09-24,0.451294950622029,37.49363652873197,1059.9585767473202,1059.7099910010584,1060.458347582724,0.7483565816655755,0.75,0.0424187620372632,9,unreviewed
2020-03-26,2020-03-19,2020-04-02,0.4508172394736397,43.48447256142864,1073.8898754380327,1073.6782497772947,1074.426606358029,0.7483565807342529,0.75,0.0607129111280441,3,unreviewed
2023-02-04,2023-02-03,2023-02-06,0.4506653623818095,17.236609048959757,476.5041685562982,476.0961636514403,477.0941244116984,0.9979607602581382,0.75,0.0591957135727012,2,unreviewed
2022-07-31,2022-07-29,2022-08-02,0.4504063916691692,41.7749317256296,1189.2867150180716,1188.939394496847,1189.9371843221595,0.9977898253127933,1.25,0.0505456665698557,7,unreviewed
2025-02-03,2025-01-28,2025-02-10,0.4500761915360483,2.7331550289311006,456.97656662001725,456.3864222913981,457.8833642452955,1.4969419538974762,0.75,0.0450163729460041,2,unreviewed
2018-09-22,2018-09-06,2018-10-08,0.4500715759693972,36.23763179816468,1048.2251456927945,1047.986630440224,1048.7349870204926,0.7483565802685916,0.75,0.0436551809015747,9,unreviewed
2018-12-22,2018-12-18,2018-12-26,0.4497985714392365,3.745688891304788,915.5311030012192,914.7893153182232,916.5354046341964,1.7460893159732225,0.75,0.0490386889499202,12,unreviewed
2022-06-23,2022-06-15,2022-07-01,0.4496995238738048,2.580017255445222,477.8273846502614,477.34361501876265,478.5910669984296,1.2474519796669483,1.0,0.0576671435974197,6,unreviewed
2025-10-11,2025-10-06,2025-10-17,0.4495213255775588,18.002151923376044,157.7062804359087,157.2475425004959,158.24550335668027,0.9979608561843634,0.75,0.0333016242069939,10,unreviewed
2022-07-31,2022-07-29,2022-08-02,0.4495066680348155,38.98880197413389,1160.8671573137765,1160.4980276403949,1161.4959898176603,0.9979621772654356,1.25,0.0488717162474999,7,unreviewed
2023-01-21,2023-01-20,2023-01-23,0.4487602560603051,4.458463003828161,833.3329002844398,832.7936999131925,834.0396769898944,1.24597707670182,1.25,0.0494136851102241,1,unreviewed
2022-07-31,2022-07-29,2022-08-02,0.448684910053352,32.409382028352574,1155.5316257713343,1155.258723018691,1156.0071945004163,0.7484714817255735,1.5,0.0469284711848125,7,unreviewed
2021-06-22,2021-06-01,2021-07-14,0.4483588265067037,20.005003997410828,1247.9282715371992,1247.556212151423,1248.5540019772016,0.9977898257784544,1.25,0.0486455132755595,6,unreviewed
2025-11-07,2025-11-05,2025-11-10,0.4482878465763125,3.3193837294158484,990.7387391252964,990.1181293698028,991.6147856875324,1.496656317729503,1.0,0.0488252488147399,11,unreviewed
2024-02-19,2024-02-16,2024-02-23,0.4477224396615522,3.9499648588782703,1057.8089499403322,1057.465092036873,1058.4628816149198,0.9977895780466496,1.25,0.0501082057479602,2,unreviewed
2021-01-06,2020-12-17,2021-01-26,0.4476368645609398,13.71054182990034,1010.85990680258,1010.3222182942554,1011.569441367872,1.247223073616624,1.25,0.0483733150177476,1,unreviewed
2018-02-15,2018-02-01,2018-03-01,0.4472069307646417,36.37356688031341,1183.76097608868,1183.4511736887507,1184.199645170942,0.7484714821912348,0.75,0.0416041264875306,2,unreviewed
2023-02-02,2023-02-02,2023-02-03,0.4470652203939483,4.836272192205464,655.164061108551,654.6631714585237,655.9094071020372,1.2462356435135007,1.0,0.0454068272697943,2,unreviewed
2022-07-31,2022-07-29,2022-08-02,0.4469438434655288,27.834680569997396,928.6672086905268,928.2587063550018,929.256496181246,0.9977898262441158,1.5,0.0492206551043223,7,unreviewed
2024-11-15,2024-11-12,2024-11-19,0.4467827352403963,2.63048328427194,904.8071298693186,903.5648234966212,906.5580785423516,2.9932550457306206,0.5,0.0494386382591708,11,unreviewed
2022-09-03,2022-08-30,2022-09-08,0.4461432297691292,17.826235086254055,40.577888031239034,39.43259350955486,41.78204433852807,2.349450828973204,2.25,0.0494501854106351,9,unreviewed
2022-09-27,2022-09-26,2022-09-28,0.4461184055052489,24.531579907285348,880.3343123323634,879.8777050967328,881.123682172969,1.2459770762361586,1.25,0.0503034589336996,9,unreviewed
2022-10-28,2022-10-25,2022-11-01,0.4457235250664902,7.249796009096925,101.1104648029258,100.86275385180488,101.61122461780906,0.748470766004175,1.75,0.0508634586027991,10,unreviewed
2022-07-31,2022-07-29,2022-08-02,0.4456503620978181,28.43966168410012,926.832206721421,926.2632411355152,927.5104634594172,1.247222323901951,1.25,0.0496613280121371,7,unreviewed
2021-01-06,2020-12-17,2021-01-26,0.445265586007674,29.622530225625837,212.76453828579767,212.63437311304733,213.13335358537736,0.498980472330004,0.5,0.0446781856545503,1,unreviewed
2022-09-27,2022-09-26,2022-09-28,0.445071607463283,28.30241297279874,1178.8978630491708,1178.4613587670028,1179.4593209456652,0.9979621786624192,1.5,0.0555569481384642,9,unreviewed
2023-02-04,2023-02-03,2023-02-06,0.4449091270426597,24.341852835269965,753.8941508660787,753.4720036624931,754.4705419880338,0.9985383255407214,1.0,0.0491389551041355,2,unreviewed
2020-06-04,2020-05-29,2020-06-10,0.4448163791019814,18.04217180052521,1149.041205416032,1148.522473223973,1149.7699260977097,1.24745287373662,1.25,0.0527941676079406,6,unreviewed
2023-02-04,2023-02-03,2023-02-06,0.4447380392139572,32.737240882357554,553.0885487662996,552.6897266800515,553.687688072212,0.9979613921605052,1.0,0.0454656523108826,2,unreviewed
2023-01-21,2023-01-20,2023-01-23,0.4447177057716834,9.849428669685077,995.576623233304,995.1067932890728,996.3540163622238,1.2472230731509626,1.0,0.0460410283542437,1,unreviewed
2019-02-10,2019-02-06,2019-02-15,0.4434070719603369,19.59266634482171,922.2383945024872,921.7734439577908,923.020667030476,1.2472230726853013,1.0,0.0478617903351076,2,unreviewed
2023-12-24,2023-12-21,2023-12-28,0.4431699940030281,12.894920271203732,560.9115639363158,560.4239309718832,561.6713826335035,1.247451661620289,1.5,0.0490899113107945,12,unreviewed
2022-11-10,2022-11-07,2022-11-14,0.4428805231269772,12.212406826155249,788.1743518395567,787.6785427755676,788.926763846539,1.24822107097134,1.25,0.0487025240829341,11,unreviewed
2023-02-02,2023-02-02,2023-02-03,0.4428379850667602,4.735223219686956,614.1591962425579,613.5474474094808,615.0428681983612,1.4954207888804376,0.75,0.0467423635214821,2,unreviewed
2020-10-30,2020-10-20,2020-11-09,0.4427094976707971,34.98293869153511,1211.0966383034338,1210.889522086829,1211.6378786661662,0.7483565793372691,0.75,0.04142910126416,10,unreviewed
2024-01-03,2023-12-28,2024-01-10,0.4426378316426603,4.2310501530293045,1131.6780663570887,1131.0581234893762,1132.5550670591183,1.4969435697421432,0.75,0.0479688301242129,1,unreviewed
2024-12-09,2024-12-03,2024-12-16,0.4425311746295064,2.75,31.73273808974773,31.732738089747727,31.982228178996593,0.2494900892488658,0.25,0.0187423243011246,12,unreviewed
2021-11-06,2021-11-04,2021-11-08,0.4416635104716211,3.56877502362288,992.5128454811588,991.8641620907,993.3608184098266,1.4966563191264868,1.0,0.0500201373413155,11,unreviewed
2023-02-04,2023-02-03,2023-02-06,0.4413632491492101,16.75143752088855,587.616512322154,587.368899865076,588.1173704909161,0.7484706258401275,0.75,0.0317353791406179,2,unreviewed
2022-10-28,2022-10-25,2022-11-01,0.4411035299663021,26.42785921145417,555.2829336578226,554.9351410865784,555.933102728799,0.9979616422206165,1.5,0.0515037975968002,10,unreviewed
2022-09-10,2022-09-08,2022-09-13,0.4409362468614606,2.5010068748418366,698.276492999763,697.5430627055466,699.2906492659822,1.7475865604355931,0.75,0.0503094035232654,9,unreviewed
2022-01-04,2022-01-04,2022-01-04,0.4408259722420127,37.49879988075213,1059.9428743979345,1059.7099910010584,1060.458347582724,0.7483565816655755,0.75,0.0540075628054722,1,unreviewed
2020-12-02,2020-11-18,2020-12-17,0.4406844489888863,3.2469114462924895,1148.2599480568342,1147.5245104380883,1149.2709447056986,1.7464342676103115,0.75,0.0495779067205376,12,unreviewed
2025-08-30,2025-08-25,2025-09-05,0.4405587683564272,32.768413225344865,223.2156309338261,222.8634745948948,223.8614350873977,0.997960492502898,0.75,0.0436076464912003,8,unreviewed
2023-12-24,2023-12-21,2023-12-28,0.4405490382429465,13.378645891071049,659.5598141683945,659.1485239677131,660.1455724779516,0.9970485102385284,1.5,0.0504407570182872,12,unreviewed
2025-01-12,2025-01-10,2025-01-14,0.4402875726294137,4.246642370965062,967.1713987960848,966.4219794971868,968.1680685621686,1.7460890649817884,0.75,0.0497952132554355,1,unreviewed
2025-11-07,2025-11-05,2025-11-10,0.4396681511103311,4.244611273433595,239.3427543628021,238.58136202022433,240.32779341330752,1.746431393083185,0.75,0.0476330518971985,11,unreviewed
2023-02-04,2023-02-03,2023-02-06,0.4394746715461185,18.923276524468047,241.4485600562715,241.07626435998827,242.0742251011543,0.9979607411660254,1.0,0.0526012788743362,2,unreviewed
2022-10-28,2022-10-25,2022-11-01,0.4394574567299603,42.265172005864585,1027.0439948909916,1026.5353762847371,1027.782599357888,1.2472230731509626,1.25,0.0503208428616607,10,unreviewed
2025-05-30,2025-05-27,2025-06-02,0.4390199758584625,28.69229355066208,586.917731585242,586.6204288112931,587.368899686262,0.7484708749689162,0.75,0.0431058101140066,5,unreviewed
2020-02-24,2020-02-24,2020-02-24,0.4387083627369907,1.9991270927878435,543.0771317938992,542.4606182114221,543.9575608880259,1.496942676603794,0.75,0.0538727444214727,2,unreviewed
2020-05-07,2020-04-23,2020-05-22,0.4384518869252429,0.9715786588877154,40.98759570680233,40.83256741473451,41.54871547082439,0.7161480560898781,0.75,0.0367143242238958,5,unreviewed
2019-02-02,2019-01-30,2019-02-06,0.438173643103208,5.369114164382124,498.05140399733546,497.5523373242467,498.79978880565614,1.247451481409371,1.0,0.0498782032947588,2,unreviewed
2023-02-02,2023-02-02,2023-02-03,0.4376366780586222,15.210469346674085,279.2535378278419,278.9987861881964,279.7472570440732,0.7484708558768034,0.75,0.0426605532919113,2,unreviewed
2022-11-04,2022-11-01,2022-11-07,0.4371865355650949,32.47453947130954,1075.9109220876808,1075.4242824991234,1076.6715048225597,1.24722232343629,0.75,0.0483384170426041,11,unreviewed
2022-10-28,2022-10-25,2022-11-01,0.4369750927144565,28.068304231396116,595.1710648180677,594.8536138888448,595.8515747836791,0.9979608948342502,1.5,0.0502252684347949,10,unreviewed
2023-02-04,2023-02-03,2023-02-06,0.4364589600923228,14.499746199277013,705.2800406283504,705.0335455653258,705.7824016455561,0.7488560802303255,0.75,0.0338440503458385,2,unreviewed
2021-11-10,2021-11-08,2021-11-12,0.4356090097307742,33.87770474008479,1053.1323043347138,1052.7258611135185,1053.723650940694,0.9977898271754384,1.0,0.0570311728915611,11,unreviewed
2022-08-06,2022-08-02,2022-08-10,0.4354922483690059,5.9591870918232965,723.4687458056496,723.0107047306374,724.2589263012633,1.2482215706259012,2.25,0.0502855768350056,8,unreviewed
2021-11-20,2021-11-18,2021-11-22,0.4353248405191198,35.46065439699758,1192.1382820534614,1191.6831601960585,1192.9303835164756,1.2472233204171062,0.75,0.0487769076651936,11,unreviewed
2018-12-22,2018-12-18,2018-12-26,0.4348786274944983,3.495925973415578,864.0803919564654,863.4356717937626,864.9307701177895,1.4950983240269125,0.75,0.0478878699447413,12,unreviewed
2024-02-03,2024-01-30,2024-02-08,0.4346949404162888,5.6077602608800206,951.3491110852868,950.707690496929,952.204345815815,1.4966553188860416,1.0,0.0481014178929906,2,unreviewed
2024-01-03,2023-12-28,2024-01-10,0.4346665609186366,4.462436677405362,990.0850596974396,989.6192631274462,990.8664859510028,1.2472228235565126,1.25,0.0490477972954088,1,unreviewed
2022-07-31,2022-07-29,2022-08-02,0.4339651819052359,31.762545931562368,980.2739792191528,979.8913702825084,980.889159359038,0.9977890765294432,1.25,0.0476529155257477,7,unreviewed
2023-03-29,2023-03-22,2023-04-06,0.4334430615209603,21.14168980940856,1093.1399660573095,1092.6365532758646,1093.8840061509982,1.2474528751336038,1.0,0.0491589674403662,3,unreviewed
2022-07-31,2022-07-29,2022-08-02,0.4333871757409686,32.87273124750031,1224.6296517957508,1224.358918334823,1225.107274914626,0.7483565798029304,1.5,0.0486838649866045,7,unreviewed
2019-05-17,2019-05-13,2019-05-22,0.4333336601168246,1.9691485466229697,612.3042524707222,611.8031434356235,613.049379079137,1.2462356435135007,0.75,0.0415000720051304,5,unreviewed
2018-05-05,2018-03-26,2018-06-15,0.433242034881548,29.46181018249247,1211.6368490168256,1211.3883885769174,1212.136745157186,0.7483565802685916,0.75,0.047073464891915,5,unreviewed
2022-01-09,2022-01-04,2022-01-14,0.4332127197960613,2.5654135297750935,622.484576834294,621.5214058803394,623.515199446585,1.9937935662455857,0.75,0.0509382139542623,1,unreviewed
2022-07-31,2022-07-29,2022-08-02,0.4329689679788651,35.367635157113675,1162.9987554375666,1162.4939532107674,1163.7414060849696,1.2474528742022812,1.0,0.0497249154167236,7,unreviewed
2023-10-29,2023-10-26,2023-11-01,0.4328253864325024,2.9704512015517284,289.8622262645804,289.2278871727176,290.7248289291747,1.4969417564570904,0.75,0.0453442250535974,10,unreviewed
2023-03-29,2023-03-22,2023-04-06,0.4326857343550453,3.618900009095992,652.8098476173046,652.1713100569323,653.6667308462784,1.495420789346099,1.0,0.0486780282101078,3,unreviewed
2019-01-13,2019-01-07,2019-01-19,0.432368819569177,3.766088373696632,577.3714058007884,576.8903006301261,578.1377527881414,1.2474521580152214,1.25,0.0480411987173888,1,unreviewed
2024-08-17,2024-08-14,2024-08-21,0.4322777556866011,40.9767240259834,1113.5196413809697,1113.3442820627242,1114.0927535444498,0.7484714817255735,0.75,0.0399880978070983,8,unreviewed
2025-03-03,2025-02-28,2025-03-07,0.4314523177263212,5.244181222104548,1030.6955509856662,1030.2768739741296,1031.274663801305,0.9977898271754384,1.25,0.0463318039191603,3,unreviewed
2024-01-18,2024-01-10,2024-01-26,0.4312310200171574,5.000824836074181,400.49255825007816,400.0015934086405,401.2490446413867,1.2474512327462437,1.25,0.0486623990327877,1,unreviewed
2022-07-31,2022-07-29,2022-08-02,0.430887097929128,38.72515902646736,1237.2397138386254,1236.8305816026405,1237.828371427022,0.9977898243814708,1.25,0.0455200272746035,7,unreviewed
2023-05-18,2023-05-15,2023-05-22,0.430751063457965,2.4803730483023494,496.0548726952119,495.80590426456183,496.5543750501238,0.748470785561949,0.75,0.0394124429368344,5,unreviewed
2023-01-27,2023-01-23,2023-01-31,0.4306576294195413,7.745270728738285,419.832561406218,419.46184404799715,420.45980480872095,0.9979607607237996,1.25,0.0471525996845968,1,unreviewed
2022-09-27,2022-09-26,2022-09-28,0.430229067818734,17.175483173169624,373.98766609059527,373.056637016125,375.05255960254,1.995922586414963,1.0,0.0573641145195519,9,unreviewed
2021-11-20,2021-11-18,2021-11-22,0.429966541872322,43.46875781983818,1031.2857400673165,1031.025173712056,1031.7735302927904,0.7483565807342529,0.75,0.0397840968919978,11,unreviewed
2019-11-24,2019-11-22,2019-11-26,0.4299379128845807,3.243917546995778,1049.7303655607066,1048.9843634236604,1050.730452987831,1.7460895641706884,0.75,0.0478886469423769,11,unreviewed
2023-02-04,2023-02-03,2023-02-06,0.4297188605862201,17.248562316225406,579.3925308342818,579.1357150361873,579.8841856615618,0.7484706253744662,0.75,0.0343076391073642,2,unreviewed
2023-01-14,2023-01-09,2023-01-20,0.4295924938560156,16.014890828755977,1160.7653472768638,1160.248536943458,1161.4959898176603,1.2474528742022812,1.25,0.0475336705536877,1,unreviewed
2022-07-31,2022-07-29,2022-08-02,0.4294495984073983,14.456825233466908,65.13106135832085,64.63212074618787,65.81492700614035,1.1828062599524856,1.25,0.0495466483658975,7,unreviewed
2023-02-02,2023-02-02,2023-02-03,0.4292987816484473,6.245163246338456,401.397120541721,400.99955455213785,401.99751580972224,0.997961257584393,1.25,0.0472348052909004,2,unreviewed
2022-07-31,2022-07-29,2022-08-02,0.429195617496543,12.171581701644998,98.3099433456864,97.7648327392526,98.94763829512522,1.1828055558726192,1.25,0.0592586689696416,7,unreviewed
2022-12-27,2022-12-20,2023-01-04,0.4290364428196022,6.360722721281165,286.80344279502805,286.48349469993263,287.48145519103855,0.997960491105914,1.5,0.0485991462204844,12,unreviewed
2023-12-17,2023-12-13,2023-12-21,0.4289713259063082,28.20587299814804,1111.895211649285,1111.597847188823,1112.3463186705485,0.7484714817255735,0.75,0.0387305252751009,12,unreviewed
2024-01-18,2024-01-10,2024-01-26,0.4286190459002889,4.5057087748825975,1095.117546906951,1094.1334974537604,1096.3789131133817,2.245415659621358,0.75,0.0477111494538022,1,unreviewed
2022-09-27,2022-09-26,2022-09-28,0.4285654055311004,33.69588765112112,1066.316645480215,1065.9458209010772,1066.9436099780723,0.9977890769951046,1.25,0.0486552610640783,9,unreviewed
2022-11-10,2022-11-07,2022-11-14,0.4284115325185561,18.2720438855463,1075.7930621408962,1075.4242824991234,1076.4220718261786,0.9977893270552158,1.25,0.0476564510508741,11,unreviewed
2019-02-02,2019-01-30,2019-02-06,0.4278582258731244,6.140018992020523,1011.0212688674172,1010.0727850487456,1012.3177411057986,2.2449560570530593,1.0,0.0479749420099203,2,unreviewed
2022-07-31,2022-07-29,2022-08-02,0.4276434149062812,40.571628429939906,1146.501344114332,1146.027566261124,1147.275019135326,1.2474528742022812,1.0,0.0466950001249414,7,unreviewed
2023-02-02,2023-02-02,2023-02-03,0.4274052142435708,4.384616108667544,577.7866831115,577.3892816645093,578.3872433057986,0.9979616412892938,1.0,0.0405493986684105,2,unreviewed
2019-11-20,2019-11-18,2019-11-22,0.4272762902399514,18.778845753812963,993.7457010823896,993.3607615674846,994.3585511446,0.9977895771153272,1.25,0.046685605517166,11,unreviewed
2024-01-18,2024-01-10,2024-01-26,0.4272185332842903,9.643692713608226,1019.8114897188178,1019.301813150756,1020.5490362229756,1.24722307221964,1.0,0.0469035366243259,1,unreviewed
2023-02-19,2023-02-17,2023-02-21,0.4271058261364721,3.0094634882573024,928.4080777347456,927.7598398625852,929.256496181246,1.4966563186608255,0.75,0.0439050841602457,2,unreviewed
2022-10-28,2022-10-25,2022-11-01,0.4267111951878028,26.9844095441634,267.5179925154794,267.27274315292016,268.0212140092626,0.7484708563424647,1.75,0.0483295057347934,10,unreviewed
2021-10-11,2021-10-11,2021-10-12,0.4266504443510707,4.21748058106307,67.72318354725078,66.96541011845693,69.08153208019212,2.116121961735189,0.75,0.0484305972166408,10,unreviewed
2023-08-27,2023-08-22,2023-09-01,0.4266349759655373,4.587530560542073,134.502620590861,134.04495270783082,135.29240340413526,1.2474506963044405,1.0,0.0437920588869623,8,unreviewed
2022-10-28,2022-10-25,2022-11-01,0.4258046105759946,18.017876645830153,167.72378004527323,167.2271510665305,168.47460201196373,1.2474509454332292,1.25,0.0489300579886234,10,unreviewed
2021-11-24,2021-11-22,2021-11-27,0.4256519850138967,39.86365663196398,1176.7285584578,1176.4654331966303,1177.2139046788216,0.7484714821912348,0.5,0.0514695056054586,11,unreviewed
2023-02-04,2023-02-03,2023-02-06,0.425600714800556,3.0021330971114804,540.7081814500004,540.4646945716813,541.2131651975214,0.7484706258401275,0.75,0.0369712502028231,2,unreviewed
2023-02-04,2023-02-03,2023-02-06,0.4255768261245106,30.136736118500167,606.4454151325281,606.0718612186611,607.0689097284339,0.997048509772867,1.0,0.0589977092948551,2,unreviewed
2023-02-04,2023-02-03,2023-02-06,0.4253762360927544,13.667784456731962,217.10921291152056,216.6262172525749,217.8736688755453,1.2474516229704022,1.0,0.0505544254522929,2,unreviewed
2025-04-25,2025-04-21,2025-04-29,0.4253397481672017,2.5594007928913993,915.0796105540352,914.2904493263924,916.0365381427108,1.746088816318661,0.5,0.0350500101592978,4,unreviewed
2022-09-27,2022-09-26,2022-09-28,0.4251069115414102,16.152690543417084,427.57011546312185,426.4475752892904,428.69298841198906,2.2454131226986647,2.0,0.050839501795318,9,unreviewed
2018-01-11,2017-12-21,2018-02-01,0.4250946865270371,1.9416191909635447,505.0502508453047,504.7875600652769,505.53603118890896,0.7484711236320436,0.75,0.0444457369599891,1,unreviewed
2022-09-27,2022-09-26,2022-09-28,0.4245786786499481,27.82584382317222,928.666257278954,928.2587063550018,929.256496181246,0.9977898262441158,1.5,0.0492338566287427,9,unreviewed
2022-09-27,2022-09-26,2022-09-28,0.4242543415339245,36.581651485465265,1189.6282955461256,1188.939394496847,1190.4360508127138,1.4966563158668578,1.0,0.0539831747457149,9,unreviewed
2022-07-31,2022-07-29,2022-08-02,0.4241228602568904,41.43255571642546,1166.5329069651457,1165.9868229581043,1167.2342763310298,1.24745337292552,2.0,0.0521478803066816,7,unreviewed
2019-12-06,2019-12-06,2019-12-07,0.4234912137234346,40.22801613854381,1060.6750736429865,1060.458290738985,1061.2066473206503,0.7483565816655755,0.75,0.0423648443496627,12,unreviewed
2022-09-03,2022-08-30,2022-09-08,0.4231583315718543,3.043566492752239,46.254800835260205,45.49914662633091,47.148610152769834,1.6494635264389217,1.0,0.0455987456857773,9,unreviewed
2022-01-04,2022-01-04,2022-01-04,0.4229935433679054,41.48119491356851,1021.547714587628,1021.297279119026,1022.0456356992944,0.7483565802685916,0.75,0.0455058219733333,1,unreviewed
2025-11-07,2025-11-05,2025-11-10,0.4228597543075456,1.7408082855821243,512.5077681928201,512.0227830740623,513.2702352316119,1.24745215754956,0.75,0.0517002887739876,11,unreviewed
2022-10-28,2022-10-25,2022-11-01,0.4227774225780936,7.521070697452918,883.0192398119224,882.6180443139747,883.6148996432312,0.9968553292565048,1.25,0.0463565637481211,10,unreviewed
2021-11-20,2021-11-18,2021-11-22,0.4217875706489987,34.95598611231467,1111.5975712227155,1111.098865795415,1112.3463186705485,1.2474528751336038,0.75,0.0467383855910034,11,unreviewed
2022-01-04,2022-01-04,2022-01-04,0.4217856371008071,30.243655398268324,1061.9236720878898,1061.7054569688626,1062.4538130508736,0.7483560820110142,0.75,0.0434570911168118,1,unreviewed
2025-01-19,2025-01-14,2025-01-24,0.4216118672536452,21.103419341180672,1010.3482371387024,1009.82335180277,1011.0705748763868,1.247223073616624,1.0,0.0466116866464109,1,unreviewed
2023-11-21,2023-11-16,2023-11-27,0.4215116346102895,3.232796683027596,214.53680392201457,213.88182477932423,215.3787660393864,1.496941260062158,0.75,0.0465122086429072,11,unreviewed
2023-02-04,2023-02-03,2023-02-06,0.4215105119048878,21.899383496656977,768.6464268550137,768.2032866384834,769.2018249626271,0.9985383241437376,1.0,0.0517693337504832,2,unreviewed
2024-02-03,2024-01-30,2024-02-08,0.4214948564017874,3.489670340549249,864.345176741126,863.6847935407422,865.1798916156404,1.4950980748981235,0.75,0.0444940743918433,2,unreviewed
2023-02-25,2023-02-21,2023-03-02,0.4209356867392586,3.258763011325379,928.8934903873992,928.508139600046,929.5059291780926,0.9977895780466496,0.75,0.0375255989800277,2,unreviewed
2023-01-27,2023-01-23,2023-01-31,0.4207891736843472,2.474396332436902,300.2041969045088,299.70647908421233,300.95393063500524,1.2474515507929027,0.75,0.0414664231745111,1,unreviewed
2022-06-23,2022-06-15,2022-07-01,0.4207373421183056,16.16981939665166,1010.112854775528,1009.5739188073204,1010.8211416299456,1.24722282262519,1.25,0.045395897255208,6,unreviewed
2022-10-01,2022-09-28,2022-10-05,0.4205851531638638,23.13932768619137,947.2885324618952,946.7167598111556,947.9639826337808,1.24722282262519,1.0,0.0478127502594586,10,unreviewed
2020-07-05,2020-07-02,2020-07-08,0.4201351977879035,2.4404411242918913,609.3210840712463,609.0620951480232,609.8099580151029,0.7478628670796752,0.75,0.0418237119676467,7,unreviewed
2022-09-27,2022-09-26,2022-09-28,0.4201151762082412,28.502906579254265,593.3565531810539,593.1071802685037,593.8556513916701,0.7484711231663823,1.75,0.0493733741754759,9,unreviewed
2023-02-04,2023-02-03,2023-02-06,0.4198454774217632,11.89530413858808,318.98832417335154,318.418254208751,319.66570501355454,1.2474508048035204,1.0,0.0457998691072417,2,unreviewed
2024-02-19,2024-02-16,2024-02-23,0.4196584845998712,3.483612142457655,1055.3242867578851,1054.970760327764,1055.968550155405,0.9977898276410996,0.75,0.0425948207790198,2,unreviewed
2022-09-27,2022-09-26,2022-09-28,0.4188792646786247,41.327205265936904,1039.6847960318555,1039.2564688296989,1040.5036919033157,1.247223073616624,1.25,0.05331735840819,9,unreviewed
2021-07-27,2021-07-14,2021-08-09,0.4185027841339481,9.73526378855781,602.9688667625261,602.334067625925,603.8294889139943,1.4954212880693376,0.75,0.0462511225665914,7,unreviewed
2019-05-07,2019-05-02,2019-05-13,0.4183589530974962,2.4566468811275386,95.32002692726164,94.9648851635866,95.91436208877712,0.9494769251905382,0.75,0.0376582053372657,5,unreviewed
2021-05-18,2021-05-04,2021-06-01,0.4182275965655067,41.51903914176777,1022.0400784911546,1021.7961456100456,1022.5445021917112,0.7483565816655755,0.75,0.044164363438232,5,unreviewed
2019-01-26,2019-01-23,2019-01-30,0.4181077789501449,1.9793413697562592,568.5343873066303,567.9086449965835,569.4055866757408,1.496941679157317,0.75,0.0569133480778589,1,unreviewed
2020-02-17,2020-02-16,2020-02-19,0.4177636697445484,0.4805453367334141,41.57274550067337,41.299225381575525,42.248702072538435,0.9494766909629108,0.75,0.0279752979798567,2,unreviewed
2019-06-20,2019-06-17,2019-06-24,0.4172472252598033,3.625432761301124,34.999343163799495,34.999343163799495,35.24883325304836,0.2494900892488658,0.5,0.0165825329715607,6,unreviewed
2024-01-28,2024-01-26,2024-01-30,0.4171112531611626,2.786871132664017,92.04954737805596,91.69827962107956,92.64775701379403,0.9494773927144706,1.0,0.0404989272813275,1,unreviewed
2022-08-06,2022-08-02,2022-08-10,0.4169866328615828,38.47158159948616,1236.3736427344802,1235.832848620601,1237.080071691889,1.2472230712883174,1.25,0.0491017410068535,8,unreviewed
2024-02-03,2024-01-30,2024-02-08,0.4168061891545336,3.474200747950364,871.2674225399732,870.6602014573291,872.1553002819419,1.4950988246127963,0.75,0.0436327818070569,2,unreviewed
2022-08-06,2022-08-02,2022-08-10,0.4168061267820112,7.857775343402976,750.0914237988677,749.726761482656,750.7252998077311,0.99853832507506,1.5,0.0495992388374411,8,unreviewed
2023-12-17,2023-12-13,2023-12-21,0.4164675687309005,2.497578926480059,916.68290782003,915.787048053462,917.7825703644194,1.9955223109573128,0.75,0.0484054210061719,12,unreviewed
2023-02-02,2023-02-02,2023-02-03,0.416405133836066,25.0998467817808,775.4057887097576,774.9447217630222,776.1929428321309,1.2482210691086948,1.0,0.0466880108639134,2,unreviewed
2022-07-31,2022-07-29,2022-08-02,0.4161869547530178,35.20270611115515,1114.483758715938,1114.092754151672,1115.0907165780663,0.9979624263942242,1.25,0.0481594213241389,7,unreviewed
2017-11-11,2017-10-02,2017-12-21,0.4160569080439968,2.9789878324255574,951.1925962867704,950.707690496929,951.9549128203652,1.24722232343629,0.75,0.0434359225783579,11,unreviewed
2022-07-31,2022-07-29,2022-08-02,0.4159183162994191,36.52689331034295,1117.4382225402803,1117.086643502582,1118.0846056812445,0.9979621786624192,1.25,0.0454771399792743,7,unreviewed
2024-03-23,2024-03-22,2024-03-25,0.4158465255262378,2.968534760691348,410.1207872350301,409.48222838062793,410.97917033499107,1.4969419543631377,0.75,0.043748446641686,3,unreviewed
2025-04-11,2025-04-08,2025-04-15,0.414908442790662,2.7172021389326053,513.0166224616158,512.5217641075142,513.7692157682031,1.2474516606889663,0.75,0.045776046136674,4,unreviewed
2019-12-26,2019-12-22,2019-12-30,0.414587598535888,4.246130260469487,961.073419407448,960.685016588308,961.6828061654232,0.9977895771153272,1.25,0.0460174433159663,12,unreviewed
2022-07-31,2022-07-29,2022-08-02,0.4145256002487096,34.12852915265127,1205.5589416209405,1205.152557194233,1206.1503472691402,0.9977900749072433,1.0,0.0434056903067198,7,unreviewed
2019-11-29,2019-11-26,2019-12-02,0.4142770457472954,1.968159946281079,508.4920044843251,508.03093579318374,509.2783879507333,1.24745215754956,0.75,0.048223685348676,11,unreviewed
2023-02-04,2023-02-03,2023-02-06,0.4141827384935593,10.93798091489937,676.6564534383581,676.3423723550513,677.339421113953,0.9970487589016556,0.75,0.0301016040572509,2,unreviewed
2023-12-24,2023-12-21,2023-12-28,0.4141778110642967,5.666625253430184,580.0621523646122,579.6346955723129,580.6326569644734,0.9979613921605052,1.75,0.0498689313708206,12,unreviewed
2022-09-27,2022-09-26,2022-09-28,0.4140808217921012,31.141283017469632,928.8266258066568,928.508139600046,929.5059291780926,0.9977895780466496,1.5,0.0498653549510818,9,unreviewed
2023-07-15,2023-07-12,2023-07-18,0.4138745558608148,4.135189601368512,410.6025377948914,409.98120932560414,411.478150782641,1.4969414570368826,1.0,0.0489735289616023,7,unreviewed
2021-11-20,2021-11-18,2021-11-22,0.4131640704591563,17.728073480073476,391.27271199924513,391.0199411055073,391.768411800731,0.7484706952236593,0.75,0.0363292270943297,11,unreviewed
2023-02-04,2023-02-03,2023-02-06,0.413153841365497,23.24994372711721,549.4469187255662,549.196860184893,549.9453313094564,0.7484711245633662,0.75,0.0327457437406704,2,unreviewed
2025-01-04,2024-12-30,2025-01-10,0.4130043344295147,4.0560703080460465,1060.4945781099832,1059.7099910010584,1061.2066473206503,1.496656319592148,1.0,0.0453153571749365,1,unreviewed
2024-08-31,2024-08-27,2024-09-05,0.412861750843509,8.286761803269203,36.69761595643002,36.39931730134413,37.348793991841376,0.9494766904972494,1.0,0.0427274197008737,8,unreviewed
2023-01-27,2023-01-23,2023-01-31,0.4123734363663267,6.484172482326143,923.0012514498906,922.5217436952516,923.7689662696794,1.247222574427724,1.25,0.0456057795591097,1,unreviewed
2023-02-02,2023-02-02,2023-02-03,0.4117048029271397,18.37677196041656,480.59472777491914,480.0880092214793,481.3354612006806,1.247451979201287,1.0,0.0466866873655485,2,unreviewed
2023-02-04,2023-02-03,2023-02-06,0.4113518991958972,22.00108194257478,618.5174796269127,618.2819850654341,619.0298474347219,0.7478623692877591,0.75,0.0373470382315307,2,unreviewed
2022-08-06,2022-08-02,2022-08-10,0.4113032486284936,30.718386267416932,603.9706526119179,603.5799988247454,604.5770473326556,0.9970485079102218,1.25,0.046881646853617,8,unreviewed
2019-12-26,2019-12-22,2019-12-30,0.4109114868158506,5.0038988187803275,965.1574078270482,964.6759472754784,965.9231703481636,1.2472230726853013,0.75,0.0431118959758698,12,unreviewed
2022-09-27,2022-09-26,2022-09-28,0.410906372269021,32.464048430017336,1151.0518778962355,1150.5183987934142,1151.7658516680822,1.2474528746679423,1.25,0.050340821738663,9,unreviewed
2019-02-02,2019-01-30,2019-02-06,0.4109050000735302,2.202119235867725,520.6185471232651,520.2559681506827,521.2539297915064,0.9979616408236324,0.75,0.0459162440210498,2,unreviewed
2024-05-05,2024-05-01,2024-05-10,0.4107635391929261,2.7631114260720535,229.71048959385232,229.10073143756017,230.597672696691,1.4969412591308355,0.75,0.0458734199264852,5,unreviewed
2022-11-04,2022-11-01,2022-11-07,0.4107498172380173,1.9758115226813624,541.6226672691569,541.2131656254642,542.2111272667535,0.9979616412892938,0.75,0.043075417981611,11,unreviewed
2022-07-31,2022-07-29,2022-08-02,0.4104085147959249,31.889825799773455,1220.0708267198963,1219.619686673395,1220.8669097446837,1.2472230712883174,1.0,0.0464440893717286,7,unreviewed
2021-10-08,2021-10-05,2021-10-11,0.4099198260836086,36.70253519335156,1047.8917527727497,1047.4877641978674,1048.4855537754484,0.9977895775809884,1.0,0.0533812915581359,10,unreviewed
2023-03-11,2023-03-06,2023-03-17,0.4098802195319403,18.992335981186606,1052.1385767476677,1051.7281291293912,1052.7259182073176,0.9977890779264272,1.25,0.0469524465807537,3,unreviewed
2021-11-03,2021-11-03,2021-11-04,0.4097799245160624,28.989751181110034,539.1711903946995,538.9677519663237,539.7162230899557,0.7484711236320436,0.75,0.0449823002984926,11,unreviewed
2020-02-03,2020-02-02,2020-02-05,0.4077896173290796,40.36570753088613,1196.6878451876555,1196.422392857727,1197.1707494375296,0.7483565798029304,0.5,0.0392376184688338,2,unreviewed
2025-02-03,2025-01-28,2025-02-10,0.4077276190419012,2.9779484776980176,684.7271913785438,684.0671449345537,685.5625657243654,1.4954207898117602,0.75,0.0417691288131717,2,unreviewed
2023-04-11,2023-04-06,2023-04-17,0.4073366056995259,18.141068783375022,1348.1896924656623,1347.87148839375,1348.85494412994,0.9834557361900806,1.5,0.0528436240650977,4,unreviewed
2021-11-06,2021-11-04,2021-11-08,0.4063496229064574,3.3163105256549548,999.0950465926884,998.5988587331958,999.846081056632,1.24722232343629,1.0,0.0472368648922885,11,unreviewed
2023-02-02,2023-02-02,2023-02-03,0.4062903066377384,3.4758863733742342,688.210617256693,687.8054346358404,688.8039729609154,0.99853832507506,0.75,0.0462282253013407,2,unreviewed
2018-12-22,2018-12-18,2018-12-26,0.4060537900331306,3.9907681310644825,731.8852331090229,731.2502363263629,732.7481401436962,1.497903817333281,0.75,0.0461914387386428,12,unreviewed
2023-02-02,2023-02-02,2023-02-03,0.4059711464410669,25.497920281636556,638.9611195602427,638.4660683763213,639.7123030261137,1.2462346497923136,0.75,0.0449993198926342,2,unreviewed
2023-03-29,2023-03-22,2023-04-06,0.4056994517338749,17.766296976627412,1090.2070967243603,1089.6426649210043,1090.890117796138,1.2474528751336038,1.25,0.0483560165967033,3,unreviewed
2021-09-21,2021-09-08,2021-10-05,0.4056639617686792,11.23610392951048,1092.4902432820074,1091.8880811873823,1093.38502475759,1.4969435702078044,0.75,0.045751275154637,9,unreviewed
2019-11-24,2019-11-22,2019-11-26,0.4055652884383813,3.2395384053690486,908.919420817176,908.304053671658,909.80070949113,1.4966558194719255,0.75,0.045735132935816,11,unreviewed
2018-02-15,2018-02-01,2018-03-01,0.4055269293371593,35.743161587783604,1189.5700936237338,1189.1888277428225,1190.1866175681353,0.9977898253127933,0.75,0.0567408731912251,2,unreviewed
2023-12-24,2023-12-21,2023-12-28,0.4050896355832283,27.84770891749725,629.0507530433172,628.498619790189,629.7448544404469,1.2462346502579749,1.25,0.0482545496279603,12,unreviewed
2023-12-24,2023-12-21,2023-12-28,0.4049603997169974,13.736467882171866,444.2809711808042,443.66241217264906,445.15935387741774,1.4969417047686877,0.75,0.0438680373591054,12,unreviewed
2024-11-08,2024-11-04,2024-11-12,0.4046250850370469,1.047285799662198,40.80397841467931,40.59923831326887,41.3153866045177,0.7161482912488282,0.75,0.0410332005215368,11,unreviewed
2024-01-18,2024-01-10,2024-01-26,0.4045652074156271,5.139108776334269,1057.1119941135896,1056.2179265571758,1058.2134483684786,1.9955218113027513,1.5,0.0473635601191889,1,unreviewed
2023-02-25,2023-02-21,2023-03-02,0.4045453729535319,3.239652371932891,415.2189839169107,414.7215263126418,415.96897829230875,1.2474519796669483,0.75,0.0429229368427477,2,unreviewed
2022-09-27,2022-09-26,2022-09-28,0.404472272357382,21.926258635022943,837.4555883736667,837.0287686111405,838.0256239422597,0.99685533111915,1.5,0.0488677606231734,9,unreviewed
2022-09-27,2022-09-26,2022-09-28,0.4040972887532409,32.83899893976806,1224.5308414732026,1224.1094850902446,1225.107274914626,0.9977898243814708,1.5,0.0541925217019634,9,unreviewed
2025-01-19,2025-01-14,2025-01-24,0.4039095474610812,40.213255901507175,1227.821943376944,1227.6015507746488,1228.3499078536406,0.7483570789918303,0.75,0.0978323819946572,1,unreviewed
2020-01-30,2020-01-27,2020-02-02,0.40218688076734,1.9800689485436271,505.0234867299969,504.53806954761967,505.7855217051692,1.24745215754956,0.75,0.0485198961793495,1,unreviewed
2019-11-24,2019-11-22,2019-11-26,0.4021322424377945,3.393244244924903,757.954860349935,757.4669275875203,758.7151486584917,1.24822107097134,1.0,0.0466941004434686,11,unreviewed
2022-01-04,2022-01-04,2022-01-04,0.4021299970269913,38.36708128917381,1190.314336634539,1190.186560723465,1190.685484058689,0.49892333522439,0.5,0.0409446711210796,1,unreviewed
2023-02-04,2023-02-03,2023-02-06,0.4016542194267937,18.978961005664637,585.6192328894183,585.1234857081436,586.3709378656931,1.24745215754956,0.75,0.0460983960600537,2,unreviewed
2022-08-06,2022-08-02,2022-08-10,0.4013369927783138,34.7258891733271,1170.9884515610136,1170.4776564869098,1171.725109361112,1.2474528742022812,1.25,0.04949817709713,8,unreviewed
2023-02-04,2023-02-03,2023-02-06,0.4012562827344418,16.75291094415831,733.7399671149477,733.4973810357042,734.2462371150032,0.7488560792990029,0.75,0.0338310941890925,2,unreviewed
2023-10-01,2023-09-29,2023-10-03,0.4011259865353315,4.241072218534433,31.646078035349984,31.266080355271697,32.21555704437196,0.9494766891002656,1.25,0.0695033976652478,10,unreviewed
2023-02-19,2023-02-17,2023-02-21,0.400839384795307,4.997382299770109,1114.2636350314165,1113.843263455201,1114.841225632932,0.9979621777310967,1.25,0.0469523796622971,2,unreviewed
2021-11-24,2021-11-22,2021-11-27,0.4005335723184102,48.1144687840402,998.2516216271426,997.8505589952692,998.8483488224448,0.9977898271754384,1.5,0.052072775492167,11,unreviewed
2018-05-05,2018-03-26,2018-06-15,0.4005099331324538,18.503902741145968,1090.5268008029254,1090.1416463130154,1091.1396084916778,0.9979621786624192,1.25,0.0517894278759387,5,unreviewed
2019-01-13,2019-01-07,2019-01-19,0.3997262847621231,5.003072077734426,1098.00087443322,1097.6263672020286,1098.624329380691,0.9979621786624192,1.25,0.0463891047065137,1,unreviewed
2022-07-31,2022-07-29,2022-08-02,0.3996285470196599,36.109651715863194,1044.967843557797,1044.4945659963414,1045.7417890694924,1.2472230731509626,1.0,0.047067709904643,7,unreviewed
2020-07-05,2020-07-02,2020-07-08,0.3993238572481647,37.14772095391613,1045.542838681764,1045.242865734268,1045.9912223145366,0.7483565802685916,0.5,0.0497495079495429,7,unreviewed
2019-09-03,2019-09-01,2019-09-05,0.398946940095832,21.856178093013707,1052.9557634826244,1052.4764281180687,1053.723650940694,1.24722282262519,1.0,0.0456207098103269,9,unreviewed
2024-10-13,2024-10-09,2024-10-18,0.3985357804287498,3.9929169721759017,361.1910707102128,360.58212034776807,362.0790618304163,1.4969414826482534,0.75,0.0478958295233907,10,unreviewed
2023-02-04,2023-02-03,2023-02-06,0.3975058229678082,17.2266536792502,694.4657846181603,694.0475032697432,695.0460418462753,0.9985385765321552,1.25,0.0628587889951627,2,unreviewed
2019-03-01,2019-02-27,2019-03-04,0.3972789741041587,18.75443656482383,992.983335795488,992.6124618290924,993.6102516567336,0.9977898276410996,1.25,0.0462704843067158,3,unreviewed
2023-02-04,2023-02-03,2023-02-06,0.3967247942434147,3.626047547625448,463.0832709827717,462.623682115227,463.8711335966363,1.247451481409371,0.5,0.0336785424140805,2,unreviewed
2024-01-18,2024-01-10,2024-01-26,0.3966048518830082,18.503760548431135,1015.1828176697752,1014.8120157225056,1015.8098055501468,0.9977898276410996,1.25,0.0449187389177503,1,unreviewed
2023-02-04,2023-02-03,2023-02-06,0.3961182214639283,3.711251691704018,611.3928483827174,611.0555850141682,612.0526335248724,0.9970485107041896,0.75,0.0541822274127153,2,unreviewed
2024-01-03,2023-12-28,2024-01-10,0.3960302762074681,4.24215942048387,402.38081178615334,401.99751619342715,402.995477700606,0.997961507178843,1.25,0.0480808479029545,1,unreviewed
2023-12-24,2023-12-21,2023-12-28,0.3959455119496459,3.0846769950454265,690.4515332186877,689.802896599751,691.3008004147559,1.4979038150049746,1.0,0.0481406506970483,12,unreviewed
2022-07-31,2022-07-29,2022-08-02,0.3954964297889978,28.70896872135648,1066.8613645106816,1066.4446868933735,1067.4424764700234,0.9977895766496658,1.25,0.0473136203620671,7,unreviewed
2023-08-18,2023-08-15,2023-08-22,0.3953694393335702,28.70672437701535,539.4347631265031,538.9677519663237,540.2152041234076,1.2474521570838988,0.75,0.0481489411502889,8,unreviewed
2025-03-28,2025-03-24,2025-04-01,0.3952349018029427,2.6350404856925933,827.5388299323147,825.5691692498513,829.05724204937,3.4880727995187044,0.75,0.038817296207225,3,unreviewed
2022-10-28,2022-10-25,2022-11-01,0.3951797021206964,28.443384164078463,1194.4804140005792,1193.9280604049563,1195.1752834739164,1.247223068960011,1.25,0.052900099524819,10,unreviewed
2021-10-24,2021-10-21,2021-10-27,0.3948426410101212,2.457205546763757,930.4901981101752,930.00473807659,931.2519611506724,1.2472230740822852,0.75,0.0428407275187519,10,unreviewed
2025-05-02,2025-04-29,2025-05-05,0.3948162574331831,2.2367216611260936,490.95355942001993,490.3171156104654,491.81405806262046,1.4969424521550536,0.75,0.0446378115190375,5,unreviewed
2019-11-20,2019-11-18,2019-11-22,0.3947664217878556,2.2276899727168105,520.2536712766093,519.7569871162996,521.0044392747805,1.2474521584808826,0.75,0.0474350662078125,11,unreviewed
2022-09-27,2022-09-26,2022-09-28,0.3946336306878529,43.46336120206548,1059.3581673062972,1058.712258017622,1060.2089143367484,1.4966563191264868,1.25,0.0510000466082078,9,unreviewed
2023-01-05,2023-01-04,2023-01-06,0.394355948218519,7.913621369783369,886.9278368800794,886.60399126634,887.6011580936611,0.9971668273210526,1.0,0.0441838813214218,1,unreviewed
2020-01-04,2019-12-30,2020-01-10,0.3942678158444918,3.4935563830032956,967.5491446581876,966.9208454894832,968.417501558084,1.4966560686007142,0.75,0.0467037850312228,1,unreviewed
2022-12-09,2022-12-06,2022-12-12,0.394093048036973,2.008749083625286,499.0089268072186,498.55029871640727,499.79775028675795,1.2474515703506768,0.75,0.0491504055956069,12,unreviewed
2022-09-03,2022-08-30,2022-09-08,0.3937397700705966,19.74228750654235,1075.8025747950985,1075.4242824991234,1076.4220718261786,0.9977893270552158,1.25,0.0463584709241357,9,unreviewed
2024-02-12,2024-02-08,2024-02-16,0.3936902462878807,2.8092391647039774,551.9164926990869,551.4422748405486,552.6897265012376,1.2474516606889663,1.0,0.0473801001310578,2,unreviewed
2023-02-04,2023-02-03,2023-02-06,0.3934899057462138,22.355176719282845,774.221429765529,773.6963080358692,774.9445291063748,1.2482210705056789,1.0,0.0431734051906082,2,unreviewed
2022-08-06,2022-08-02,2022-08-10,0.3926123867298032,30.383999069366507,800.7842811293011,800.4078758009709,801.4047311316244,0.9968553306534886,1.5,0.0459455357166028,8,unreviewed
2021-11-20,2021-11-18,2021-11-22,0.3925075385197965,15.449892268434738,162.35090933705234,161.98785669449717,162.98581705149263,0.9979603569954634,0.75,0.0427625593259995,11,unreviewed
2025-06-14,2025-06-13,2025-06-16,0.3924616323433746,1.9587772280689488,514.1403944714299,513.7692159470171,514.7671773391776,0.9979613921605052,0.75,0.0446311642856769,6,unreviewed
2023-01-05,2023-01-04,2023-01-06,0.3923955174697237,3.066244659172553,391.7685810801717,391.2694312846288,392.5168830854818,1.247451800853014,1.0,0.0472649743617739,1,unreviewed
2024-02-19,2024-02-16,2024-02-23,0.3923413781203566,4.093770090482287,1085.9332903695374,1085.401610339526,1086.6488326615654,1.2472223220393062,1.0,0.045237482679855,2,unreviewed
2023-02-04,2023-02-03,2023-02-06,0.3916213497227845,21.338537237041525,719.0615541536789,718.5164153138176,719.7646363852546,1.2482210714370012,1.0,0.0409236810318434,2,unreviewed
2025-11-07,2025-11-05,2025-11-10,0.3913079901706879,5.489673079338522,275.39065135960834,274.7574514155276,276.25439267326146,1.4969412577338517,0.75,0.0481126973706284,11,unreviewed
2023-03-29,2023-03-22,2023-04-06,0.3910658600390719,3.584779010380165,269.51162387194603,269.0191753380932,270.266626462806,1.2474511247128248,1.0,0.045405663632187,3,unreviewed
2025-04-25,2025-04-21,2025-04-29,0.3907615445027105,1.9902814270411495,560.905945373979,560.4239309718832,561.6713826335035,1.247451661620289,0.75,0.0413482265916053,4,unreviewed
2023-02-04,2023-02-03,2023-02-06,0.3907193806776275,23.378688388638643,799.2797420355857,798.9131453186274,799.9100006502122,0.9968553315848112,1.0,0.0514522071844143,2,unreviewed
2024-11-15,2024-11-12,2024-11-19,0.3905171689602912,3.7582525760476098,174.58837667577657,173.96338697429746,175.46032800944522,1.4969410351477563,0.75,0.0455434487344314,11,unreviewed
2023-12-24,2023-12-21,2023-12-28,0.3902271991040618,12.868072009828024,540.5866244646359,540.2152043036185,541.2131651975214,0.9979608939029276,1.5,0.0470313285703771,12,unreviewed
2021-11-20,2021-11-18,2021-11-22,0.3902167828928357,27.964340659525092,782.9148808808274,782.6848878683522,783.4337434484623,0.7488555801101029,0.75,0.0385118134526133,11,unreviewed
2022-07-31,2022-07-29,2022-08-02,0.3899842581296557,29.472675734078255,862.5328609827927,862.19006305933,863.1869183890522,0.996855329722166,1.25,0.0447050236733594,7,unreviewed
2024-12-09,2024-12-03,2024-12-16,0.3899742161535635,4.369938295102314,30.799422620795664,30.799422620795667,31.048912710044533,0.2494900892488658,0.5,0.0269548193986198,12,unreviewed
2021-01-06,2020-12-17,2021-01-26,0.3899243181357137,45.49678639183305,994.6079270467162,994.6079270467162,994.8574171359652,0.2494900892488658,0.75,0.0229512833160244,1,unreviewed
2023-02-04,2023-02-03,2023-02-06,0.3898829651534207,19.753234786094815,332.8919481880649,332.6392026259564,333.3876735717058,0.7484709457494318,0.75,0.0354224002174843,2,unreviewed
2022-07-31,2022-07-29,2022-08-02,0.3898359986441196,32.86807409740991,928.779122765978,928.2587063550018,929.5059291780926,1.2472228230908513,1.0,0.0464300067542956,7,unreviewed
2022-11-10,2022-11-07,2022-11-14,0.389780549471784,1.9984810540810192,502.6699652796604,502.0431653703563,503.540107050445,1.4969416800886393,0.75,0.0505967959884291,11,unreviewed
2020-02-24,2020-02-24,2020-02-25,0.3896540579965348,5.973419681787399,1371.6123397648964,1371.3583920327949,1372.097192551941,0.7388005191460252,0.75,0.0428042160652648,2,unreviewed
2023-02-04,2023-02-03,2023-02-06,0.3890361334179877,24.997394265146784,632.9821681603025,632.7347851670347,633.4826475358568,0.7478623688220978,0.75,0.0354351035711719,2,unreviewed
2020-01-17,2020-01-14,2020-01-21,0.3886970763866985,1.9915218785262323,505.02298929087,504.53806954761967,505.7855217051692,1.24745215754956,0.75,0.0511319540393429,1,unreviewed
2023-02-04,2023-02-03,2023-02-06,0.388595284430285,18.161002832639294,388.1995111692715,387.77656678762287,388.774527661968,0.9979608743451536,1.0,0.0482103276811901,2,unreviewed
2022-07-31,2022-07-29,2022-08-02,0.3878163139991277,0.6085620618285446,33.82003677108193,33.36604086123407,34.54884665179998,1.182805790565908,1.0,0.0508486733415713,7,unreviewed
2023-02-04,2023-02-03,2023-02-06,0.387800783241072,4.725368854396965,670.6151836254828,670.1127171134576,671.3589517637156,1.2462346502579749,0.75,0.0482652454279483,2,unreviewed
2022-07-31,2022-07-29,2022-08-02,0.3876661833379222,8.145281284873414,52.8508636387471,52.265685877297074,53.6818212387152,1.416135361418128,1.0,0.0484149011208641,7,unreviewed
2023-02-04,2023-02-03,2023-02-06,0.3875933322318615,14.84626956496831,204.15143157513543,203.9022136805579,204.65068453690037,0.7484708563424647,1.5,0.0488676044801079,2,unreviewed
2022-09-19,2022-09-13,2022-09-26,0.387357688842566,9.48928332198139,940.8539217298712,940.4809309095144,941.478720237501,0.9977893279865384,1.25,0.0453418717545385,9,unreviewed
2019-01-21,2019-01-19,2019-01-23,0.3871507991860563,6.501014568380301,1081.2956622196673,1080.9118126612157,1081.909601737745,0.9977890765294432,1.25,0.0451258255172408,1,unreviewed
2023-08-18,2023-08-15,2023-08-22,0.3870570532850211,29.000000000000004,539.8388240781105,539.7162235174328,540.2152041234076,0.4989806059747934,0.25,0.0411266335577897,8,unreviewed
2023-07-28,2023-07-24,2023-08-01,0.3869828299834696,3.136095830687353,162.3843354194143,161.73836660431698,163.23530739033595,1.4969407860189676,1.0,0.0477121829721883,7,unreviewed
2019-12-09,2019-12-09,2019-12-10,0.3866705931367746,5.982250707894054,1371.6170669334883,1371.3583920327949,1372.097192551941,0.7388005191460252,0.75,0.0593154641508781,12,unreviewed
2021-01-06,2020-12-17,2021-01-26,0.3859490677986669,3.310215729129194,848.5686463100318,848.2392462268472,849.236101557035,0.9968553301878272,1.0,0.0437685296140654,1,unreviewed
2023-02-04,2023-02-03,2023-02-06,0.3859437661342703,24.25164369886749,636.2227160100393,635.974205980543,636.7220683498308,0.7478623692877591,0.75,0.034079205520202,2,unreviewed
2021-02-01,2021-01-26,2021-02-08,0.3858556961327654,4.359828251385439,909.41299546767,908.8029201640747,910.2995754834265,1.496655319351703,1.0,0.0460047065030504,2,unreviewed
2022-09-27,2022-09-26,2022-09-28,0.3853084396219982,2.7449528007530506,556.6876052301265,556.1825934238732,557.4300448349677,1.2474514110945163,1.25,0.0482015093156803,9,unreviewed
2021-11-24,2021-11-22,2021-11-27,0.3852363993587275,36.978724026047615,1133.1359170837557,1132.804558362346,1133.802520540543,0.997962178196758,0.75,0.070665659726514,11,unreviewed
2023-02-04,2023-02-03,2023-02-06,0.3849959532852138,32.749715473003356,222.74076723411812,222.36449407693,223.3624548190273,0.997960742097348,0.75,0.0441717765161521,2,unreviewed
2020-04-05,2020-04-02,2020-04-08,0.3847822650237722,0.5445202775964529,34.27194458576376,34.066027695313096,34.78217551764101,0.7161478223279119,0.75,0.0410358177767302,4,unreviewed
2022-07-31,2022-07-29,2022-08-02,0.3844180718659912,38.60021137352635,1234.2693348147177,1233.8373826569878,1234.8351724827662,0.9977898257784544,1.0,0.0432031541622815,7,unreviewed
2022-07-09,2022-07-06,2022-07-12,0.3840594922352183,2.718359293227409,627.4100019396153,627.0035022045486,628.2497376003303,1.2462353957816958,0.75,0.049988012764431,7,unreviewed
2023-01-05,2023-01-04,2023-01-06,0.3840505105920054,4.21765951258062,1119.1188332627084,1118.5835876804776,1119.8310405542145,1.24745287373662,0.75,0.0453377302456102,1,unreviewed
2023-01-21,2023-01-20,2023-01-23,0.3838786742930352,6.233747919446425,835.5188614767637,835.0357948858291,836.2817717124708,1.2459768266417086,0.75,0.0431814539938665,1,unreviewed
2025-04-25,2025-04-21,2025-04-29,0.3838633306525464,3.4188865270606263,921.1639316504978,920.526278227102,922.0229340470396,1.4966558199375868,1.0,0.0486438031372228,4,unreviewed
2024-01-18,2024-01-10,2024-01-26,0.3837351551191947,6.954154422622653,1070.1059512306156,1069.6873188409954,1070.6851086686363,0.9977898276410996,1.25,0.0456685750952925,1,unreviewed
2019-02-17,2019-02-15,2019-02-19,0.3835136079199417,3.4964407858561386,1014.4157766671256,1013.8142837393098,1015.31093905773,1.4966553184203804,0.75,0.0452860766324597,2,unreviewed
2019-02-02,2019-01-30,2019-02-06,0.3834226064098882,26.1421781920518,871.5401050364499,871.1584449512884,872.1553002819419,0.9968553306534886,1.0,0.0458124274709399,2,unreviewed
2023-02-19,2023-02-17,2023-02-21,0.3833551817132687,3.966391370043924,1086.595904729597,1085.9004765804857,1087.3972470504232,1.4967704699374735,0.75,0.045133446785915,2,unreviewed
2025-01-12,2025-01-10,2025-01-14,0.3832848255081005,13.626184909222664,1232.7162244253293,1232.3407831857912,1233.3385730115697,0.9977898257784544,1.0,0.0434247509137892,1,unreviewed
2022-09-27,2022-09-26,2022-09-28,0.3829641683708934,24.01348651047647,245.0441424069579,244.5691282316111,245.81657985318452,1.2474516215734184,1.25,0.0485804573826186,9,unreviewed
2025-02-03,2025-01-28,2025-02-10,0.3827936418948918,2.4966326344062195,505.1906454338356,504.53806954761967,506.0350122223608,1.496942674741149,0.75,0.051146966079785,2,unreviewed
2022-07-31,2022-07-29,2022-08-02,0.3827120586357074,37.620027834511205,1168.8561601402926,1168.481730917003,1169.4796930942684,0.9979621772654356,1.0,0.0464950329057001,7,unreviewed
2024-02-12,2024-02-08,2024-02-16,0.3823846652660906,3.497322106807767,874.2649006186367,873.6496624215506,875.1447604955174,1.4950980739668012,0.75,0.0457696814479081,2,unreviewed
2025-11-07,2025-11-05,2025-11-10,0.3821144674994341,3.247996311656234,1045.630647159278,1044.9934324873611,1046.4900888069533,1.496656319592148,0.75,0.0445493899316494,11,unreviewed
2023-02-02,2023-02-02,2023-02-03,0.3820675633626553,9.709333613579137,379.2882013770693,378.794914866332,380.04236616939306,1.247451303061098,0.75,0.0461564849981188,2,unreviewed
2024-03-15,2024-03-09,2024-03-22,0.3817993615167128,2.506380901037774,596.7157541286388,596.1010654787533,597.5980081544258,1.4969426756724715,0.75,0.0450923700066074,3,unreviewed
2025-02-15,2025-02-10,2025-02-20,0.3816581501261979,3.100075077492098,656.3876049608646,655.9091031532735,657.1553378021345,1.246234648860991,1.0,0.0449037157242322,2,unreviewed
2021-06-22,2021-06-01,2021-07-14,0.3816242194740601,35.99835232420147,1105.1066317475147,1104.8615983896889,1105.6100698709488,0.7484714812599123,0.75,0.0404496790149244,6,unreviewed
2024-08-17,2024-08-14,2024-08-21,0.3815551107193382,26.730830902682023,567.1914179225276,566.9106829273514,567.6591540519148,0.7484711245633662,0.75,0.0413495798315064,8,unreviewed
2024-03-23,2024-03-22,2024-03-25,0.3810388533521601,2.2163370044795596,543.9632986332971,543.4585802806541,544.7060319413431,1.2474516606889663,0.75,0.0464506808397087,3,unreviewed
2025-07-06,2025-07-01,2025-07-11,0.3808950846882303,2.5290924738204783,628.7620487420347,628.2494336497039,629.7448544404469,1.4954207907430828,1.0,0.0506732057128484,7,unreviewed
2020-04-12,2020-04-08,2020-04-16,0.3808169942902955,10.499328845594768,1024.6703691917603,1024.041043824982,1025.537700143177,1.4966563181951642,0.75,0.0451803454709512,4,unreviewed
2022-08-06,2022-08-02,2022-08-10,0.3803013606483403,29.165223531626843,212.64783851093276,212.384882977698,213.13335358537736,0.7484706076793373,1.0,0.0450165105006094,8,unreviewed
2019-02-17,2019-02-15,2019-02-19,0.3798403653359308,3.006250341756232,366.8297906808954,366.3203984480351,367.5678492537699,1.247450805734843,0.75,0.0426132047661387,2,unreviewed
2018-01-11,2017-12-21,2018-02-01,0.3798297620071377,14.911688627529411,713.6179042954577,713.2730766613968,714.2716149869375,0.9985383255407214,1.0,0.0437371485755881,1,unreviewed
2025-11-07,2025-11-05,2025-11-10,0.3797222317786714,3.238297213210373,251.94034450682463,251.30536559270695,252.8023075987585,1.4969420060515404,0.75,0.0434094526110604,11,unreviewed
2024-01-18,2024-01-10,2024-01-26,0.37955494867383,4.920818618205768,952.1586573859312,951.7054227311164,952.9526455542072,1.2472228230908513,1.0,0.0448401431904138,1,unreviewed
2019-01-26,2019-01-23,2019-01-30,0.3794890832902683,1.9663394411951545,508.5112800643137,508.03093579318374,509.2783879507333,1.24745215754956,0.75,0.0507179667249638,1,unreviewed
2019-02-17,2019-02-15,2019-02-19,0.3794508489340909,3.209814482227858,657.1566331837537,656.6566615724005,657.9028962231241,1.2462346507236362,0.75,0.0445646584928419,2,unreviewed
2022-09-27,2022-09-26,2022-09-28,0.379390721822582,38.10959444045678,1205.8023740198512,1205.4019906888716,1206.39978051465,0.9977898257784544,1.5,0.0497303172232522,9,unreviewed
2023-03-29,2023-03-22,2023-04-06,0.3793783720631641,3.485477175353393,843.7473526358078,843.2568122870289,844.502789363265,1.2459770762361586,0.75,0.0425897052347781,3,unreviewed
2022-10-28,2022-10-25,2022-11-01,0.3792463294334292,30.489289625601717,936.3635180817864,935.9911339813845,936.9889238090254,0.9977898276410996,1.25,0.0488211035881196,10,unreviewed
2024-02-03,2024-01-30,2024-02-08,0.3792232516001736,2.660261279120812,57.82346062764043,57.16559419268742,58.815058186184615,1.6494639934971929,0.5,0.0481167013249513,2,unreviewed
2022-07-09,2022-07-06,2022-07-12,0.3792085940574303,46.90405877687491,1016.684592121972,1016.3086151988246,1017.306405026,0.9977898271754384,1.0,0.0419844612535984,7,unreviewed
2019-03-19,2019-03-15,2019-03-23,0.3791414188509,1.957209449581084,568.5133344503007,568.1581352637149,569.1560961590149,0.9979608952999116,0.75,0.047289447928448,3,unreviewed
2025-01-26,2025-01-24,2025-01-28,0.3790112473968345,3.918493710436176,1013.2936984082507,1013.065984000452,1013.8143405821174,0.7483565816655755,0.75,0.0583862121556706,1,unreviewed
2019-02-02,2019-01-30,2019-02-06,0.3781461405123639,5.417125262918989,1033.7693349591616,1033.2700724261813,1034.5172949996777,1.2472225734964013,1.0,0.0447600715393389,2,unreviewed
2023-09-23,2023-09-18,2023-09-29,0.377763360342934,10.924024946805671,1201.1682089643875,1200.6627580281347,1201.9099810984917,1.2472230703569949,1.0,0.0447727823284105,9,unreviewed
2019-10-26,2019-10-24,2019-10-29,0.3775452436324081,1.7358545746208125,569.2641403119181,568.906606069766,569.9045677110553,0.9979616412892938,0.75,0.0424612441041604,10,unreviewed
2023-03-11,2023-03-06,2023-03-17,0.3773951129712026,14.748461573549871,915.211730110924,914.7893153182232,915.787104895804,0.9977895775809884,1.25,0.0447101912652896,3,unreviewed
2024-01-03,2023-12-28,2024-01-10,0.3773549450668335,3.992296222540789,897.9525943400421,897.3289945968427,898.8256501657888,1.496655568946153,0.75,0.0445939836476232,1,unreviewed
2022-06-10,2022-06-06,2022-06-15,0.3768452991870203,1.7126069705825109,514.3903625367459,514.0187062164769,515.0166678563692,0.99796163989231,0.75,0.051882701051434,6,unreviewed
2024-02-03,2024-01-30,2024-02-08,0.3765873264347371,5.505558107110772,1121.6552499362072,1121.327985338401,1122.3259475165978,0.997962178196758,1.25,0.0447069159786058,2,unreviewed
2023-02-02,2023-02-02,2023-02-03,0.3764320812267019,12.222063874027524,319.7047876297293,319.1667247451842,320.41417629783973,1.247451552655548,0.75,0.045199446972633,2,unreviewed
2025-02-03,2025-01-28,2025-02-10,0.3763984000646533,2.374038288340913,673.9981921138601,673.6013240693137,674.5983725781552,0.9970485088415444,1.0,0.0439986659041801,2,unreviewed
2022-12-27,2022-12-20,2023-01-04,0.3761237114763904,19.577040506749356,1019.5535400422272,1019.0523799047804,1020.2996029779316,1.2472230731509626,1.0,0.0436713826034684,12,unreviewed
2020-06-21,2020-06-19,2020-06-24,0.3760752480265537,20.239342900956004,1125.665145805111,1125.3198364786804,1126.3177986573428,0.9979621786624192,1.25,0.0457253442526848,6,unreviewed
2022-07-31,2022-07-29,2022-08-02,0.3754424787876964,34.61175695344203,1107.0164704880135,1106.6080332631243,1107.60599544039,0.9979621772654356,1.0,0.0419755127688674,7,unreviewed
2022-12-16,2022-12-12,2022-12-20,0.3753585877451864,43.730391240496026,1073.9132636714128,1073.6782497772947,1074.426606358029,0.7483565807342529,0.75,0.0393360778247196,12,unreviewed
2022-07-31,2022-07-29,2022-08-02,0.3749641439140839,43.06961684471982,1040.3584289135076,1040.0047685676254,1041.0025583952663,0.9977898276410996,1.0,0.0445082834108055,7,unreviewed
2024-11-15,2024-11-12,2024-11-19,0.3747553830819049,3.636560990795962,928.2660604812904,927.7598398625852,929.007062935736,1.2472230731509626,1.0,0.0442230286185626,11,unreviewed
2025-01-26,2025-01-24,2025-01-28,0.3743411671612295,2.6599968342303013,1023.2834052604863,1022.7938785939476,1024.0411006677896,1.24722207384184,1.0,0.0492678288985692,1,unreviewed
2021-02-22,2021-02-08,2021-03-08,0.3741698298424379,16.751721008649344,688.7929485357934,688.5544828716666,689.303338452708,0.7488555810414255,1.25,0.0418785999728686,2,unreviewed
2019-11-29,2019-11-26,2019-12-02,0.3738445571385796,12.248672030709386,1138.9134372567892,1138.5428443779238,1139.5408065551892,0.9979621772654356,1.25,0.0441902571632638,11,unreviewed
2021-01-06,2020-12-17,2021-01-26,0.3735621967300722,0.766416436154946,33.581319212707,33.13271175837144,34.31551778456196,1.182806026190519,0.75,0.0510449823518489,1,unreviewed
2022-09-27,2022-09-26,2022-09-28,0.3733007934890617,13.0,36.63264616858214,36.63264616858214,36.88213625783101,0.2494900892488658,0.25,0.0136003584220609,9,unreviewed
2020-11-12,2020-11-12,2020-11-13,0.3731990015326483,31.813682064408994,1220.901181076895,1220.6174196554348,1221.365776234772,0.7483565793372691,0.75,0.0372114948975842,11,unreviewed
2019-12-06,2019-12-06,2019-12-07,0.3730615948659944,43.48778649214161,1073.8793214101304,1073.6782497772947,1074.426606358029,0.7483565807342529,0.75,0.0418673539544592,12,unreviewed
2024-03-23,2024-03-22,2024-03-25,0.3721622454667746,2.749039890285625,634.1052870487591,633.4823435861617,634.977765370626,1.49542178446427,0.75,0.046699587756914,3,unreviewed
2019-12-14,2019-12-14,2019-12-15,0.3717269476335575,3.2419124206955723,1038.3894200925483,1037.7598703540862,1039.2565256729722,1.4966553188860416,0.75,0.0454819915673815,12,unreviewed
2022-08-06,2022-08-02,2022-08-10,0.3717015620169765,27.122081239994767,198.66055121577,198.16393762314692,199.4113885681145,1.247450944967568,1.0,0.0456623962911284,8,unreviewed
2022-07-31,2022-07-29,2022-08-02,0.3715092675306879,35.85433172657441,1030.282810909806,1030.0274407286197,1030.775797309354,0.7483565807342529,1.5,0.0455012752359731,7,unreviewed
2021-11-20,2021-11-18,2021-11-22,0.3714089101422876,30.47277225103985,803.733655692974,803.3973367661238,804.3941920958459,0.996855329722166,0.75,0.0416608733387706,11,unreviewed
2023-01-14,2023-01-09,2023-01-20,0.3710719114042347,5.843602970777161,1044.2489054725522,1043.7462662579492,1044.9934893315658,1.247223073616624,1.0,0.0437275903893631,1,unreviewed
2018-02-15,2018-02-01,2018-03-01,0.3708914676971855,28.86253319660056,801.8947282544423,801.6534845368005,802.401218119543,0.7477335827425122,1.0,0.0575005166403587,2,unreviewed
2022-08-06,2022-08-02,2022-08-10,0.3708793050553345,18.291564759795214,894.4680767850743,893.8369304016232,895.3335857214406,1.4966553198173642,1.25,0.0458770892885249,8,unreviewed
2024-08-24,2024-08-21,2024-08-27,0.3707552461084555,17.99694084560971,698.4621352868683,698.0424281964079,699.0409665214829,0.99853832507506,1.25,0.0454938361342087,8,unreviewed
2025-05-09,2025-05-05,2025-05-14,0.36980880545489,20.791339702217932,1143.9567734607242,1143.532659298275,1144.5306214764714,0.997962178196758,1.25,0.0452854074478932,5,unreviewed
2022-12-27,2022-12-20,2023-01-04,0.3696650367909603,11.358399380164,387.2588381802734,386.77860557381064,388.02605687687173,1.247451303061098,1.0,0.0448357191368907,12,unreviewed
2022-08-06,2022-08-02,2022-08-10,0.369388477027028,31.350011439821895,1216.4911423965118,1215.8781874938868,1217.3748443089426,1.4966568150557578,2.5,0.0492393476598801,8,unreviewed
2021-01-06,2020-12-17,2021-01-26,0.3692895542066408,3.2178977213708695,1159.1504480439994,1158.502102069091,1159.9990456406958,1.4969435716047883,0.75,0.04207694256069,1,unreviewed
2022-10-28,2022-10-25,2022-11-01,0.3689982745274427,24.059038361647037,764.5382224658046,764.2083627134562,765.2069010389969,0.9985383255407214,1.0,0.0474275527522074,10,unreviewed
2025-03-14,2025-03-10,2025-03-18,0.3689617242293678,19.47455917577233,915.4293573458082,915.0387483141384,916.0365381427108,0.9977898285724224,1.25,0.0449669759719196,3,unreviewed
2023-02-25,2023-02-21,2023-03-02,0.3689600401712654,2.7054522362379303,435.5549955971033,435.179739092011,436.17769985087216,0.9979607588611544,0.75,0.0430189388041975,2,unreviewed
2024-11-15,2024-11-12,2024-11-19,0.368832488363137,2.3657839736692083,609.7021416742585,609.3112815367058,610.3083305433393,0.9970490066334604,0.5,0.0317227612938471,11,unreviewed
2022-03-12,2022-03-11,2022-03-14,0.3685727068077065,1.443461408416954,514.522275486985,514.2681967332028,515.0166678563692,0.7484711231663823,0.75,0.0475459240666389,3,unreviewed
2024-02-19,2024-02-16,2024-02-23,0.3682978311018765,3.25,1232.9764331125637,1231.592483450193,1234.8351724827662,3.242689032573253,0.25,0.0373517597004166,2,unreviewed
2022-07-31,2022-07-29,2022-08-02,0.3680775313530698,28.15000918445279,601.468223054097,601.0881364289671,602.0851849378087,0.9970485088415444,1.0,0.0423697517031504,7,unreviewed
2022-07-31,2022-07-29,2022-08-02,0.3678095789972165,0.4890538904568287,29.614504205852068,29.166119615081698,30.34892540657893,1.1828057914972303,0.75,0.0459642542960048,7,unreviewed
2022-07-31,2022-07-29,2022-08-02,0.3677134005678111,18.00000606400982,192.54320556043788,192.17617248231545,193.1741330898367,0.997960607521236,1.25,0.0458386409174869,7,unreviewed
2019-10-26,2019-10-24,2019-10-29,0.3674053426801111,6.421012647483235,32.119474594827594,31.966066955123097,32.448885911144316,0.4828189560212195,0.5,0.0229528224405273,10,unreviewed
2019-12-07,2019-12-07,2019-12-07,0.3673949264688849,30.271505829976,1062.4790710435775,1062.2043229616247,1062.9526790427044,0.7483560810796916,0.75,0.0390285652102562,12,unreviewed
2023-01-05,2023-01-04,2023-01-06,0.3672315728329492,4.241625017791286,885.3360857319651,884.3618962927721,886.6043596076779,2.2424633149057627,0.75,0.0453753979013206,1,unreviewed
2019-11-29,2019-11-26,2019-12-02,0.3669655540252876,10.000234301342632,1012.443561999338,1011.8188177701086,1013.3154740897008,1.496656319592148,0.75,0.0434207097825459,11,unreviewed
2020-02-17,2020-02-16,2020-02-19,0.3668790433368407,0.5316071982920274,41.74371464816968,41.299225381575525,42.248702072538435,0.9494766909629108,0.75,0.043793980933745,2,unreviewed
2021-06-22,2021-06-01,2021-07-14,0.3667481857850295,5.495239129015076,864.3051685395184,863.6847935407422,865.1798916156404,1.4950980748981235,0.75,0.0442770838607685,6,unreviewed
2021-11-10,2021-11-08,2021-11-12,0.366412060262289,33.96952856164062,1153.5313293201225,1153.2627964527346,1154.011268183589,0.7484717308543622,0.75,0.0521000038686399,11,unreviewed
2021-11-24,2021-11-22,2021-11-27,0.3663730150633215,7.975307412440934,97.58971305725689,97.2981750043109,98.24765169480816,0.9494766904972494,0.75,0.0512805464723364,11,unreviewed
2024-01-18,2024-01-10,2024-01-26,0.3663039063085996,4.367617010234059,1027.3940100484003,1027.0342427757569,1028.032032603398,0.9977898276410996,1.0,0.0434779696752869,1,unreviewed
2023-02-04,2023-02-03,2023-02-06,0.3662118444656668,31.990628116289813,605.9388667981406,605.5734886904247,606.5705374474637,0.9970487570390104,0.75,0.0514003416628178,2,unreviewed
2021-01-06,2020-12-17,2021-01-26,0.3658160908115958,2.878563073953712,813.7379878480496,813.6113273929805,814.109939229209,0.4986118362285197,0.5,0.0367347901185549,1,unreviewed
2020-02-03,2020-02-02,2020-02-05,0.3657945099188757,2.724437027531283,115.58157486782882,115.08369618328288,116.33114737831056,1.2474511950276792,0.75,0.0449878322242425,2,unreviewed
2024-12-28,2024-12-27,2024-12-30,0.3657317631614296,3.994103903904518,1019.17755062696,1018.5535136619584,1020.050169731956,1.496656069997698,0.75,0.0454643288125177,12,unreviewed
2021-11-20,2021-11-18,2021-11-22,0.3657293930055818,2.6822836280597504,30.771460292424077,30.56609351979569,31.282241577282548,0.7161480574868619,0.75,0.039608227752535,11,unreviewed
2023-02-02,2023-02-02,2023-02-03,0.36567350722559,3.9745851508869414,1014.7884832794032,1014.5625827265904,1015.31093905773,0.7483563311398029,0.75,0.0369954003302901,2,unreviewed
2019-02-17,2019-02-15,2019-02-19,0.365667893698582,3.786772785453116,1005.4158016752928,1005.0841211294756,1006.0819109557196,0.9977898262441158,1.25,0.0460514081504087,2,unreviewed
2021-11-03,2021-11-03,2021-11-04,0.3654873876190104,2.497025811681386,609.3799500721376,609.0620951480232,609.8099580151029,0.7478628670796752,0.75,0.0462957757656378,11,unreviewed
2022-09-03,2022-08-30,2022-09-08,0.365392020032395,11.886204702758738,66.704294775654,66.26542351813987,67.44822907494381,1.1828055568039415,1.0,0.0477998796096294,9,unreviewed
2019-01-21,2019-01-19,2019-01-23,0.3649485513987552,2.7315006073205583,103.6033133833734,103.10816590394823,104.35561709897593,1.2474511950276792,0.75,0.0435545169543115,1,unreviewed
2024-05-05,2024-05-01,2024-05-10,0.3644261191518681,1.7183399555174077,48.5424136402828,48.06576486630365,49.24857089249417,1.182806026190519,0.75,0.0406373220850658,5,unreviewed
2021-11-20,2021-11-18,2021-11-22,0.3644217530753062,39.740890800687694,1197.809075058436,1197.669559083879,1198.417915663682,0.7483565798029304,0.75,0.0462625024219141,11,unreviewed
2022-08-06,2022-08-02,2022-08-10,0.3644208174874714,24.087818412877724,238.3792591484328,237.83289087098092,239.08034224435687,1.2474513733759522,1.0,0.0453952615298698,8,unreviewed
2019-11-29,2019-11-26,2019-12-02,0.3643507107723925,8.255665428862251,343.74408126028396,343.3672870444134,344.3652484184131,0.9979613739997149,1.25,0.0442025367000593,11,unreviewed
2022-07-31,2022-07-29,2022-08-02,0.3642254667475897,41.768584753056665,1051.3239561676987,1050.9798293919305,1051.97761921864,0.9977898267097772,1.25,0.045260506346635,7,unreviewed
2023-03-29,2023-03-22,2023-04-06,0.3638110637093473,33.409480300791685,1194.358215852066,1194.1774936495349,1194.9258502293378,0.7483565798029304,0.75,0.0526785325148477,3,unreviewed
2018-11-30,2018-11-27,2018-12-04,0.3629842535535765,3.22207058951292,1047.001464793177,1046.49003196368,1047.7372542871162,1.24722232343629,0.75,0.0417595854977149,11,unreviewed
2024-11-15,2024-11-12,2024-11-19,0.3626373375844759,2.663410147752275,30.63937768243839,30.332764418795705,31.282241577282548,0.9494771584868432,0.75,0.0382169149672286,11,unreviewed
2022-08-06,2022-08-02,2022-08-10,0.3625715969459589,33.005634610137754,1264.3985046131772,1264.018808342982,1265.0165981687603,0.9977898257784544,1.25,0.046776893445114,8,unreviewed
2022-07-31,2022-07-29,2022-08-02,0.3622707118983247,28.528099818910505,1119.1563798442378,1118.8330783764832,1119.8310405542145,0.9979621777310967,1.25,0.0449595517409233,7,unreviewed
2024-02-03,2024-01-30,2024-02-08,0.3622623539803349,2.869484588959725,900.4483262262111,900.0727595528588,901.0705486312507,0.9977890783920884,0.5,0.0289732194646643,2,unreviewed
2025-10-31,2025-10-27,2025-11-05,0.3618783263604586,2.615039512144928,612.3214076600857,612.0523298238404,612.8001926895231,0.7478628656826913,0.5,0.033710153949464,10,unreviewed
2022-07-31,2022-07-29,2022-08-02,0.3618390316714019,30.379170367732375,1156.8816876601486,1156.5061765001155,1157.5041386778466,0.9979621777310967,1.0,0.0444808468435786,7,unreviewed
2019-03-29,2019-03-27,2019-04-01,0.361773727640541,13.121825330462173,120.07350071519616,120.07350071519612,120.322990804445,0.2494900892488658,0.5,0.0180705596563419,3,unreviewed
2021-01-06,2020-12-17,2021-01-26,0.3617611907635563,12.996365609087844,1008.4554751338676,1007.8278868347406,1009.3245429033414,1.4966560686007142,0.75,0.0437113143336288,1,unreviewed
2023-01-14,2023-01-09,2023-01-20,0.3613435443541536,18.84963349123378,1094.9706159085958,1094.6324788471684,1095.6304410253651,0.997962178196758,1.0,0.0432926278565159,1,unreviewed
2023-02-04,2023-02-03,2023-02-06,0.3603943593096064,2.4631025883098148,556.6840422243973,556.4320836924016,557.1805543182418,0.7484706258401275,0.75,0.0381219576772409,2,unreviewed
2023-01-14,2023-01-09,2023-01-20,0.3602224606381138,5.647812795058439,223.34655046470584,222.8634745948948,224.11092547047883,1.247450875584036,1.0,0.0435930025022699,1,unreviewed
2021-11-20,2021-11-18,2021-11-22,0.3602108593489638,29.229767245993315,795.4853683008499,795.1690261359327,796.1675644610077,0.99853832507506,0.75,0.0521959686531694,11,unreviewed
2022-12-27,2022-12-20,2023-01-04,0.3599531984592921,3.219298678812869,1156.2603921812909,1155.7577044111677,1157.0051572858356,1.2474528746679423,0.75,0.041331233021308,12,unreviewed
2022-07-15,2022-07-12,2022-07-18,0.3599161491810386,0.4241133846570826,30.470710230407164,29.399448483251035,31.748899311758574,2.3494508285075426,0.75,0.0499296115402349,7,unreviewed
2024-10-13,2024-10-09,2024-10-18,0.3597534816428483,1.958837351026904,570.7568890333365,570.4035491724499,571.4015108146705,0.9979616422206165,0.75,0.0439152594833487,10,unreviewed
2025-06-07,2025-06-02,2025-06-13,0.3596770129304936,2.47389204095173,300.20167370386656,299.70647908421233,300.95393063500524,1.2474515507929027,0.75,0.0406648887715139,6,unreviewed
2023-01-14,2023-01-09,2023-01-20,0.3593554202054518,18.251767440697964,1024.1651513937563,1023.7916105785408,1024.7894004057162,0.9977898271754384,1.25,0.0438114689570831,1,unreviewed
2022-07-31,2022-07-29,2022-08-02,0.3592843155300158,40.877189773862405,1174.2953195924924,1173.9705262342468,1174.9684884133749,0.9979621791280806,1.0,0.0418624614717396,7,unreviewed
2022-07-31,2022-07-29,2022-08-02,0.3591767229290273,39.597632477698895,1194.3928764504126,1194.1774936495349,1194.9258502293378,0.7483565798029304,1.0,0.0421631075090122,7,unreviewed
2022-08-06,2022-08-02,2022-08-10,0.3591340601237657,17.61883982133035,697.0468980113003,696.7940144687891,697.5428700493649,0.7488555805757642,1.5,0.0454844712679696,8,unreviewed
2023-01-14,2023-01-09,2023-01-20,0.3588329879585646,3.447567790856417,145.52412133406037,145.2720122206956,146.02048298716545,0.7484707664698362,0.75,0.0482383888206791,1,unreviewed
2025-10-03,2025-09-30,2025-10-06,0.358761134812861,4.0,30.078828449477143,29.86610621633008,30.58225450804457,0.7161482917144895,0.25,0.0352830425315087,10,unreviewed
2024-03-30,2024-03-25,2024-04-04,0.3587445437219259,2.7499275424556875,81.88968482447328,81.66513482714072,82.38128312025219,0.7161482931114733,0.75,0.0436800336728365,3,unreviewed
2021-11-16,2021-11-15,2021-11-18,0.3586350175727456,13.452273244278848,205.90819978165015,205.64864536747336,206.39711622335017,0.7484708558768034,0.75,0.0397543181787881,11,unreviewed
2023-02-02,2023-02-02,2023-02-03,0.3582299704128502,6.370827249532245,274.11386015360864,273.7594901314005,274.7574513698928,0.9979612384922802,1.0,0.0411815550222399,2,unreviewed
2022-09-27,2022-09-26,2022-09-28,0.3580805882219123,29.46789422015228,862.522568442573,862.19006305933,863.1869183890522,0.996855329722166,1.25,0.0444905054074886,9,unreviewed
2024-02-03,2024-01-30,2024-02-08,0.358028569538304,3.470506727594067,1069.4426050056989,1068.9390191035343,1070.1862421757542,1.24722307221964,0.75,0.0410346504214309,2,unreviewed
2023-02-02,2023-02-02,2023-02-03,0.3578061491237386,11.201040372527348,369.6926721249021,369.3142815916799,370.3122429652139,0.9979613735340536,0.75,0.0409805171076923,2,unreviewed
2020-04-05,2020-04-02,2020-04-08,0.357780264526979,1.96275202294766,528.4891667993444,528.2396627115086,528.9881338356063,0.7484711240977049,0.75,0.0365813609682224,4,unreviewed
2019-01-13,2019-01-07,2019-01-19,0.3577500138536576,4.003883354060247,805.9009980758767,805.6394314891659,806.3871650719084,0.7477335827425122,0.75,0.0369129382032359,1,unreviewed
2022-07-31,2022-07-29,2022-08-02,0.3576011930154207,27.734426805234595,1180.9469912960128,1180.7067760294303,1181.455247511156,0.7484714817255735,1.25,0.0428356826106589,7,unreviewed
2023-02-04,2023-02-03,2023-02-06,0.3571925906217534,4.699141286122941,673.7420305689931,673.3521376796998,674.3491864381358,0.9970487584359944,0.75,0.0409725872705791,2,unreviewed
2022-10-28,2022-10-25,2022-11-01,0.3569896928066716,42.41447641647808,1031.1094928245006,1030.7757404665465,1031.7735302927904,0.9977898262441158,2.0,0.048157993730397,10,unreviewed
2022-08-06,2022-08-02,2022-08-10,0.3565725453774476,34.87313438710081,1232.3325479224727,1231.8419166952372,1233.0891397660598,1.2472230708226562,1.0,0.047993203313202,8,unreviewed
2019-05-17,2019-05-13,2019-05-22,0.3563632231925678,2.20300128730989,311.81289296877105,311.4325242177583,312.4304855908267,0.9979613730683924,0.75,0.0401667886748165,5,unreviewed
2022-10-28,2022-10-25,2022-11-01,0.356201241752123,27.98485571720446,612.7002883461536,612.3015162115917,613.2985652177595,0.9970490061677992,1.25,0.0439358108849246,10,unreviewed
2022-04-18,2022-04-15,2022-04-22,0.3559537475835881,23.124084266414336,1125.1606219903513,1124.820855086669,1125.818817264866,0.997962178196758,1.0,0.0422330335785205,4,unreviewed
2022-10-28,2022-10-25,2022-11-01,0.355273699972818,13.3692458493219,342.4860963463394,341.6208550436422,343.61677713366225,1.9959220900200307,2.0,0.0465210939268736,10,unreviewed
2025-06-07,2025-06-02,2025-06-13,0.3548509390165858,2.9742148263232617,346.6071455571153,346.1116810045205,347.3591325576417,1.2474515531212091,0.75,0.0411086994114072,6,unreviewed
2023-02-04,2023-02-03,2023-02-06,0.3546697468392688,33.75053787040252,244.3192458941485,244.07014796324071,244.81861832085997,0.748470357619226,0.75,0.0351663664846457,2,unreviewed
2023-04-11,2023-04-06,2023-04-17,0.3545060189681992,2.46931895816256,568.4095521211755,568.1581352637149,568.9066058914177,0.7484706277027726,0.75,0.0393837646604675,4,unreviewed
2023-01-14,2023-01-09,2023-01-20,0.3542668203451319,24.7195012407009,922.1322196926114,921.7734439577908,922.7712337845004,0.9977898267097772,0.75,0.0385458228993602,1,unreviewed
2020-03-01,2020-02-28,2020-03-04,0.3542492936663622,1.7298244956090882,595.0954385133738,594.6041233721189,595.8515747836791,1.2474514115601778,0.75,0.0436640996447695,3,unreviewed
2025-03-03,2025-02-28,2025-03-07,0.3541712032684273,2.972380568129205,976.640854439174,976.149872591719,977.3970954162068,1.2472228244878352,0.75,0.039686975905245,3,unreviewed
2022-07-31,2022-07-29,2022-08-02,0.3541706419157265,12.914551410700929,1183.4076116583833,1182.952192296274,1184.199645170942,1.2474528746679423,1.0,0.0445785961202855,7,unreviewed
2021-11-20,2021-11-18,2021-11-22,0.353960197025445,28.98973918305363,787.2966357108354,786.9294945392758,787.9280328648165,0.9985383255407214,0.75,0.04827795621702,11,unreviewed
2023-01-14,2023-01-09,2023-01-20,0.3538824184901218,21.496669672352617,1033.2533697487183,1033.0206394307315,1033.76899551088,0.7483560801483691,1.25,0.0420878502691241,1,unreviewed
2018-02-15,2018-02-01,2018-03-01,0.3538564091483175,2.2189061818625366,503.9166864957988,503.29061696119606,504.78755963686854,1.4969426756724715,0.75,0.049061080609054,2,unreviewed
2024-12-16,2024-12-16,2024-12-17,0.353609788195095,14.0,36.39931730134413,36.39931730134413,36.64880739059299,0.2494900892488658,0.25,,12,unreviewed
2022-08-06,2022-08-02,2022-08-10,0.3533809434107315,19.94122820131349,895.7356247624972,895.0840956321917,896.5807519517839,1.496656319592148,1.0,0.0454914493759215,8,unreviewed
2021-02-22,2021-02-08,2021-03-08,0.3532172155396619,2.188937548582684,638.3419944890419,637.9676960953511,638.9647446055897,0.9970485102385284,0.75,0.0404955739231109,2,unreviewed
2025-03-03,2025-02-28,2025-03-07,0.352823270688738,18.333743421529473,1021.091479350306,1020.5489793810992,1021.796202453319,1.24722307221964,1.0,0.0439241447673152,3,unreviewed
2022-07-31,2022-07-29,2022-08-02,0.3527826661767128,7.3456414174604605,883.2251907098095,882.8671660604887,883.8640213902108,0.996855329722166,1.0,0.0410765748345227,7,unreviewed
2023-02-04,2023-02-03,2023-02-06,0.3525938645516737,33.27849961755037,623.2294657928496,623.0165229695849,623.7643858357333,0.7478628661483526,0.75,0.0330346158472645,2,unreviewed
2018-01-11,2017-12-21,2018-02-01,0.3525250052870409,9.529637010591784,1097.621036278665,1097.1273858090865,1098.3748386837542,1.2474528746679423,0.75,0.0436068992351011,1,unreviewed
2021-02-01,2021-01-26,2021-02-08,0.3524884549889659,4.4983668038494224,962.9280844328867,962.4310490600764,963.6782716340384,1.2472225739620626,0.75,0.0428575352044474,2,unreviewed
2025-10-03,2025-09-30,2025-10-06,0.3522018532489413,1.967459937553427,636.9636737162854,636.4725782605819,637.7188136563636,1.2462353957816958,0.75,0.0423246523810597,10,unreviewed
2022-12-09,2022-12-06,2022-12-12,0.352011804173456,27.250000000000004,576.6408101134002,576.6408101134002,576.8903002026491,0.2494900892488658,0.25,0.0128746770191006,12,unreviewed
2021-12-07,2021-12-06,2021-12-08,0.3520066896266264,37.7424333999927,1059.7058721130034,1059.4605577555485,1060.2089143367484,0.7483565811999142,0.75,0.0496574207178071,12,unreviewed
2025-02-15,2025-02-10,2025-02-20,0.351726325138833,2.7544944488708616,403.1148509859141,402.7459876113571,403.743949118536,0.997961507178843,0.75,0.0364939022630716,2,unreviewed
2025-08-09,2025-08-05,2025-08-13,0.3513251450753208,33.71949863750737,1193.7139175002862,1193.4291939130053,1194.1775504942052,0.7483565811999142,0.75,0.0400914310572435,8,unreviewed
2020-03-11,2020-03-04,2020-03-19,0.3513204047636251,1.9569439327914304,68.00925423873585,67.66539718722925,68.61487434571609,0.9494771584868432,0.75,0.0390700658064559,3,unreviewed
2024-01-18,2024-01-10,2024-01-26,0.351300008948829,5.119309994446307,957.3229767177472,956.9435196476988,957.9413087251596,0.9977890774607658,1.0,0.043653872273978,1,unreviewed
2019-01-21,2019-01-19,2019-01-23,0.3512109409869672,4.327103808299264,973.7750366571296,973.4061078852974,974.4038974638096,0.997789578512311,1.0,0.0422036526583586,1,unreviewed
2020-04-12,2020-04-08,2020-04-16,0.3511274241795911,11.63291388379224,1136.918306182877,1136.54691880662,1137.5448809848167,0.997962178196758,1.0,0.0426426972170616,4,unreviewed
2019-03-25,2019-03-23,2019-03-27,0.3509189128375014,2.276142880655394,541.0569792886392,540.7141848402098,541.7121462323703,0.9979613921605052,0.75,0.0443918676023851,3,unreviewed
2023-12-10,2023-12-08,2023-12-13,0.3503468320628538,2.218240197713871,556.567616060011,556.1825934238732,557.1805543182418,0.9979608943685888,0.75,0.0411416084213113,12,unreviewed
2025-06-28,2025-06-25,2025-07-01,0.3500619767534538,23.254957247642245,30.749403203062617,30.56609351979569,31.282241577282548,0.7161480574868619,0.75,0.0609723465490959,6,unreviewed
2018-02-15,2018-02-01,2018-03-01,0.3499659854416153,0.7254522892940526,41.80672063748869,41.5325542492792,42.248702072538435,0.7161478232592344,0.75,0.0610998708213204,2,unreviewed
2024-12-28,2024-12-27,2024-12-30,0.3492928611808218,3.127084424086107,1030.5473916730652,1029.528574236203,1031.5240970468149,1.995522810611874,0.5,0.042697328701533,12,unreviewed
2025-01-04,2024-12-30,2025-01-10,0.3491613799037878,3.3844450696677373,1060.5164601498086,1059.7099910010584,1061.7055138130672,1.9955228120088575,0.5,0.0424958223577888,1,unreviewed
2023-02-04,2023-02-03,2023-02-06,0.3490887782878163,36.03135521569687,608.0334299372547,607.8161641992629,608.564026568085,0.7478623688220978,0.75,0.0311185898668199,2,unreviewed
2023-01-14,2023-01-09,2023-01-20,0.3488362943174965,4.631020476728243,979.7708288768596,979.392503791023,980.3902933681384,0.9977895771153272,1.0,0.0426769817730191,1,unreviewed
2022-10-01,2022-09-28,2022-10-05,0.348725333600303,2.518883353612917,632.2030551567166,631.987226746045,632.7350891157985,0.7478623697534204,0.75,0.0456437000178786,10,unreviewed
2022-07-31,2022-07-29,2022-08-02,0.3484815817831068,33.0878222444878,1196.4208015495649,1196.1729596126825,1196.921316191554,0.7483565788716078,1.0,0.0416931243171843,7,unreviewed
2023-03-19,2023-03-17,2023-03-22,0.348402493424815,36.216719377396345,1084.0419126374018,1083.6555776172318,1084.6533674439415,0.9977898267097772,0.75,0.0475854245445232,3,unreviewed
2017-11-11,2017-10-02,2017-12-21,0.348063873001182,15.262570192050608,1136.8995967495594,1136.54691880662,1137.5448809848167,0.997962178196758,1.25,0.042973036460627,11,unreviewed
2024-02-03,2024-01-30,2024-02-08,0.3480291938787764,2.9630059815249448,963.5539715309752,963.1793485479428,964.1771376258694,0.9977890779264272,0.75,0.0381814704913558,2,unreviewed
2024-04-06,2024-04-04,2024-04-09,0.3480059913004762,2.2507459929928904,56.022113406497574,55.53229142026976,56.71509744646028,1.182806026190519,0.75,0.0452126893916658,4,unreviewed
2021-01-06,2020-12-17,2021-01-26,0.3479950761090716,3.742172675394283,476.8363307585857,476.34565387573093,477.5931051080115,1.2474512322805822,0.75,0.0414691668312337,1,unreviewed
2019-12-26,2019-12-22,2019-12-30,0.3476677451119771,10.119949164458967,1016.4230317003884,1016.0591819523834,1017.0569717795588,0.9977898271754384,1.0,0.0420110241631968,12,unreviewed
2025-10-03,2025-09-30,2025-10-06,0.3476562685678717,2.718874268483884,78.62795317101829,78.39852928509936,79.11467710742727,0.7161478223279119,0.75,0.0358108767291113,10,unreviewed
2020-02-25,2020-02-25,2020-02-25,0.3466906795499562,31.5207200360968,937.0042286929764,936.7394337197766,937.4877900509164,0.7483563311398029,0.75,0.0374321696614668,2,unreviewed
2024-01-03,2023-12-28,2024-01-10,0.3466339829271744,4.238416285513629,790.673757741472,790.1753702294081,791.4235912999138,1.2482210705056789,0.75,0.0417989967509902,1,unreviewed
2022-08-06,2022-08-02,2022-08-10,0.3465637514670509,30.58699420285212,538.4287891586822,538.2192804138176,538.9677515379153,0.7484711240977049,1.75,0.0440971661546783,8,unreviewed
2023-02-02,2023-02-02,2023-02-03,0.3461646920692973,15.715801749743914,480.109495821834,479.33953855047,481.3354612006806,1.9959226502105591,1.25,0.0437331000089607,2,unreviewed
2023-02-04,2023-02-03,2023-02-06,0.3461348156311097,18.086582544009563,723.875476780196,723.5100702214986,724.5086092962883,0.9985390747897328,1.0,0.0454975761323971,2,unreviewed
2023-12-24,2023-12-21,2023-12-28,0.3460849176132599,5.8936969828478,606.0526897437069,605.5734886904247,606.8197235884145,1.2462348979897797,1.0,0.0442206678841197,12,unreviewed
2022-07-31,2022-07-29,2022-08-02,0.3459072806697148,42.23998508428317,1106.1267965804725,1105.859561173711,1106.6080326559022,0.7484714821912348,1.25,0.0439428075813367,7,unreviewed
2022-09-27,2022-09-26,2022-09-28,0.345840417325796,7.490326670821944,882.9685526947152,882.6180443139747,883.6148996432312,0.9968553292565048,1.25,0.043390812103191,9,unreviewed
2021-10-30,2021-10-27,2021-11-03,0.3458132852785903,1.984925340722516,504.6785710156954,504.2885790294968,505.2865406717174,0.9979616422206165,0.75,0.0433930798953331,10,unreviewed
2022-09-27,2022-09-26,2022-09-28,0.345485018693661,29.877391381350403,1150.7679012458684,1150.5183987934142,1151.2668702756057,0.7484714821912348,1.5,0.045607556615903,9,unreviewed
2024-08-17,2024-08-14,2024-08-21,0.3454645605063426,36.31211306563057,1106.8993169263654,1106.6080332631243,1107.3565047443844,0.7484714812599123,0.5,0.0271003484533754,8,unreviewed
2023-02-04,2023-02-03,2023-02-06,0.3449943964331532,35.723567090059426,608.5929227881645,608.3145364788361,609.0623988485895,0.7478623697534204,0.75,0.0330317643774728,2,unreviewed
2025-11-07,2025-11-05,2025-11-10,0.3447752817622703,4.127189006452799,421.7924975297244,421.45776708144695,422.4557285886258,0.997961507178843,1.0,0.04250889748068,11,unreviewed
2022-07-31,2022-07-29,2022-08-02,0.3445830496485041,14.77364041214228,162.0874786475739,161.73836660431698,162.73632696224377,0.997960357926786,1.25,0.0462343966701207,7,unreviewed
2019-01-21,2019-01-19,2019-01-23,0.3442844723841955,4.873569923602443,1092.7701903809404,1092.3870625803247,1093.38502475759,0.9979621772654356,1.0,0.043111706373576,1,unreviewed
2024-01-18,2024-01-10,2024-01-26,0.3442453024401835,4.654083521797252,1013.705447236654,1013.3154172464274,1014.3132068249396,0.997789578512311,1.0,0.043934814543459,1,unreviewed
2022-12-27,2022-12-20,2023-01-04,0.3439408621587776,3.2222615794821494,826.0799416543784,825.5691692498513,826.8151463265531,1.24597707670182,0.75,0.0424393134388391,12,unreviewed
2018-01-11,2017-12-21,2018-02-01,0.3436367337399832,2.2052194648261847,508.52384927310385,508.28042631037533,509.0288974340074,0.7484711236320436,0.75,0.0474262998899913,1,unreviewed
2023-12-24,2023-12-21,2023-12-28,0.3435819082928707,19.387394604674267,662.7548040452367,662.3879445339553,663.3849932919256,0.9970487579703332,1.0,0.0451917922447305,12,unreviewed
2022-07-31,2022-07-29,2022-08-02,0.3434853556283314,28.126269657261545,1175.8329779939418,1175.4674704121426,1176.4654325898737,0.9979621777310967,1.0,0.0426028212522817,7,unreviewed
2022-07-31,2022-07-29,2022-08-02,0.3433695298543976,13.83264688406709,172.50818572631965,171.96746526053175,173.2149159568362,1.2474506963044405,1.0,0.0440176149804884,7,unreviewed
2021-11-16,2021-11-15,2021-11-18,0.3431262146448577,39.22684253913663,1104.3881348681325,1104.113126300741,1104.8615977829322,0.7484714821912348,0.75,0.0375636458403258,11,unreviewed
2024-09-20,2024-09-17,2024-09-24,0.3429503241319372,36.432904361616615,220.54092814180183,220.3685720069334,221.1170426136814,0.7484706067480147,0.5,0.035880650373246,9,unreviewed
2025-06-28,2025-06-25,2025-07-01,0.3429303649247973,1.36990960513632,40.35558613584888,40.13258011126891,40.848728402517736,0.7161482912488282,0.5,0.025937751799826,6,unreviewed
2022-09-27,2022-09-26,2022-09-28,0.342802064646401,5.833303842418991,646.8950449314714,646.4400268462487,647.6862614965066,1.2462346502579749,1.0,0.0464707749651642,9,unreviewed
2020-02-03,2020-02-02,2020-02-05,0.3425844469160538,38.25007109625139,1191.448481582216,1191.1842937050387,1191.932650285307,0.7483565802685916,0.75,0.0722785432394837,2,unreviewed
2023-02-04,2023-02-03,2023-02-06,0.342492197955554,17.967546199969952,797.6949175188525,797.4161708443426,798.1650264235213,0.7488555791787803,0.75,0.0312588825523426,2,unreviewed
2024-02-19,2024-02-16,2024-02-23,0.3424140451850967,2.735869077358064,568.4091288856112,568.1581352637149,568.9066058914177,0.7484706277027726,0.75,0.0415610310014474,2,unreviewed
2024-04-06,2024-04-04,2024-04-09,0.3421374854211644,2.825361168617425,71.05141599670387,70.46534499712288,71.8814794216305,1.416134424507618,0.75,0.0423817895899635,4,unreviewed
2022-10-28,2022-10-25,2022-11-01,0.3419993302842429,38.65393518497409,1175.4624946791,1174.968489019666,1176.2159418934025,1.24745287373662,1.0,0.0495721740394178,10,unreviewed
2022-10-09,2022-10-05,2022-10-13,0.3419157511043444,13.985657853860197,429.18130708644634,428.6929887952283,429.940440276172,1.2474514809437096,0.75,0.042803416761477,10,unreviewed
2023-06-04,2023-06-02,2023-06-06,0.3415796255816039,3.696356659540388,423.6407035320586,423.2041993942112,424.7011418463662,1.4969424521550536,1.25,0.0401143506286464,6,unreviewed
2024-02-03,2024-01-30,2024-02-08,0.3404468782038918,6.3784967269011155,1073.5552266121176,1073.179383284878,1074.1771731120534,0.9977898271754384,1.0,0.0427136865464921,2,unreviewed
2021-11-20,2021-11-18,2021-11-22,0.3402661850067533,18.46315059099393,194.91743869096263,194.67107437551024,195.4195451415144,0.748470766004175,0.75,0.0381568668054605,11,unreviewed
2019-10-26,2019-10-24,2019-10-29,0.3401686967543793,36.47682190089411,1048.0270702141263,1047.7371971933171,1048.4855537754484,0.7483565821312368,0.75,0.0413489775653966,10,unreviewed
2025-06-28,2025-06-25,2025-07-01,0.3401077588000802,0.25,30.144308941477572,30.099435317330062,30.815583609044552,0.7161482917144895,0.25,0.0226828101856327,6,unreviewed
2022-06-10,2022-06-06,2022-06-15,0.3400977791965103,1.7097622162728603,508.90561740303326,508.52991682710126,509.5278782197274,0.9979613926261665,0.75,0.0422054668920723,6,unreviewed
2021-11-20,2021-11-18,2021-11-22,0.3400375897124791,25.48140610093583,900.57293376264,900.3221925487742,901.0705486312507,0.7483560824766755,0.75,0.0363509123919766,11,unreviewed
2024-01-03,2023-12-28,2024-01-10,0.3398304505658801,3.984990822993907,770.6993766010474,770.2007486005314,771.448969672434,1.2482210719026623,0.75,0.0427472796117309,1,unreviewed
2022-06-23,2022-06-15,2022-07-01,0.3397055807762111,19.502526624018294,1026.540484254543,1026.285943038296,1027.034299619496,0.7483565811999142,0.75,0.0333312616479062,6,unreviewed
2022-08-06,2022-08-02,2022-08-10,0.3388548819443948,25.372783561722503,253.9170380479754,253.55077804718167,254.5487392861396,0.9979612389579416,1.0,0.0433569550818177,8,unreviewed
2022-09-27,2022-09-26,2022-09-28,0.3383531573749153,43.22594537224536,1040.3994534812898,1040.0047685676254,1041.0025583952663,0.9977898276410996,1.25,0.0466696566183308,9,unreviewed
2019-07-26,2019-07-22,2019-07-31,0.3383210355259245,0.1250032262822167,38.9659357755445,38.965935775544494,39.21542586479336,0.2494900892488658,0.5,0.017007427994374,7,unreviewed
2022-07-31,2022-07-29,2022-08-02,0.3382570413180322,35.14249865484677,1039.7457645770437,1039.50590207614,1040.2542586568743,0.7483565807342529,1.0,0.0405285758753159,7,unreviewed
2025-11-07,2025-11-05,2025-11-10,0.3382116341217889,1.9498758032813972,39.447718534652346,39.19926464278251,39.915412466507405,0.7161478237248957,0.75,0.0426051857044167,11,unreviewed
2024-12-28,2024-12-27,2024-12-30,0.3380173437147863,2.824620926457528,1029.6290196882912,1029.0297077437865,1030.5263640633784,1.496656319592148,0.5,0.0316357040994363,12,unreviewed
2022-07-31,2022-07-29,2022-08-02,0.337822304837516,32.62803224361564,1089.4036118454942,1088.8941920856014,1090.1416457067244,1.247453621122986,1.0,0.043908601096912,7,unreviewed
2023-02-04,2023-02-03,2023-02-06,0.3376277025679019,2.64330130476453,282.67752778567626,282.24215942807496,283.24012041883543,0.9979609907604754,0.5,0.029579398445391,2,unreviewed
2024-12-28,2024-12-27,2024-12-30,0.3375571592451668,2.872717852501675,611.9937140183437,611.8031434356235,612.5510063008405,0.74786286521703,0.5,0.0329402050580061,12,unreviewed
2022-08-13,2022-08-10,2022-08-17,0.3366019240659552,48.22564840369134,1019.813541961929,1019.551246396266,1020.2996029779316,0.7483565816655755,0.75,0.0357898085683424,8,unreviewed
2023-12-24,2023-12-21,2023-12-28,0.3359349746848707,18.593452866674276,637.0656114942717,636.721764402464,637.7188136563636,0.997049253899604,1.25,0.0444860925070417,12,unreviewed
2023-01-14,2023-01-09,2023-01-20,0.3359327916465897,19.641358377692907,1002.68598979746,1002.3403564225882,1003.3381462502292,0.9977898276410996,1.0,0.0420542497685013,1,unreviewed
2021-01-06,2020-12-17,2021-01-26,0.3358061754262959,10.127066725112746,1014.6911606262868,1014.3131497311406,1015.31093905773,0.9977893265895544,1.0,0.0422202595886842,1,unreviewed
2025-01-12,2025-01-10,2025-01-14,0.3356330916768796,2.468826058960009,1026.7734317764662,1026.285943038296,1027.5331661105156,1.24722307221964,0.75,0.0402897624919888,1,unreviewed
2022-09-27,2022-09-26,2022-09-28,0.33546019504503,27.986992252060254,612.702232307251,612.3015162115917,613.2985652177595,0.9970490061677992,1.25,0.0434399637096012,9,unreviewed
2019-01-21,2019-01-19,2019-01-23,0.3353559081877241,3.49172204645225,744.0061764481038,743.4846918489784,744.7329139192589,1.2482220702804625,0.75,0.0424178920973267,1,unreviewed
2022-07-31,2022-07-29,2022-08-02,0.3352662788731613,24.35130959193515,764.8227152995388,764.4580454584211,765.4565837830305,0.9985383246093988,1.0,0.0436164016559455,7,unreviewed
2022-01-04,2022-01-04,2022-01-04,0.3350935069863565,28.487950664631104,823.7951450257983,823.5761962728575,824.3239298560657,0.7477335832081735,0.75,0.0449062326017407,1,unreviewed
2024-08-17,2024-08-14,2024-08-21,0.3349911536772422,33.49232406713843,1053.2567530511035,1052.975294359494,1053.723650940694,0.7483565811999142,0.75,0.0407585262808288,8,unreviewed
2021-08-24,2021-08-09,2021-09-08,0.3347898151752184,0.9471885400976418,40.72506091974555,40.365909211337566,41.54871547082439,1.1828062594868245,0.5,0.0327533538562685,8,unreviewed
2022-08-06,2022-08-02,2022-08-10,0.3347192718524832,13.465866985909132,282.3355024099316,281.99266929365695,282.99063003482297,0.9979607411660254,0.75,0.0383313603988699,8,unreviewed
2019-01-13,2019-01-07,2019-01-19,0.3345362084994969,4.393820596142198,1080.057505325793,1079.6646466804668,1080.6624365076425,0.9977898271754384,1.0,0.0413018000534576,1,unreviewed
2024-11-15,2024-11-12,2024-11-19,0.3344499473011391,3.641179280048101,918.6399108468956,918.2813795125112,919.279169340618,0.997789828106761,1.0,0.0454946614618408,11,unreviewed
2024-03-15,2024-03-09,2024-03-22,0.334254347071168,3.2374171487217764,183.43845593134063,182.94503443408755,184.19248562771827,1.2474511936306951,0.75,0.0405017229857387,3,unreviewed
2022-08-06,2022-08-02,2022-08-10,0.3340698491501685,34.490517998178504,1180.8217442695686,1180.4572853320278,1181.455247511156,0.9979621791280806,1.25,0.0461496741863086,8,unreviewed
2018-02-15,2018-02-01,2018-03-01,0.3340043580017406,21.350476760749597,1031.9248535254949,1031.5240402035415,1032.521830032114,0.9977898285724224,1.0,0.0482285703960116,2,unreviewed
2020-02-07,2020-02-05,2020-02-10,0.3338291535865656,1.701819799509845,541.3482832889008,540.9636751082726,541.9616367490962,0.9979616408236324,0.75,0.0411962473411669,2,unreviewed
2023-02-04,2023-02-03,2023-02-06,0.3337858046835587,31.5513887913044,840.6810522070571,840.2673513228074,841.2642066529952,0.9968553301878272,1.25,0.0419369008193797,2,unreviewed
2024-12-28,2024-12-27,2024-12-30,0.3337145752630781,2.743955531100232,1022.0620270993196,1021.54671236407,1022.7939354376869,1.247223073616624,0.75,0.0404974810991254,12,unreviewed
2022-07-31,2022-07-29,2022-08-02,0.3331932657215926,32.99536839094359,1093.0729502863906,1092.8860439723358,1093.6345154535957,0.7484714812599123,0.75,0.0443838336698949,7,unreviewed
2021-11-20,2021-11-18,2021-11-22,0.3331666950270875,2.9637250302439626,960.680708777046,960.4355835928582,961.1839396744036,0.7483560815453529,0.75,0.0380756463875464,11,unreviewed
2024-11-15,2024-11-12,2024-11-19,0.3328379918345022,3.485343802400619,1171.7319735321482,1171.2261285758575,1172.4735814491287,1.2474528732709589,0.75,0.0412760847776435,11,unreviewed
2023-02-04,2023-02-03,2023-02-06,0.332572846242153,22.715845536446547,706.5645842036852,706.2819597912021,707.0308153717779,0.7488555805757642,0.75,0.0301162294577212,2,unreviewed
2025-03-28,2025-03-24,2025-04-01,0.3324479764524838,3.614145318636506,417.5995211245632,417.21643004380167,418.2143915495835,0.9979615057818592,1.0,0.043884956575562,3,unreviewed
2024-02-03,2024-01-30,2024-02-08,0.3324048770395661,2.641594290708732,479.5365958619868,478.5910673816688,480.58698978228495,1.9959224006161096,0.5,0.0397986405032433,2,unreviewed
2022-09-27,2022-09-26,2022-09-28,0.3323101331781738,29.589932221923796,1206.2911709862708,1205.900857179891,1206.898647005204,0.9977898253127933,1.0,0.0465969088205672,9,unreviewed
2019-02-02,2019-01-30,2019-02-06,0.3320849683726268,2.238839677706721,1011.5745258986004,1011.070518032182,1012.3177411057986,1.247223073616624,0.75,0.0424818512711169,2,unreviewed
2024-12-28,2024-12-27,2024-12-30,0.3317706732326955,2.8256145684109204,622.6729784341458,622.5181504404172,623.2660130588338,0.7478626184165478,0.5,0.0292758842087125,12,unreviewed
2022-10-28,2022-10-25,2022-11-01,0.33168447440686,12.238972268220795,331.4918606041473,331.14226105390117,332.14022193010896,0.9979608762077988,1.25,0.0437390445985266,10,unreviewed
2023-12-10,2023-12-08,2023-12-13,0.3314943005863301,4.248902017762268,998.3357357657696,997.8505589952692,999.0977820679544,1.2472230726853013,0.75,0.0414691110658532,12,unreviewed
2019-11-20,2019-11-18,2019-11-22,0.3308558554479422,41.97735126674211,1024.991861325297,1024.5399103164673,1025.7871333891526,1.2472230726853013,0.75,0.0476240216232426,11,unreviewed
2023-02-04,2023-02-03,2023-02-06,0.3308236712264292,32.27664052223257,527.7894711652165,527.4911911599338,528.4891528007574,0.9979616408236324,0.75,0.0367895777460919,2,unreviewed
2023-02-04,2023-02-03,2023-02-06,0.3304316599236968,19.835139820737716,714.1296976351673,713.772442152258,714.7709804782644,0.9985383260063828,1.0,0.0540511936392086,2,unreviewed
2024-01-28,2024-01-26,2024-01-30,0.3302951888448778,2.982482894988295,360.33263638167347,359.83364931400865,361.08110061706975,1.247451303061098,0.75,0.0399617430882539,1,unreviewed
2018-11-30,2018-11-27,2018-12-04,0.3300999004775182,3.227921376965014,1043.4911302659136,1042.9979665200226,1044.2451895931736,1.2472230731509626,0.75,0.0412910707942413,11,unreviewed
2025-03-03,2025-02-28,2025-03-07,0.3299764028833399,3.252572767003257,155.9927233515903,155.50111112603918,156.74856182280928,1.2474506967701018,0.75,0.0441536973797802,3,unreviewed
2021-04-27,2021-04-21,2021-05-04,0.3299159639092195,35.975018971748256,1104.9030387639382,1104.6121076936834,1105.360579175409,0.7484714817255735,0.75,0.0426619474264248,4,unreviewed
2021-08-24,2021-08-09,2021-09-08,0.329768827129085,21.76403282716279,1123.67376518656,1123.3239109092392,1124.321873087436,0.997962178196758,1.25,0.0426944623609731,8,unreviewed
2024-07-26,2024-07-23,2024-07-29,0.3294476710116994,35.12156839840543,213.4207237098635,213.1333538792096,213.8818247350864,0.7484708558768034,1.0,0.0469101503984583,7,unreviewed
2023-01-14,2023-01-09,2023-01-20,0.3291132919195836,19.269862742403927,915.914219099107,915.5376148065552,916.5354046341964,0.9977898276410996,0.75,0.0387056390446108,1,unreviewed
2023-01-05,2023-01-04,2023-01-06,0.3290337669536355,3.241202159118912,892.006769811735,891.5920321890153,892.589821765665,0.9977895766496658,0.75,0.0415726971190569,1,unreviewed
2020-01-24,2020-01-21,2020-01-27,0.3288927426806876,2.471686014459593,570.1601416749795,569.904568138998,570.6530392616987,0.748471122700721,0.75,0.0359514203588465,1,unreviewed
2024-01-18,2024-01-10,2024-01-26,0.3288765258248864,4.378031963789873,1051.6042834173968,1051.2292626383714,1052.227052215021,0.9977895766496658,1.0,0.0427765601542077,1,unreviewed
2019-08-09,2019-08-05,2019-08-13,0.328557615118304,17.701132342103694,388.54601163239573,388.27554714493454,389.02401808975264,0.7484709448181093,0.75,0.0370302871523574,8,unreviewed
2018-12-22,2018-12-18,2018-12-26,0.328191613157376,3.3322099213994902,924.8607479833526,924.5172086637468,925.5149984913878,0.9977898276410996,1.0,0.0432520455302491,12,unreviewed
2018-01-11,2017-12-21,2018-02-01,0.3277902459762968,3.239609376174396,724.4968609163437,724.0094362120144,725.257657783106,1.2482215710915625,0.75,0.043171129963082,1,unreviewed
2022-07-31,2022-07-29,2022-08-02,0.3275739380689181,25.15313263117408,549.8153918942671,549.4463507034816,550.4443123438396,0.9979616403579712,1.0,0.0415689942977888,7,unreviewed
2024-02-19,2024-02-16,2024-02-23,0.3275645821905712,3.382424032393043,755.5960062975975,754.9701001350768,756.4680039505474,1.497903815470636,0.5,0.0365967150363317,2,unreviewed
2024-04-21,2024-04-16,2024-04-26,0.3273778388587685,21.640930385152583,1011.6649522615188,1011.3199512786232,1012.3177411057986,0.9977898271754384,1.0,0.0408866974314676,4,unreviewed
2023-02-02,2023-02-02,2023-02-03,0.326965618858807,5.215266869916916,627.3667971811162,627.0035022045486,628.0005514598452,0.997049255296588,0.75,0.0381415722204237,2,unreviewed
2023-02-02,2023-02-02,2023-02-03,0.3269580094110849,7.490299541016631,509.5409886766045,509.0288978614845,510.2763490243815,1.2474511628970504,0.75,0.0403984008886696,2,unreviewed
2021-11-24,2021-11-22,2021-11-27,0.3268823515415202,41.34071794668264,1214.153121147723,1213.882721030619,1214.6310776113532,0.7483565807342529,1.0,0.0519130597246014,11,unreviewed
2022-01-09,2022-01-04,2022-01-14,0.3268746797212758,2.49938362053503,595.0960814465828,594.8536138888448,595.602084514685,0.7484706258401275,1.25,0.0445760011712443,1,unreviewed
2022-10-28,2022-10-25,2022-11-01,0.3266860652138036,6.37907868208322,702.1730355198259,701.7876693764701,702.7862077010795,0.9985383246093988,1.0,0.0451578459987483,10,unreviewed
2022-10-09,2022-10-05,2022-10-13,0.3263571125311291,33.7597452672643,213.4993127165557,213.1333538792096,214.1313148685731,0.9979609893634916,0.75,0.0429660100226787,10,unreviewed
2022-09-19,2022-09-13,2022-09-26,0.3262195187469083,6.5,31.499409222509712,31.499409222509712,31.748899311758574,0.2494900892488658,0.25,0.0123601121937981,9,unreviewed
2023-02-04,2023-02-03,2023-02-06,0.3258311874229924,18.347358533402097,695.8889044924277,695.5456007425673,696.5441390690394,0.998538326472044,1.0,0.0522356624510396,2,unreviewed
2024-02-03,2024-01-30,2024-02-08,0.3257339486607076,3.5077692801865807,687.0266972940748,686.8081927248277,687.5560555919074,0.7478628670796752,0.75,0.0417426551281822,2,unreviewed
2021-02-01,2021-01-26,2021-02-08,0.3256194327097424,3.7487057420479304,951.9525207701952,951.4559897356668,952.7032123082316,1.2472225725650787,0.75,0.0417578790770703,2,unreviewed
2023-02-04,2023-02-03,2023-02-06,0.3253186724071529,25.982969904349098,806.1612413879901,805.6394314891659,806.8854085663334,1.2459770771674812,0.75,0.0410969700930331,2,unreviewed
2025-01-12,2025-01-10,2025-01-14,0.3252208099196451,18.26152379440018,32.1718470773563,31.966066955123097,32.68221477884799,0.7161478237248957,0.75,0.0381954564487959,1,unreviewed
2022-01-09,2022-01-04,2022-01-14,0.3252019110453845,1.7225428257156636,541.3128640721295,540.9636751082726,541.9616367490962,0.9979616408236324,0.75,0.0433744839997682,1,unreviewed
2024-05-05,2024-05-01,2024-05-10,0.3244362883340021,2.9859716932707108,1032.2894083330843,1031.7734734499827,1033.0206965231337,1.2472230731509626,0.75,0.0414727729925088,5,unreviewed
2021-11-16,2021-11-15,2021-11-18,0.3242851597124395,2.493445199971457,500.808745329831,500.2967317495495,501.5441839080304,1.2474521584808826,0.75,0.0510072291892217,11,unreviewed
2021-11-03,2021-11-03,2021-11-04,0.3241953432803099,42.47281455913325,1108.4427664180762,1108.1049774405546,1109.1029396187514,0.997962178196758,0.75,0.0516936861529313,11,unreviewed
2019-02-10,2019-02-06,2019-02-15,0.3237757633227156,6.340203525332306,1040.1111584064618,1039.7553353225812,1040.753125149291,0.9977898267097772,1.0,0.0413310917490106,2,unreviewed
2022-08-06,2022-08-02,2022-08-10,0.3233538132092735,7.991416959300649,313.8087888614105,313.4284476414323,314.42640826804563,0.9979606266133488,1.25,0.0437293823169246,8,unreviewed
2018-10-22,2018-10-08,2018-11-05,0.3233072833076286,10.847559578114277,575.98542783462,575.6428482923657,576.6408096849918,0.9979613926261665,1.0,0.0416107662855072,10,unreviewed
2017-11-11,2017-10-02,2017-12-21,0.3230463166742742,3.4733184761275884,418.0751534740669,417.7154109883122,418.7133724950254,0.9979615067131816,0.75,0.0386844296115445,11,unreviewed
2019-02-02,2019-01-30,2019-02-06,0.3228518391497048,2.4507436168747376,527.6281443111416,527.2417006432079,528.2396622840315,0.9979616408236324,0.75,0.0397839035720119,2,unreviewed
2023-03-11,2023-03-06,2023-03-17,0.3228294474141947,11.836716463530085,752.5704068695663,752.2235889364965,753.2221277616918,0.9985388251952828,1.0,0.0408118825969318,3,unreviewed
2022-08-20,2022-08-17,2022-08-24,0.3227855371584869,14.722275012154295,221.22765000093275,220.86755252443257,221.86551301646975,0.9979604920372368,0.75,0.0371039346315938,8,unreviewed
2019-12-08,2019-12-08,2019-12-09,0.3227595278166827,1.7017040288464638,504.90234613496347,504.53806954761967,505.53603118890896,0.9979616412892938,0.75,0.0416924253910815,12,unreviewed
2022-11-10,2022-11-07,2022-11-14,0.3226721439129232,27.9645160657421,1120.2064590936093,1119.831041160971,1120.8290033391677,0.997962178196758,0.75,0.0397383804330291,11,unreviewed
2023-02-04,2023-02-03,2023-02-06,0.3225796454623342,23.753378160853536,793.1375628528601,792.6721986825578,793.9204197535291,1.24822107097134,0.75,0.051752555806324,2,unreviewed
2023-02-04,2023-02-03,2023-02-06,0.3224351907006592,2.734325101020271,613.220955971231,612.7998889898881,613.7969374987297,0.9970485088415444,0.75,0.0595955736573429,2,unreviewed
2022-08-06,2022-08-02,2022-08-10,0.3223304672356969,32.098335557994574,945.3736220330006,944.9707278385758,945.9685176657512,0.9977898271754384,1.0,0.0435651644243031,8,unreviewed
2023-02-04,2023-02-03,2023-02-06,0.3220417448299137,23.280464349718073,706.2496743437905,706.0322770462371,706.7811326258816,0.7488555796444416,0.75,0.0313193396602347,2,unreviewed
2022-07-09,2022-07-06,2022-07-12,0.3219785614648114,2.281073366980578,514.0103872855215,513.7692159470171,514.5176868224517,0.7484708754345775,0.75,0.0405866425072288,7,unreviewed
2022-09-27,2022-09-26,2022-09-28,0.3219002839493096,41.62093220196124,1051.3448447153428,1050.9798293919305,1051.97761921864,0.9977898267097772,1.0,0.0445840648452707,9,unreviewed
2023-03-19,2023-03-17,2023-03-22,0.3215994612741977,10.542473557574825,1198.4279474961372,1198.168425574433,1198.9167821537703,0.7483565793372691,0.75,0.0350366822333481,3,unreviewed
2022-07-31,2022-07-29,2022-08-02,0.3210644297778035,29.16600136376088,1073.077564960911,1072.6805167924613,1073.6783066210337,0.9977898285724224,1.0,0.0423245594387588,7,unreviewed
2020-03-11,2020-03-04,2020-03-19,0.3207805100562384,29.990713697394774,618.5377471698857,618.032798924949,619.2790335742757,1.2462346493266525,0.75,0.0410301891909875,3,unreviewed
2022-01-09,2022-01-04,2022-01-14,0.3206782814921686,6.37463805635069,652.0594539892176,651.6729377768934,652.6699862866662,0.997048509772867,1.0,0.0425870173434359,1,unreviewed
2020-07-05,2020-07-02,2020-07-08,0.3201338941174277,2.2279399802556625,488.44491109412496,488.07170235319063,489.0696631129831,0.9979607597924768,0.75,0.0381879987585714,7,unreviewed
2022-08-06,2022-08-02,2022-08-10,0.3201295280408658,34.12897807343379,1224.9658122497387,1224.608351580333,1225.6061414056458,0.9977898253127933,1.0,0.0473818734701591,8,unreviewed
2018-01-11,2017-12-21,2018-02-01,0.3198141101955329,3.2552469690787924,1093.3776236789663,1092.8860439723358,1094.133496846538,1.2474528742022812,0.75,0.0421085652491497,1,unreviewed
2025-11-07,2025-11-05,2025-11-10,0.3197827368168098,4.249635701790196,246.55545819902656,246.066070032306,247.3135211574845,1.247451125178486,0.75,0.0416198671956117,11,unreviewed
2020-11-10,2020-11-09,2020-11-11,0.3194941391560712,28.000535740013287,1136.2931513602166,1135.7984467186034,1137.04589959234,1.24745287373662,0.75,0.0590087396871264,11,unreviewed
2022-09-03,2022-08-30,2022-09-08,0.3189552405632936,46.939303410398,1019.2928192475632,1019.0523799047804,1019.8007364855148,0.7483565807342529,1.0,0.03966343176158,9,unreviewed
2025-10-11,2025-10-06,2025-10-17,0.3187429244973429,15.915320694830646,163.31774284009452,163.23530764039606,163.73428806755692,0.4989804271608591,0.5,0.0213910293103646,10,unreviewed
2024-11-08,2024-11-04,2024-11-12,0.3186250404301728,18.869264860759294,900.9400529078862,900.821058542002,901.3199816267006,0.4989230846986174,0.5,0.0226026344391808,11,unreviewed
2021-11-16,2021-11-15,2021-11-18,0.3184941828783618,3.375282052326508,164.38873578621195,163.48479797830805,165.48071944201365,1.9959214637055993,0.5,0.050094926152007,11,unreviewed
2024-02-03,2024-01-30,2024-02-08,0.3184792134730068,5.844513219725026,759.5632723062233,759.2147068060003,760.2132451310754,0.99853832507506,1.0,0.0414037689106256,2,unreviewed
2019-01-13,2019-01-07,2019-01-19,0.3183512874297445,4.8793109798902075,278.1284564722093,277.7513350183144,278.7492955108173,0.997960492502898,1.0,0.041319931237518,1,unreviewed
2021-02-01,2021-01-26,2021-02-08,0.3183106829177192,29.177565162696094,1126.8039861546897,1126.5672899605706,1127.3157614432275,0.7484714826568961,0.75,0.0422869326776608,2,unreviewed
2022-09-03,2022-08-30,2022-09-08,0.3180747900383344,18.24901805985491,39.31911971114416,38.965935775544494,39.915412466507405,0.9494766909629108,1.25,0.0422774711514287,9,unreviewed
2020-06-21,2020-06-19,2020-06-24,0.31796164628286,1.7170881995000178,545.0862273944512,544.7060321196914,545.7039935118519,0.9979613921605052,0.75,0.0416266371128096,6,unreviewed
2022-07-31,2022-07-29,2022-08-02,0.3175569109855761,21.57229182359302,884.2593038156056,883.8636530484073,884.8605078794062,0.9968548309989274,1.0,0.0464631908734104,7,unreviewed
2018-01-11,2017-12-21,2018-02-01,0.3175522330464027,36.01547197921127,245.91928169306615,245.56708976393568,246.56505025643855,0.997960492502898,0.75,0.0417669353748704,1,unreviewed
2025-03-14,2025-03-10,2025-03-18,0.3169467205997957,11.60174009231898,598.7568411378242,598.3464801348746,599.3441373975947,0.9976572627201676,1.0,0.040522932418805,3,unreviewed
2021-11-20,2021-11-18,2021-11-22,0.3166426545535236,2.958021077733153,38.982566598397675,38.73260690830648,39.448754732031375,0.7161478237248957,0.75,0.035077680941123,11,unreviewed
2023-11-05,2023-11-01,2023-11-09,0.3164703816468973,2.2444127515951804,528.4874922127487,527.9901721947826,529.2376243527979,1.2474521580152214,0.75,0.0410339663660962,11,unreviewed
2023-08-11,2023-08-07,2023-08-15,0.3163556162058428,1.9686082114969632,568.1827452534757,567.9086449965835,568.6571156224236,0.7484706258401275,0.75,0.0398997951858553,8,unreviewed
2021-12-28,2021-12-21,2022-01-04,0.3162136563450601,11.152747694712906,592.7574568210831,592.3587087159976,593.3566703577526,0.997961641754955,1.0,0.0415127530526657,12,unreviewed
2023-10-22,2023-10-18,2023-10-26,0.3160923417891629,2.964123929962702,608.8543571010977,608.5637226193212,609.3115852372721,0.7478626179508865,0.75,0.0370614376939284,10,unreviewed
2022-06-23,2022-06-15,2022-07-01,0.3158502740300692,24.49470080864024,1009.3384229160988,1009.0750528140924,1009.8234088965692,0.7483560824766755,0.75,0.0318019332634493,6,unreviewed
2025-06-07,2025-06-02,2025-06-13,0.3156456921568851,2.986767715549753,359.08498531806714,358.5861979201436,359.83364897500724,1.2474510548636315,0.75,0.0399373364400365,6,unreviewed
2024-02-03,2024-01-30,2024-02-08,0.3155023601006116,3.1256448489676982,479.44637933954306,478.5910673816688,480.58698978228495,1.9959224006161096,0.5,0.0402682444904835,2,unreviewed
2023-02-04,2023-02-03,2023-02-06,0.3154351225215591,26.486027461022992,523.0059881855587,522.7508723279461,523.4993434520438,0.7484711240977049,0.75,0.0456924612666249,2,unreviewed
2021-01-06,2020-12-17,2021-01-26,0.3153235380791426,3.6035474221281896,977.0220005754072,976.64873908367,977.646528411191,0.9977893275208772,1.0,0.0421384406223523,1,unreviewed
2024-03-15,2024-03-09,2024-03-22,0.3147191483379372,3.000251100024218,431.95093756609975,431.4373829974793,432.6848347289488,1.2474517314694822,0.75,0.0408768306768036,3,unreviewed
2024-07-26,2024-07-23,2024-07-29,0.3147018711492567,31.49190232287211,212.90892334222028,212.63437311304733,213.38284396845847,0.7484708554111421,0.75,0.0441328820220697,7,unreviewed
2018-03-13,2018-03-01,2018-03-26,0.3144119012930272,17.98063812173767,402.9746127069004,402.7459876113571,403.4944586455822,0.7484710342250764,0.75,0.0353249483561403,3,unreviewed
2025-04-11,2025-04-08,2025-04-15,0.3144000505137879,2.2426280808827057,590.1196257644298,589.6143140215427,590.8617661804892,1.247452158946544,0.75,0.0426874210522566,4,unreviewed
2025-01-26,2025-01-24,2025-01-28,0.3142347633296605,2.494129404100649,600.3362291986078,599.8422057279386,601.0884403777309,1.2462346497923136,0.75,0.0411442591357331,1,unreviewed
2018-12-07,2018-12-04,2018-12-10,0.3140979180157075,1.9626910158746171,569.1668055045482,568.906606069766,569.6550771943294,0.7484711245633662,0.75,0.0393546365433641,12,unreviewed
2024-11-15,2024-11-12,2024-11-19,0.3140975437805736,3.241187702449168,804.9012636248601,804.3938237540424,805.6397998314351,1.2459760773926971,0.75,0.0423973221072906,11,unreviewed
2018-12-22,2018-12-18,2018-12-26,0.3140684158126539,3.741156797967973,790.4236765711319,789.9256874844432,791.1739085540175,1.248221069574356,0.75,0.0421613155814508,12,unreviewed
2022-09-27,2022-09-26,2022-09-28,0.314057064013593,11.003065032591666,267.8995263846629,267.52223353553563,268.5201947754249,0.997961239889264,1.25,0.0444878546930668,9,unreviewed
2022-08-06,2022-08-02,2022-08-10,0.3139578917031165,30.909622361204015,833.3995201426497,833.0428216597065,834.0396769898944,0.9968553301878272,1.0,0.0414841082355271,8,unreviewed
2024-11-15,2024-11-12,2024-11-19,0.3137953489099709,3.7464050791623986,790.4330509325711,789.9256874844432,791.1739085540175,1.248221069574356,0.75,0.0412711142233911,11,unreviewed
2024-02-19,2024-02-16,2024-02-23,0.3137202523931071,2.741290180908401,620.5303075916082,620.0262882937677,621.2725236895494,1.2462353957816958,0.75,0.0395535144788388,2,unreviewed
2018-10-22,2018-10-08,2018-11-05,0.313236990090232,2.4678007520855587,415.2210015657083,414.9710167855956,415.7194878202863,0.7484710346907377,0.75,0.0330422928813192,10,unreviewed
2023-02-25,2023-02-21,2023-03-02,0.3132294430150322,2.711861702530151,437.1743761485741,436.9261714038439,437.674642438069,0.7484710342250764,0.75,0.0362006358444908,2,unreviewed
2021-11-06,2021-11-04,2021-11-08,0.3130808092943621,4.29519371431315,499.60375664613287,499.2987696812488,500.0472408044152,0.7484711231663823,0.75,0.0435972369534991,11,unreviewed
2022-07-31,2022-07-29,2022-08-02,0.3129555028970369,28.114859386765023,1188.065444141139,1187.6922282697633,1188.6900180960074,0.9977898262441158,1.0,0.0427190363053322,7,unreviewed
2023-01-14,2023-01-09,2023-01-20,0.3129210108921983,21.594116985773677,1048.6292086574315,1048.2360636861997,1049.2338535129093,0.9977898267097772,1.0,0.0403294116775545,1,unreviewed
2023-11-21,2023-11-16,2023-11-27,0.3125222633570563,2.0937079888619587,609.1582817239511,608.8129087593406,609.8099580151029,0.9970492557622492,1.0,0.0431273801632004,11,unreviewed
2020-09-03,2020-08-20,2020-09-18,0.3124872099995168,40.97867331308855,1022.009728677945,1021.7961456100456,1022.5445021917112,0.7483565816655755,0.75,0.042255298836125,9,unreviewed
2023-02-02,2023-02-02,2023-02-03,0.3121802748172184,4.899494974419056,402.8912362715837,402.496497138869,403.4944586455822,0.9979615067131816,1.0,0.0410504617656607,2,unreviewed
2023-02-04,2023-02-03,2023-02-06,0.3116688201342582,12.62495769871398,551.1919842594547,550.9432938070968,551.6917649297975,0.748471122700721,0.5,0.0254837360952934,2,unreviewed
2022-10-28,2022-10-25,2022-11-01,0.3115625997287605,39.50347789573569,1111.3516552882097,1111.098865795415,1111.8473372780718,0.7484714826568961,1.25,0.0478463247362372,10,unreviewed
2022-07-31,2022-07-29,2022-08-02,0.3113670618713118,22.58875858739537,780.3446908974993,779.9383766693063,780.9369149943814,0.99853832507506,1.0,0.0416763984207136,7,unreviewed
2022-05-15,2022-05-12,2022-05-18,0.3111505044738437,1.7183390553990985,506.91536647885897,506.5339931868948,507.53195433085784,0.9979611439630388,0.75,0.0385022627017724,5,unreviewed
2025-03-21,2025-03-18,2025-03-24,0.3111426455360324,13.90536046516989,405.33714104375304,404.9914011177607,405.9893623762764,0.9979612585157156,1.0,0.0409951945558511,3,unreviewed
2025-04-25,2025-04-21,2025-04-29,0.3111080911586714,1.720199801399506,44.69484784493584,44.33250158978626,45.28197851404548,0.9494769242592156,0.75,0.0374124138459867,4,unreviewed
2019-12-13,2019-12-13,2019-12-14,0.31091922716111,3.2341920308934533,953.594513685896,953.2020219573752,954.1998117845504,0.9977898271754384,0.75,0.0426994180444573,12,unreviewed
2021-11-24,2021-11-22,2021-11-27,0.3107783276332067,39.748756175470874,1099.7772742865857,1099.3728020754645,1100.370764253661,0.997962178196758,0.75,0.0577747224518702,11,unreviewed
2022-08-06,2022-08-02,2022-08-10,0.3105328293853858,30.61998742638611,909.1859400034076,908.8029201640747,909.80070949113,0.9977893270552158,1.0,0.040422599346133,8,unreviewed
2024-01-03,2023-12-28,2024-01-10,0.3103389132135172,3.9963315768180174,1139.5326161313765,1139.0418257690037,1140.2892786436714,1.2474528746679423,0.75,0.0404435931530612,1,unreviewed
2023-01-05,2023-01-04,2023-01-06,0.3100011660051965,24.09262656946784,239.47415558678395,239.08034228812903,240.0783030302264,0.997960742097348,1.0,0.0549652030970678,1,unreviewed
2022-05-28,2022-05-25,2022-06-01,0.3099558211814756,2.234618202614425,627.6379890414642,627.2526885922998,628.2497376003303,0.9970490080304444,0.75,0.0532191592907468,5,unreviewed
2023-02-04,2023-02-03,2023-02-06,0.3097634643226646,10.466768367884228,396.7609229737796,396.5087282792665,397.2571992245503,0.7484709452837706,0.75,0.0449975019412285,2,unreviewed
2022-07-31,2022-07-29,2022-08-02,0.3095348690283904,27.739721632263212,267.5185379949164,267.27274315292016,268.0212140092626,0.7484708563424647,1.25,0.0405863934218623,7,unreviewed
2023-12-24,2023-12-21,2023-12-28,0.3092763972959286,2.728094290330856,513.2758025981998,513.020745142363,513.7692157682031,0.7484706258401275,0.75,0.0355053902568076,12,unreviewed
2022-09-27,2022-09-26,2022-09-28,0.3092041075425687,31.872651555449583,1220.1226594683333,1219.619686673395,1220.8669097446837,1.2472230712883174,1.0,0.0460426083733591,9,unreviewed
2018-01-11,2017-12-21,2018-02-01,0.3087309495883082,4.479158564472722,499.1815446784278,498.79978894023225,499.79775028675795,0.9979613465256988,0.75,0.040695630366961,1,unreviewed
2025-04-04,2025-04-01,2025-04-08,0.3085836880631291,2.757204346499091,704.5331271301296,704.0348140839487,705.2830356545746,1.2482215706259012,0.75,0.0401169418599956,4,unreviewed
2022-07-31,2022-07-29,2022-08-02,0.3084505227279925,37.74896770566771,1187.6102051868784,1187.193361779675,1188.1911516049877,0.9977898253127933,0.75,0.0415135114618411,7,unreviewed
2019-11-29,2019-11-26,2019-12-02,0.3084105419411904,3.4706420813266208,463.86282868198595,463.6216435073875,464.370114043355,0.748470535967499,0.75,0.0350917077931754,11,unreviewed
2021-10-30,2021-10-27,2021-11-03,0.3083859671673994,15.602209127351715,1079.3157902527164,1078.9163469434716,1079.9141367697157,0.9977898262441158,1.0,0.0410885681090314,10,unreviewed
2023-02-02,2023-02-02,2023-02-03,0.3083812268557036,5.214249965211651,386.1696308837113,385.78064386267215,386.7786052348092,0.9979613721370696,0.75,0.0385418672750337,2,unreviewed
2020-08-09,2020-08-05,2020-08-14,0.3080446023527846,36.059707424110414,1104.965574471964,1104.6121076936834,1105.360579175409,0.7484714817255735,0.75,0.0384457686535909,8,unreviewed
2020-07-05,2020-07-02,2020-07-08,0.3078774439929879,33.451676999708475,1095.6367342619749,1095.3809509361165,1096.1294224183075,0.7484714821912348,0.75,0.0428185105911438,7,unreviewed
2022-09-27,2022-09-26,2022-09-28,0.3078052166121502,40.99187990595243,1210.1441296551284,1209.8917891047895,1210.6401456855235,0.7483565807342529,1.25,0.0444619535326508,9,unreviewed
2025-02-15,2025-02-10,2025-02-20,0.3076937569147784,5.999484914543653,1371.6154921169707,1371.3583920327949,1372.097192551941,0.7388005191460252,0.75,0.067533794166024,2,unreviewed
2023-03-11,2023-03-06,2023-03-17,0.3075436886260952,14.595676758290208,919.4231830829387,919.0296792513692,920.0274690780788,0.9977898267097772,1.0,0.0400735266523973,3,unreviewed
2023-01-14,2023-01-09,2023-01-20,0.3074949756861693,31.96035994097333,1076.5569241619812,1076.4220147333108,1076.9209378175435,0.4989230842329561,0.75,0.0259212117879571,1,unreviewed
2023-09-23,2023-09-18,2023-09-29,0.3067325963459472,1.970354950798657,517.8761546199131,517.5115729593672,518.5095341019332,0.9979611425660552,0.75,0.04306195993644,9,unreviewed
2021-11-06,2021-11-04,2021-11-08,0.3066798915645932,36.20963565103022,1210.9127481245987,1210.640088841319,1211.3884454215877,0.7483565802685916,0.75,0.0426847145724543,11,unreviewed
2020-02-03,2020-02-02,2020-02-05,0.3062185843895721,1.7250220541312564,576.2720432208342,575.8923385608941,576.8903002026491,0.997961641754955,0.75,0.0372318752853264,2,unreviewed
2025-06-14,2025-06-13,2025-06-16,0.3061618877667904,37.50027502739069,1060.2064289171833,1059.9594242474996,1060.7077808282338,0.7483565807342529,0.75,0.0413331178911703,6,unreviewed
2024-02-19,2024-02-16,2024-02-23,0.3057960729234292,2.943829385504464,85.04974485318384,84.69841126911342,85.64788819337264,0.9494769242592156,0.75,0.0426356559083451,2,unreviewed
2025-02-24,2025-02-20,2025-02-28,0.3053279047709537,2.7160390898815603,513.0224113425164,512.7712546256371,513.5197254996747,0.7484708740375936,0.75,0.0351190997480979,2,unreviewed
2022-07-31,2022-07-29,2022-08-02,0.3053248485173604,29.844858066564225,1095.994677319505,1095.6304416321218,1096.628403809853,0.9979621777310967,1.0,0.0427854008258697,7,unreviewed
2022-09-27,2022-09-26,2022-09-28,0.3053103157196616,21.251540925145495,727.6298855635864,727.25531240087,728.2538507264107,0.9985383255407214,1.25,0.042989487247887,9,unreviewed
2022-10-28,2022-10-25,2022-11-01,0.3052901693949548,29.250931531847375,1118.0779218222974,1117.8351155919954,1118.583587073255,0.7484714812599123,1.25,0.0452602758497287,10,unreviewed
2021-01-06,2020-12-17,2021-01-26,0.3048894883116211,2.460642686206503,320.65174208854836,320.41417663684115,321.1626475811936,0.748470944352448,0.75,0.0385693707607172,1,unreviewed
2022-12-27,2022-12-20,2023-01-04,0.3048773256697702,4.4767196528155555,371.66263490920375,371.31020501535386,372.30816564243287,0.99796062707901,0.75,0.0383004924018937,12,unreviewed
2023-02-02,2023-02-02,2023-02-03,0.3045352123848877,18.468915757061623,565.7714849254959,565.4137398237363,566.4117014645599,0.9979616408236324,0.75,0.0375181078305748,2,unreviewed
2022-07-31,2022-07-29,2022-08-02,0.3044419654640309,17.756581401823837,51.34904905332414,50.86571267666295,52.04851823346689,1.1828055568039415,0.75,0.0423455867049153,7,unreviewed
2025-05-23,2025-05-19,2025-05-27,0.3042428723728104,2.4715331186889267,569.6551148575636,569.4055871050805,570.1540582282469,0.7484711231663823,0.75,0.0382416376192691,5,unreviewed
2024-02-12,2024-02-08,2024-02-16,0.3042076942702263,3.750660666589984,989.6140578484076,989.1203971351496,990.3676194590516,1.247222323901951,0.75,0.0410633324154899,2,unreviewed
2023-12-17,2023-12-13,2023-12-21,0.3038025223652861,2.7210362827270815,1023.4217789434022,1023.0433115903288,1024.0411006677896,0.9977890774607658,0.75,0.0361516366634541,12,unreviewed
2022-08-06,2022-08-02,2022-08-10,0.3037374678245145,31.237160125033576,915.53078887242,915.2881815610452,916.0365381427108,0.7483565816655755,1.25,0.0419014898027353,8,unreviewed
2025-11-07,2025-11-05,2025-11-10,0.3037289227889577,3.3691236129493314,1028.413324408506,1028.0319755105302,1029.029764587991,0.9977890774607658,1.0,0.0411462109240521,11,unreviewed
2022-11-04,2022-11-01,2022-11-07,0.303673847851756,48.196379299083624,1015.0764765586548,1014.8120157225056,1015.560372304637,0.7483565821312368,0.75,0.038508694308995,11,unreviewed
2023-02-02,2023-02-02,2023-02-03,0.3035562756471975,16.744012474657513,305.6826683977054,305.19526650663465,306.44271756056696,1.2474510539323092,0.75,0.0416650780484635,2,unreviewed
2023-02-04,2023-02-03,2023-02-06,0.3035050054338569,25.739242150388257,799.7495812722773,799.4113888139836,800.4082441441715,0.9968553301878272,0.75,0.0427077010623139,2,unreviewed
2022-07-31,2022-07-29,2022-08-02,0.3032548916193849,27.74164458211084,802.4010332628056,802.1517280302942,802.8994616135024,0.7477335832081735,1.25,0.0413616400244718,7,unreviewed
2019-02-10,2019-02-06,2019-02-15,0.30314605156795,19.651108430636285,1068.7917703733835,1068.440152610652,1069.4379424378276,0.9977898271754384,1.0,0.0401417463012609,2,unreviewed
2020-06-04,2020-05-29,2020-06-10,0.3029809515013896,21.981533690587725,792.3260399442476,791.9231499466114,792.9216887718067,0.9985388251952828,0.75,0.0391308649420153,6,unreviewed
2022-09-27,2022-09-26,2022-09-28,0.302957062825344,31.651191061965484,1144.4398714749316,1144.031640691217,1145.0296028694138,0.997962178196758,1.0,0.0419200076267674,9,unreviewed
2022-10-28,2022-10-25,2022-11-01,0.3027707561011974,28.23957688063181,794.7845989511337,794.4199778996408,795.4185162251815,0.9985383255407214,0.75,0.0411876408841031,10,unreviewed
2021-05-18,2021-05-04,2021-06-01,0.3025860086901087,1.976046277357006,536.4837471023512,536.2233572718687,536.9718283955008,0.7484711236320436,0.75,0.0382129742136703,5,unreviewed
2022-07-31,2022-07-29,2022-08-02,0.3024351919311577,12.227910136685937,92.9900101902486,92.63159579178318,93.5810724804178,0.9494766886346042,0.75,0.0420585511381871,7,unreviewed
2023-02-04,2023-02-03,2023-02-06,0.3023652099611234,32.508568390036494,560.913709681819,560.673421241343,561.4218921153806,0.7484708740375936,0.75,0.0399965406857124,2,unreviewed
2022-07-31,2022-07-29,2022-08-02,0.3022756430190831,6.847208847170879,99.76852088882777,99.39813528303056,100.3637736714445,0.965638388413936,1.0,0.0460177370136371,7,unreviewed
2025-04-25,2025-04-21,2025-04-29,0.3022671603560486,2.748590068959768,84.93775376654163,84.4650821685791,85.64788819337264,1.1828060247935357,0.75,0.0444215608086779,4,unreviewed
2024-12-28,2024-12-27,2024-12-30,0.3020034493317126,3.1203170801070894,1028.4727097286009,1027.782542514149,1029.5286310794763,1.7460885653272271,0.5,0.0392387151879845,12,unreviewed
2025-10-03,2025-09-30,2025-10-06,0.3018306774449077,5.950156442408095,1371.6366366490008,1371.3583920327949,1372.097192551941,0.7388005191460252,0.75,0.045610538204916,10,unreviewed
2024-01-18,2024-01-10,2024-01-26,0.3013135468624171,3.825805703734524,145.93206681547346,145.7709928979166,146.26997307687998,0.498980178963393,0.5,0.0279416770319277,1,unreviewed
2019-01-13,2019-01-07,2019-01-19,0.301094369819012,3.7521936438911903,1240.820854174484,1240.3226480367591,1241.569871106185,1.2472230694256723,0.75,0.0403763586925872,1,unreviewed
2022-09-27,2022-09-26,2022-09-28,0.3009654458153926,29.623714973341492,565.8786981810307,565.6632303404622,566.162210947834,0.4989806073717773,0.75,0.0252635390548374,9,unreviewed
2023-12-17,2023-12-13,2023-12-21,0.3009518486055285,2.9735403375411473,997.70978973051,997.3516925023868,998.349482330028,0.9977898276410996,0.75,0.0396612494763548,12,unreviewed
2023-01-05,2023-01-04,2023-01-06,0.3008814300278381,3.613527950792112,448.7832978908379,448.4027299066074,449.4006906668656,0.9979607602581382,1.0,0.0422529195132219,1,unreviewed
2024-04-12,2024-04-09,2024-04-16,0.3008574166067479,2.2239881792627307,544.3180882080063,543.957561315503,544.9555222089402,0.9979608934372663,0.75,0.0417445808926569,4,unreviewed
2023-01-05,2023-01-04,2023-01-06,0.3007835051678079,3.905284577796985,888.7416707707082,888.3494009897113,889.3471908173524,0.9977898276410996,1.0,0.0405893861639515,1,unreviewed
2023-02-02,2023-02-02,2023-02-03,0.3006671180411733,16.34590523277017,448.2663875007911,447.90374921076,448.9017102192156,0.9979610084556044,1.0,0.040764504329623,2,unreviewed
2023-03-29,2023-03-22,2023-04-06,0.3003022387856468,2.9588943633771554,910.2764612164574,909.8006523982622,911.0478752218188,1.2472228235565126,0.75,0.0426026836976763,3,unreviewed
2022-09-27,2022-09-26,2022-09-28,0.3001726910568043,33.73444108657748,1072.9301157892803,1072.6805167924613,1073.4288733741269,0.7483565816655755,1.25,0.0431175989154533,9,unreviewed
2022-10-28,2022-10-25,2022-11-01,0.3000157617906668,16.609906460684613,428.0608493709817,427.6950269048102,428.69298841198906,0.997961507178843,1.0,0.041837928421993,10,unreviewed
2025-06-07,2025-06-02,2025-06-13,0.2999507072498951,2.469539531962853,296.0828121784549,295.7146346489899,296.7125951410271,0.9979604920372368,0.75,0.037415120325789,6,unreviewed
2022-08-06,2022-08-02,2022-08-10,0.2997794323036258,36.64621055728409,1080.5045983667628,1080.1635131733492,1081.1613027504643,0.9977895771153272,1.0,0.0413574873624674,8,unreviewed
2022-08-13,2022-08-10,2022-08-17,0.2994765513352777,19.23908843179244,124.60610182883988,124.3148342310451,125.06330449925736,0.7484702682122588,0.75,0.043084678752473,8,unreviewed
2022-09-27,2022-09-26,2022-09-28,0.2994056337774087,28.147062953189614,614.9005963176232,614.5441919704899,615.5412404793315,0.9970485088415444,1.0,0.0409750892773195,9,unreviewed
2021-03-30,2021-03-08,2021-04-21,0.2992946730602153,7.150302740313539,1136.9450311814976,1136.54691880662,1137.5448809848167,0.997962178196758,1.0,0.0406310837978291,3,unreviewed
2021-11-16,2021-11-15,2021-11-18,0.2989243050227254,0.5034979188592994,39.41008776232057,39.19926464278251,39.915412466507405,0.7161478237248957,0.75,0.0410093849863531,11,unreviewed
2021-02-01,2021-01-26,2021-02-08,0.2988283137108868,33.60201173026648,1194.1655216451466,1193.9280604049563,1194.6764169833623,0.7483565784059465,1.0,0.0441755351028006,2,unreviewed
2023-11-12,2023-11-09,2023-11-16,0.2988116602474295,2.7452187628763545,792.6702404706081,792.1728329416364,793.4210542622022,1.24822132056579,0.75,0.0408871918845084,11,unreviewed
2022-07-31,2022-07-29,2022-08-02,0.2987558992124823,40.49023124664917,1027.8837174816176,1027.5331092686392,1028.5308985952288,0.9977893265895544,0.75,0.0383017935941063,7,unreviewed
2022-07-31,2022-07-29,2022-08-02,0.2986576001173182,2.7386606131460773,57.77077199623506,57.39892329275608,58.348400452174246,0.9494771594181656,0.75,0.0435733619352428,7,unreviewed
2020-05-25,2020-05-22,2020-05-29,0.2985038518498187,1.966326115696297,67.78396537124924,67.43206808669493,68.3815454794094,0.9494773927144706,0.75,0.0380189106893825,5,unreviewed
2023-12-24,2023-12-21,2023-12-28,0.298258977327221,31.754596240780582,608.3075421812484,607.8161641992629,609.0623988485895,1.2462346493266525,0.75,0.0452177342997589,12,unreviewed
2025-03-14,2025-03-10,2025-03-18,0.2982103891323397,6.628695736018227,1030.8977362939656,1030.526307220105,1031.5240970468149,0.9977898267097772,1.0,0.0393980257271182,3,unreviewed
2018-11-13,2018-11-05,2018-11-21,0.2976726756174861,1.9694227675784817,509.00381949491543,508.7794073447585,509.5278782197274,0.7484708749689162,0.75,0.0467393596263169,11,unreviewed
2022-08-06,2022-08-02,2022-08-10,0.297647477118472,12.898973416905324,763.5616402757921,763.2096314812079,764.2081700568087,0.9985385756008328,1.0,0.0412065899604115,8,unreviewed
2022-08-06,2022-08-02,2022-08-10,0.297232762217618,17.851130870491815,1104.0149154941255,1103.61414490873,1104.612107086461,0.9979621777310967,1.0,0.0421919567992129,8,unreviewed
2023-02-02,2023-02-02,2023-02-03,0.297066539445656,24.24448027086708,773.6976054210219,773.1969422954135,774.4451636164449,1.2482213210314512,0.75,0.0412639316423773,2,unreviewed
2024-01-03,2023-12-28,2024-01-10,0.2968646395909313,4.345679374191888,927.2504104277698,927.0115401241928,927.7598967049272,0.7483565807342529,1.0,0.0392897925588693,1,unreviewed
2023-01-14,2023-01-09,2023-01-20,0.2967682740439589,2.959238624992828,992.6117392167968,992.3630285831168,993.1113851647824,0.7483565816655755,0.75,0.0351866873893153,1,unreviewed
2018-07-12,2018-06-15,2018-08-08,0.2966878758626985,19.2246250978618,411.971749090041,411.72764163743705,412.47611267259344,0.748471035156399,0.75,0.0366758646997817,7,unreviewed
2025-02-24,2025-02-20,2025-02-28,0.2966733430649998,1.6181594563200687,48.89264733560931,48.06576486630365,49.94855772797018,1.8827928616665304,0.5,0.0391923592859855,2,unreviewed
2024-02-12,2024-02-08,2024-02-16,0.296664610911876,3.3481130954821303,894.6356644710103,894.0863636485301,895.3335857214406,1.2472220729105177,0.5,0.0318144656033032,2,unreviewed
2022-09-27,2022-09-26,2022-09-28,0.2963254915080646,38.60147339513498,1242.6679892544491,1242.3181139989756,1243.315903824754,0.9977898257784544,1.0,0.0414133308145426,9,unreviewed
2020-12-02,2020-11-18,2020-12-17,0.2962357374484573,20.23714143021342,768.8464879798563,768.4529693834484,769.4515077085234,0.99853832507506,0.75,0.0398612055425199,12,unreviewed
2022-07-03,2022-07-01,2022-07-06,0.2961602043239372,46.53908615346123,1020.458740795058,1020.0501128886826,1021.047902715858,0.9977898271754384,1.0,0.0390544403468279,7,unreviewed
2018-08-22,2018-08-08,2018-09-06,0.295900859376163,35.84124452740146,1045.2642892983736,1044.9934324873611,1045.7417890694924,0.7483565821312368,0.5,0.0413887568701835,8,unreviewed
2020-02-23,2020-02-23,2020-02-24,0.2955805764740897,35.74876729152313,1151.0261047044128,1150.7678894898854,1151.516360971611,0.7484714817255735,0.75,0.0398713213825503,2,unreviewed
2023-02-04,2023-02-03,2023-02-06,0.2954682435614055,27.218980373025666,518.2191134142649,518.0105534959584,518.7590246195905,0.7484711236320436,1.0,0.0373268957760788,2,unreviewed
2019-01-26,2019-01-23,2019-01-30,0.2952191900798127,2.4790572304639547,627.2631658584813,627.0035022045486,627.7513650720939,0.7478628675453365,0.75,0.0417810774753759,1,unreviewed
2023-05-06,2023-05-02,2023-05-10,0.2950055641908934,2.6883583460049354,609.445149369188,608.8129087593406,610.3083305433393,1.4954217839986086,0.5,0.0330781797625443,5,unreviewed
2022-07-31,2022-07-29,2022-08-02,0.2949494289208124,36.88871040357501,1032.5380266304808,1032.272339942865,1033.0206965231337,0.7483565802685916,1.0,0.0378696193302862,7,unreviewed
2023-02-04,2023-02-03,2023-02-06,0.2947034940653353,28.037050362833615,243.09487316643353,242.82269654469565,243.5711674001068,0.7484708554111421,0.75,0.0327525248109444,2,unreviewed
2023-02-25,2023-02-21,2023-03-02,0.2946517872443385,2.46669541310194,329.28602590523224,328.8968481984921,329.894809323363,0.997961124870926,0.75,0.0382486417510653,2,unreviewed
2022-07-31,2022-07-29,2022-08-02,0.2946028248143234,39.881469102291014,1071.67899719791,1071.4333508131094,1072.181707144715,0.7483563316054642,1.0,0.0396789679965991,7,unreviewed
2022-09-27,2022-09-26,2022-09-28,0.2944477667238553,33.747188554973704,1222.1166784728823,1221.8645858820528,1222.6129424604587,0.7483565784059465,1.25,0.0430428138224538,9,unreviewed
2020-11-10,2020-11-09,2020-11-11,0.2944298034374294,31.744021296450267,1163.4991757682749,1163.242425298784,1163.9908967819065,0.7484714831225574,0.75,0.0504897970939362,11,unreviewed
2019-11-15,2019-11-12,2019-11-18,0.2941670903734503,15.960264237187978,494.6300295895331,494.3089621765539,495.3069236832671,0.9979615067131816,0.75,0.0322555734810862,11,unreviewed
2021-11-20,2021-11-18,2021-11-22,0.2939799728065136,37.20897889225219,1200.9441436277698,1200.6627580281347,1201.411114607472,0.7483565793372691,0.75,0.0390797838534384,11,unreviewed
2020-02-20,2020-02-19,2020-02-22,0.293868388364097,1.980418142486985,568.5356244962579,568.1581352637149,569.1560961590149,0.9979608952999116,0.75,0.0430857791893158,2,unreviewed
2020-05-07,2020-04-23,2020-05-22,0.2938233554029877,3.0135484405773822,38.9612775015454,38.73260690830648,39.448754732031375,0.7161478237248957,0.75,0.0379763654217206,5,unreviewed
2019-04-27,2019-04-23,2019-05-02,0.2936026190465248,22.47341968536572,1057.5961214380127,1057.2156590414234,1058.2134483684786,0.9977893270552158,0.75,0.036595923167928,4,unreviewed
2019-11-29,2019-11-26,2019-12-02,0.2934808055104489,36.12458211927427,1104.8615983896889,1104.8615983896889,1105.1110884789375,0.2494900892488658,0.5,0.0171962830321191,11,unreviewed
2021-11-20,2021-11-18,2021-11-22,0.2934547961686448,39.83216858350905,1105.755631415301,1105.3605797817,1106.358541959897,0.997962178196758,0.75,0.0394277486749473,11,unreviewed
2025-01-12,2025-01-10,2025-01-14,0.2934004073291886,3.502540922078885,1049.230868374948,1048.7349301772192,1049.9821532508358,1.247223073616624,0.75,0.039562377456653,1,unreviewed
2020-04-05,2020-04-02,2020-04-08,0.2931703150943787,1.9671323946155064,567.6982625840917,567.409663962666,568.4076253529638,0.99796139029786,0.75,0.0383631578188553,4,unreviewed
2025-11-13,2025-11-10,2025-11-17,0.2931550338264123,17.90106534651527,816.9495694215544,816.6007873574272,817.5976426871493,0.996855329722166,1.0,0.0395922156529352,11,unreviewed
2022-09-03,2022-08-30,2022-09-08,0.2930565476136813,1.9034370205904536,43.90641755797842,43.39918612269685,44.81532054627314,1.4161344235762954,1.25,0.0388396953017429,9,unreviewed
2025-10-19,2025-10-17,2025-10-22,0.2930467551276783,38.99523495683893,1172.2580323954717,1171.9746006638743,1172.7230721451342,0.7484714812599123,0.75,0.0455478690702624,10,unreviewed
2023-02-04,2023-02-03,2023-02-06,0.2929969194823508,24.355649732668137,279.1239514343291,278.74929580511525,279.7472570440732,0.9979612389579416,1.0,0.0415054143285864,2,unreviewed
2022-10-28,2022-10-25,2022-11-01,0.2929705359054128,27.74784399297525,785.7969582937244,785.4313980676234,786.4299363922328,0.9985383246093988,0.75,0.0375197213089185,10,unreviewed
2022-07-31,2022-07-29,2022-08-02,0.2920447405567325,34.363441921069835,1053.7271572957231,1053.474160851445,1054.2225174331106,0.7483565816655755,1.0,0.0398400035448376,7,unreviewed
2022-04-18,2022-04-15,2022-04-22,0.2917757902405223,22.614363352012436,1126.295768187307,1126.068308568094,1126.8167800498195,0.7484714817255735,1.0,0.0392882831759026,4,unreviewed
2021-12-16,2021-12-16,2021-12-17,0.2916152433680906,20.122249956153293,902.0682245218194,902.0682245218196,902.3177146110684,0.2494900892488658,0.5,0.0331755089400511,12,unreviewed
2021-09-21,2021-09-08,2021-10-05,0.2915440139476101,17.302299059226335,1225.344026015548,1225.107218070887,1225.8555746511556,0.7483565802685916,0.75,0.035898023148131,9,unreviewed
2019-02-02,2019-01-30,2019-02-06,0.2914187075502848,6.102818322903263,257.1421678038243,256.7941517843865,257.79211227735505,0.9979604929685592,1.0,0.039424737344398,2,unreviewed
2019-05-17,2019-05-13,2019-05-22,0.2905625823090273,1.9548763841088008,600.0887827035746,599.8422057279386,600.590068097692,0.7478623697534204,0.75,0.0352218864975137,5,unreviewed
2022-10-28,2022-10-25,2022-11-01,0.2904064015131575,2.96693980174824,609.0427621120992,608.8129087593406,609.5607716259547,0.7478628666140139,1.25,0.044583577827614,10,unreviewed
2023-12-24,2023-12-21,2023-12-28,0.2903838850326028,24.10096580747902,546.1022867912515,545.7039939402603,546.7019555810839,0.9979616408236324,1.0,0.0421412251736874,12,unreviewed
2022-09-27,2022-09-26,2022-09-28,0.2903034868513424,29.403340778699665,1200.5134615596637,1200.1638915375806,1201.1616813624278,0.997789824847132,1.0,0.0426801827058622,9,unreviewed
2023-12-24,2023-12-21,2023-12-28,0.2902189720836093,12.944797962344245,552.1737460220533,551.6917653586715,552.6897265012376,0.9979611425660552,1.25,0.0409704533153504,12,unreviewed
2019-11-20,2019-11-18,2019-11-22,0.2901263488879757,1.9549641309949088,526.2399383225794,525.9942480563186,526.7427191799507,0.7484711236320436,0.75,0.0322415949590302,11,unreviewed
2019-12-19,2019-12-16,2019-12-22,0.2900879274142313,2.7168424429459033,626.4153295517078,625.7575712548569,628.9972960194573,3.239724764600396,0.75,0.0410821476548849,12,unreviewed
2022-07-31,2022-07-29,2022-08-02,0.2900580509760438,28.384021831174593,1062.825687907263,1062.4537559570745,1063.4515455341898,0.9977895771153272,1.0,0.0401513305113302,7,unreviewed
2019-12-26,2019-12-22,2019-12-30,0.2900271765774992,7.371068829371007,1053.8455800763702,1053.474160851445,1054.471950679086,0.9977898276410996,1.0,0.0390116943237961,12,unreviewed
2023-05-06,2023-05-02,2023-05-10,0.2900229976185043,2.4816766211053594,643.0928160913778,642.7022337513044,643.699282261543,0.9970485102385284,0.75,0.0374762652067078,5,unreviewed
2023-12-17,2023-12-13,2023-12-21,0.2898738025451335,27.20369648151894,549.990269030315,549.6958412202075,550.4443123438396,0.7484711236320436,0.75,0.0428567582068119,12,unreviewed
2022-07-31,2022-07-29,2022-08-02,0.2897829257801246,12.497626400585618,331.39172562387984,331.14226105390117,331.89073175005615,0.7484706961549819,1.25,0.0411563527879268,7,unreviewed
2019-02-02,2019-01-30,2019-02-06,0.2897311565866055,6.875124618609469,1257.6554897466503,1257.2841097195633,1258.281899544876,0.9977898253127933,1.0,0.0400550868998979,2,unreviewed
2023-06-04,2023-06-02,2023-06-06,0.2896538146589383,32.2170877034617,1237.528381978538,1237.3294480922632,1238.0778046725318,0.7483565802685916,0.75,0.050484536559705,6,unreviewed
2023-05-12,2023-05-10,2023-05-15,0.2895124785233788,8.218359212326089,95.8955478541333,95.66487199952826,96.38101982185616,0.7161478223279119,0.75,0.0628980478230646,5,unreviewed
2022-09-27,2022-09-26,2022-09-28,0.2894389413195727,17.851469231253272,51.706723296814175,51.332370409276336,52.281847099773586,0.9494766904972494,1.0,0.0411007026558374,9,unreviewed
2022-09-27,2022-09-26,2022-09-28,0.2889397116509857,18.750419213536407,613.0496184233905,612.5507026002742,613.7969374987297,1.246234898455441,0.75,0.0434378260366804,9,unreviewed
2023-02-04,2023-02-03,2023-02-06,0.2889141389168377,22.588108749989747,799.4118979132521,798.9131453186274,799.9100006502122,0.9968553315848112,1.0,0.047672582116619,2,unreviewed
2023-12-24,2023-12-21,2023-12-28,0.2882600382753495,23.249982473552915,628.7492427877565,628.498619790189,629.2464821599424,0.7478623697534204,1.25,0.0421756472842502,12,unreviewed
2022-09-27,2022-09-26,2022-09-28,0.2878556148406772,4.059992485541492,687.4732385145301,687.0573791125789,688.0549247250892,0.9975456125102936,1.5,0.0436245619899649,9,unreviewed
2022-08-06,2022-08-02,2022-08-10,0.2877238840735537,27.183741199581785,207.4911217278905,207.14558717003092,208.1435479102656,0.9979607402347028,1.0,0.0425410369283326,8,unreviewed
2019-01-13,2019-01-07,2019-01-19,0.2876736118205701,2.5,997.8431775922268,997.1022592573428,998.8483488224448,1.746089565102011,0.25,0.0277892405053688,1,unreviewed
2019-11-01,2019-10-29,2019-11-05,0.2876225910973186,36.29432666061929,1105.1387749387798,1104.8615983896889,1105.6100698709488,0.7484714812599123,0.75,0.035818245194727,11,unreviewed
2022-07-31,2022-07-29,2022-08-02,0.2875722564718126,41.997106099909786,1074.312155361018,1073.9276830228046,1074.925472850911,0.997789828106761,0.75,0.0402740924200564,7,unreviewed
2022-07-31,2022-07-29,2022-08-02,0.2874901118599275,31.493563910603104,1177.1035710947965,1176.714923892636,1177.712886070367,0.9979621777310967,0.75,0.0378973830544123,7,unreviewed
2023-02-02,2023-02-02,2023-02-03,0.2872928899443763,6.474981714390174,463.4838777104353,463.12266306066886,464.12062381953,0.9979607588611544,0.75,0.0368169882894745,2,unreviewed
2022-09-27,2022-09-26,2022-09-28,0.2872518488246949,39.399966897720354,1163.3929608759945,1162.992934603244,1163.9908967819065,0.9979621786624192,1.0,0.0415952151797199,9,unreviewed
2022-10-09,2022-10-05,2022-10-13,0.2871874803816686,34.23608545625253,1148.2471373995709,1148.0234918310307,1148.771963313222,0.7484714821912348,0.75,0.0420812439303759,10,unreviewed
2025-09-26,2025-09-23,2025-09-30,0.2871562941205125,2.7590658097683027,30.54794024813287,30.332764418795705,31.048912710044533,0.7161482912488282,0.75,0.0468528458934128,9,unreviewed
2022-10-28,2022-10-25,2022-11-01,0.2870859379153443,32.11703231298244,1185.5694948667162,1185.1976085631177,1186.1955707403831,0.9979621772654356,1.0,0.0450770456800343,10,unreviewed
2023-02-04,2023-02-03,2023-02-06,0.2869492797189583,30.502122833856316,799.6337078520284,799.4113888139836,800.1591223962605,0.7477335822768509,0.75,0.0450770531154184,2,unreviewed
2020-10-30,2020-10-20,2020-11-09,0.2869044338754158,42.218994172205065,1159.7888460049044,1159.5000648549758,1160.2485363362357,0.7484714812599123,0.75,0.0479230170052512,10,unreviewed
2021-11-20,2021-11-18,2021-11-22,0.2868304600639535,38.47430010696578,1124.846241775562,1124.571364390198,1125.319835871458,0.7484714812599123,0.75,0.0369006549487484,11,unreviewed
2023-12-24,2023-12-21,2023-12-28,0.2863147640494761,16.501511415456477,680.8265528885537,680.3293515909463,681.5755864894018,1.246234898455441,0.75,0.040784962788898,12,unreviewed
2022-07-31,2022-07-29,2022-08-02,0.2862994204089873,31.61350084626809,1052.9792875491007,1052.7258611135185,1053.474217693787,0.7483565802685916,1.0,0.0401843398989193,7,unreviewed
2023-01-05,2023-01-04,2023-01-06,0.2862876943747926,41.001016347619206,1093.920505730999,1093.6345160617493,1094.3829875430092,0.7484714812599123,0.75,0.0455832168861422,1,unreviewed
2023-03-11,2023-03-06,2023-03-17,0.2857277138694735,6.871211487830025,910.9202558654124,910.5489518865944,911.5467414637096,0.9977895771153272,1.0,0.0387212496334707,3,unreviewed
2024-01-03,2023-12-28,2024-01-10,0.2855808889519506,3.1983050945555145,130.78448575839738,130.55208946112543,131.30055997846648,0.7484705173410475,0.75,0.0369012646502423,1,unreviewed
2024-01-03,2023-12-28,2024-01-10,0.2855009897508687,3.769297183174902,999.4695347091236,999.0977249746212,1000.095514052082,0.9977890774607658,0.75,0.0388806382441372,1,unreviewed
2022-08-06,2022-08-02,2022-08-10,0.285481092916251,30.372787895564667,862.553010525574,862.19006305933,863.1869183890522,0.996855329722166,1.0,0.0402100700455016,8,unreviewed
2023-05-06,2023-05-02,2023-05-10,0.285071742052316,2.48461580537669,67.78550342234463,67.43206808669493,68.3815454794094,0.9494773927144706,0.75,0.0370712709893641,5,unreviewed
2019-02-10,2019-02-06,2019-02-15,0.284807843910413,7.124680672649855,1058.3454942036458,1057.9639582792297,1058.9617481068708,0.9977898276410996,1.0,0.0391398022736703,2,unreviewed
2021-11-16,2021-11-15,2021-11-18,0.2843996157518795,3.616103240699924,142.10462199757666,141.77914947178215,142.7771098301746,0.9979603583924472,0.5,0.0385812562221569,11,unreviewed
2022-09-27,2022-09-26,2022-09-28,0.2843900727559658,31.850151528410414,1171.12527510506,1170.727147183381,1171.725109361112,0.9979621777310967,1.0,0.0412407815740681,9,unreviewed
2024-02-03,2024-01-30,2024-02-08,0.2843849582091362,2.987307430552616,798.5541266760756,798.1652190792374,799.1626354078762,0.997416328638792,0.75,0.0357322921548508,2,unreviewed
2023-02-04,2023-02-03,2023-02-06,0.2843545204182477,18.714197183969805,615.7933513719634,615.540936530102,616.2887991480529,0.7478626179508865,0.75,0.0350539323243959,2,unreviewed
2023-01-14,2023-01-09,2023-01-20,0.2843247687251048,49.133119238502886,1015.2980130074268,1015.0614489684812,1015.8098055501468,0.7483565816655755,1.0,0.0379117110395197,1,unreviewed
2023-02-04,2023-02-03,2023-02-06,0.284103845251075,17.97097779515569,341.4320408348275,341.12187418853864,341.8703451328911,0.748470944352448,1.0,0.0424475481266992,2,unreviewed
2019-01-13,2019-01-07,2019-01-19,0.2840251311279169,3.5024689866899155,154.78784207201855,154.50315002026036,155.25162053853273,0.7484705182723701,0.75,0.0374703392056021,1,unreviewed
2022-07-31,2022-07-29,2022-08-02,0.2838403213443058,29.362628213030572,949.9907196127226,949.7099575125612,950.4583140942268,0.7483565816655755,1.25,0.0389720265497702,7,unreviewed
2019-02-02,2019-01-30,2019-02-06,0.2837685929436468,4.974101218640766,765.5997506082125,765.2070936937816,766.2056320188567,0.99853832507506,0.75,0.0400646376507388,2,unreviewed
2023-03-29,2023-03-22,2023-04-06,0.2835666930889222,13.372270826642971,1088.020085223093,1087.646738355048,1088.6447005332448,0.997962178196758,1.0,0.0422950707055279,3,unreviewed
2023-02-04,2023-02-03,2023-02-06,0.2835338227696637,15.878031443440369,427.3243701226655,426.94655573554337,427.9445169940591,0.9979612585157156,1.0,0.0420381335735245,2,unreviewed
2019-11-24,2019-11-22,2019-11-26,0.2833760202882138,39.91982020490468,1148.018560866606,1147.7740011350252,1148.5224726167507,0.7484714817255735,0.75,0.0427531758713003,11,unreviewed
2019-02-17,2019-02-15,2019-02-19,0.2829313665766499,3.221990258708148,1079.036314542187,1078.6669136965647,1079.6647035232745,0.9977898267097772,0.75,0.0361801216198352,2,unreviewed
2019-11-24,2019-11-22,2019-11-26,0.282776370858704,2.980912975781867,958.871715524661,958.4401181237772,959.4379079514184,0.9977898276410996,0.75,0.0388216905192118,11,unreviewed
2023-10-10,2023-10-03,2023-10-18,0.2827484279687082,2.2156552151329043,509.73335044840854,509.52787839854136,510.2763490243815,0.7484706258401275,0.75,0.0431636165074769,10,unreviewed
2022-08-06,2022-08-02,2022-08-10,0.2826589233991902,31.37942960016206,1033.897168072867,1033.519505421631,1034.5172949996777,0.9977895780466496,1.0,0.0412521354055465,8,unreviewed
2022-10-28,2022-10-25,2022-11-01,0.2826352842132339,12.382313705213411,318.7911698747747,318.418254208751,319.41621483443305,0.997960625682026,1.0,0.0411558769233461,10,unreviewed
2022-07-31,2022-07-29,2022-08-02,0.2821035584605222,36.875026255383176,1041.0174169793556,1040.7530683060177,1041.501424886752,0.7483565807342529,1.0,0.0391317125757996,7,unreviewed
2023-02-04,2023-02-03,2023-02-06,0.2820967598555902,18.485383690492537,722.7681002911843,722.5113392393105,723.2601948198862,0.7488555805757642,0.75,0.0493200364478331,2,unreviewed
2023-02-19,2023-02-17,2023-02-21,0.2820017665041087,3.516460934476085,1059.8027308477492,1059.4605577555485,1060.458347582724,0.9977898271754384,0.75,0.0386173996241325,2,unreviewed
2023-02-04,2023-02-03,2023-02-06,0.2818894335914244,24.737929059493755,752.206046032708,751.9739061910659,752.722761771176,0.7488555801101029,0.75,0.0395045859339508,2,unreviewed
2019-02-02,2019-01-30,2019-02-06,0.2818594324081922,2.5157947566789582,631.6342016512826,631.2396683250554,632.2367168352939,0.9970485102385284,0.75,0.0430721724364634,2,unreviewed
2022-07-31,2022-07-29,2022-08-02,0.2813237771865748,32.25841774972397,1084.0543368413937,1083.6555776172318,1084.6533674439415,0.9977898267097772,0.75,0.0384739599123011,7,unreviewed
2022-09-27,2022-09-26,2022-09-28,0.2810636213960106,24.474175798326264,531.9012175292853,531.4830384394154,532.4810000811704,0.997961641754955,0.75,0.0411376156200645,9,unreviewed
2022-09-19,2022-09-13,2022-09-26,0.2806769741301971,49.45926892384684,1017.0739418218692,1016.80748169031,1017.5558382719756,0.7483565816655755,0.75,0.0348564931357393,9,unreviewed
2020-02-07,2020-02-05,2020-02-10,0.2806660589387925,1.9631024804242825,569.4006704640478,569.1560965864919,569.9045677110553,0.7484711245633662,0.75,0.0363587083921765,2,unreviewed
2022-07-31,2022-07-29,2022-08-02,0.2805598385332948,30.59685470546441,1073.4290834248252,1073.179383284878,1073.9277398665436,0.7483565816655755,1.0,0.0384822838247701,7,unreviewed
2019-04-12,2019-04-09,2019-04-15,0.2804005391113094,2.4782511837187564,629.1217339681326,628.7478059302084,629.7448544404469,0.9970485102385284,0.75,0.0488757239195149,4,unreviewed
2022-01-27,2022-01-20,2022-02-03,0.2803867547838785,1.7069250006173031,556.2063673202792,555.933103156276,556.6815737816505,0.7484706253744662,0.75,0.0376377022656862,1,unreviewed
2021-11-20,2021-11-18,2021-11-22,0.280218847953814,1.529596353166773,29.808558137786605,29.632777349557728,30.34892540657893,0.7161480570212007,0.75,0.0353196023149923,11,unreviewed
2022-07-31,2022-07-29,2022-08-02,0.2800979076330506,33.872075194523106,1066.2018440845966,1065.9458209010772,1066.6941769826226,0.7483560815453529,1.0,0.0373341489932413,7,unreviewed
2023-10-29,2023-10-26,2023-11-01,0.2800220002733966,2.4937960364930776,75.70478894804727,75.365252842661,76.31472976785153,0.9494769251905382,0.75,0.0370964695059852,10,unreviewed
2023-02-04,2023-02-03,2023-02-06,0.2800132057477506,20.229999746066703,711.3807679571507,711.0259319539182,712.0244702794589,0.9985383255407214,0.75,0.044974831455192,2,unreviewed
2018-12-22,2018-12-18,2018-12-26,0.2797675203823627,2.844970960414266,1085.2996288139166,1084.9027438471094,1085.9005336738192,0.9977898267097772,1.0,0.0353059955621399,12,unreviewed
2025-04-11,2025-04-08,2025-04-15,0.2796913011600972,40.202492101725014,1153.9845166547652,1153.76177809434,1154.5102500738576,0.7484719795174897,0.75,0.0431970868888785,4,unreviewed
2024-08-24,2024-08-21,2024-08-27,0.2796386587512657,36.72244072139597,1047.979413929479,1047.7371971933171,1048.4855537754484,0.7483565821312368,0.75,0.0414528535985791,8,unreviewed
2020-08-09,2020-08-05,2020-08-14,0.2794854718364669,36.74152091306514,1229.8188054295988,1229.5970174879767,1230.3453740663826,0.7483565784059465,0.75,0.0390370192419464,8,unreviewed
2020-04-12,2020-04-08,2020-04-16,0.2792594961881298,4.74921626593265,127.64441270868322,127.30871680146085,128.30667765811086,0.9979608566500248,0.75,0.0357703576036091,4,unreviewed
2022-06-23,2022-06-15,2022-07-01,0.2792307424553438,14.630054672699815,1010.700657699182,1010.3222182942554,1011.3200081214308,0.9977898271754384,1.0,0.0389034016724746,6,unreviewed
2024-03-08,2024-03-08,2024-03-09,0.2792243180855456,2.696147681784879,623.9939720908942,623.764082135167,624.5119445044547,0.7478623692877591,0.75,0.0380760850752067,3,unreviewed
2019-11-29,2019-11-26,2019-12-02,0.2789217489798091,7.620295675029836,281.74555853484526,281.4936890248209,282.2421593829058,0.7484703580848873,1.0,0.0374815480470912,11,unreviewed
2023-01-14,2023-01-09,2023-01-20,0.2787617634600783,3.653874686080875,1021.1848941186424,1020.7984126266092,1021.796202453319,0.9977898267097772,0.75,0.0417446217872693,1,unreviewed
2025-03-03,2025-02-28,2025-03-07,0.278675627006765,2.4489541896760527,304.9401323488889,304.6962856496684,305.4447565958835,0.7484709462150931,0.75,0.035148621940557,3,unreviewed
2022-07-31,2022-07-29,2022-08-02,0.2785641673093932,16.367858311972583,645.3167260289993,644.9449100056663,645.9419585168362,0.9970485111698508,1.0,0.0407689841485265,7,unreviewed
2020-04-12,2020-04-08,2020-04-16,0.2781697234782906,16.372428198767125,1276.0351812670424,1275.7421718747355,1276.739961699117,0.9977898243814708,1.0,0.0388258989465967,4,unreviewed
2022-07-31,2022-07-29,2022-08-02,0.2775806150050518,25.614268609757353,907.8047950140816,907.5557539346628,908.304110515397,0.7483565807342529,1.0,0.0391042983147249,7,unreviewed
2022-07-31,2022-07-29,2022-08-02,0.2774447676514558,38.622444325095,1242.5822898164122,1242.3181139989756,1243.0664705792442,0.7483565802685916,1.0,0.0368193527416095,7,unreviewed
2019-12-26,2019-12-22,2019-12-30,0.2773934974381152,21.375411001610615,1068.5641223140915,1068.1907193651425,1069.1885091927834,0.9977898276410996,1.0,0.0389437906787555,12,unreviewed
2022-07-15,2022-07-12,2022-07-18,0.2773723531530513,2.7455789012347123,37.731026558152294,37.332632769364864,38.51543926354498,1.182806494180113,0.75,0.0481940367546876,7,unreviewed
2022-07-31,2022-07-29,2022-08-02,0.2773046165938203,31.538057514020647,1236.5367386176763,1236.3317151116207,1237.080071691889,0.7483565802685916,0.75,0.0329495885127054,7,unreviewed
2023-02-19,2023-02-17,2023-02-21,0.2772007663441704,4.239396700520692,1016.9210643446976,1016.5580484452656,1017.5558382719756,0.9977898267097772,0.75,0.0412657718999352,2,unreviewed
2022-10-28,2022-10-25,2022-11-01,0.2765087432091164,16.367386563421036,645.3158912292861,644.9449100056663,645.9419585168362,0.9970485111698508,1.0,0.0413327461219667,10,unreviewed
2018-02-15,2018-02-01,2018-03-01,0.2765028801920191,3.035082994066438,629.9692712302964,629.7445504907519,630.4924133569002,0.7478628661483526,0.75,0.0391465907793283,2,unreviewed
2022-09-27,2022-09-26,2022-09-28,0.2763566789997192,18.12236093983313,167.85359803009197,167.47664140583947,168.47460201196373,0.997960606124252,1.0,0.0409436227319254,9,unreviewed
2021-02-01,2021-01-26,2021-02-08,0.276310897568342,11.873253728546889,406.10973082738445,405.73987228702754,406.7378337937407,0.9979615067131816,1.0,0.0393271888230611,2,unreviewed
2021-11-20,2021-11-18,2021-11-22,0.2759366000619464,36.48743328731926,1044.5258659709464,1044.2451327499002,1044.9934893315658,0.7483565816655755,0.75,0.0395056082992607,11,unreviewed
2021-12-10,2021-12-08,2021-12-13,0.2756585433574785,8.406427768341175,888.0922481297232,887.8505344986916,888.5988910789602,0.7483565802685916,1.0,0.0386110349353665,12,unreviewed
2024-12-28,2024-12-27,2024-12-30,0.2754967490346007,3.1246579941801564,957.2003857946514,956.4446531557478,958.190741721075,1.7460885653272271,0.5,0.0409955328658264,12,unreviewed
2019-01-26,2019-01-23,2019-01-30,0.2752483816507534,2.267249361258562,540.9477507944055,540.7141848402098,541.462655714713,0.7484708745032549,0.75,0.0392789517688919,1,unreviewed
2020-01-04,2019-12-30,2020-01-10,0.27502115855197,2.5684184701900423,609.3639876953407,609.0620951480232,609.8099580151029,0.7478628670796752,0.75,0.03934763612926,1,unreviewed
2019-09-27,2019-09-24,2019-09-30,0.2747779057149524,2.2322377237919007,568.9027284157246,568.6571158021688,569.4055866757408,0.7484708735719323,0.75,0.0373881670585268,9,unreviewed
2021-10-30,2021-10-27,2021-11-03,0.2742010222560866,35.735520336619295,1104.6339104906767,1104.3626169972122,1105.1110884789375,0.7484714817255735,0.75,0.0521185514342083,10,unreviewed
2020-10-30,2020-10-20,2020-11-09,0.2741905436723382,36.722316689092274,1104.6059814011498,1104.3626169972122,1105.1110884789375,0.7484714817255735,0.75,0.0445911284601394,10,unreviewed
2021-11-20,2021-11-18,2021-11-22,0.2739588297519484,1.0,39.314745512397614,39.19926464278251,39.68208359880373,0.4828189560212195,0.25,0.0170803691121236,11,unreviewed
2024-09-14,2024-09-11,2024-09-17,0.2737365964549499,2.237935822994178,589.2517263542632,588.8658424704336,589.8638041107915,0.9979616403579712,0.75,0.0405245347440726,9,unreviewed
2020-04-12,2020-04-08,2020-04-16,0.2735708102906441,5.876197567348878,988.9949849883692,988.6215308932588,989.619320220314,0.9977893270552158,1.0,0.0390919853187011,4,unreviewed
2022-09-27,2022-09-26,2022-09-28,0.2730725785824141,27.61901505701914,785.7996525583311,785.4313980676234,786.4299363922328,0.9985383246093988,1.0,0.0415999626724501,9,unreviewed
2023-01-21,2023-01-20,2023-01-23,0.2729334254851355,3.9412728583638414,1114.8240876242048,1114.342244847212,1115.5896984688006,1.2474536215886474,0.75,0.0399711897437178,1,unreviewed
2022-10-28,2022-10-25,2022-11-01,0.2728157285355323,40.14107071534279,1057.001955404355,1056.7167930495923,1057.714582126122,0.9977890765294432,1.0,0.0453237889004746,10,unreviewed
2023-10-01,2023-09-29,2023-10-03,0.2725663008188058,2.4772040977818177,299.8310215639358,299.45698865596205,300.4549500280991,0.9979613721370696,0.75,0.0361337917416805,10,unreviewed
2023-12-24,2023-12-21,2023-12-28,0.2725428487504164,25.62447529498136,623.3927072794189,623.0165229695849,624.0135722244158,0.9970492548309268,1.0,0.0400388257149317,12,unreviewed
2021-12-28,2021-12-21,2022-01-04,0.272527193247316,4.619469282252016,208.6442307033428,208.39303858811036,209.14150919532403,0.748470607213676,1.0,0.0373894496622793,12,unreviewed
2023-02-04,2023-02-03,2023-02-06,0.2720533491953102,24.24590686077835,774.0890227164774,773.6963080358692,774.6948463618755,0.9985383260063828,0.75,0.0379552786724915,2,unreviewed
2024-05-05,2024-05-01,2024-05-10,0.2720126199382403,3.2484473516640424,409.3506044592198,408.9832474347204,409.9812089414336,0.9979615067131816,0.75,0.0388932449378318,5,unreviewed
2022-08-06,2022-08-02,2022-08-10,0.2719320346394128,32.37437138816989,1187.5691264280615,1187.193361779675,1188.1911516049877,0.9977898253127933,1.0,0.0404342022629779,8,unreviewed
2025-02-24,2025-02-20,2025-02-28,0.2719027195539261,41.748465534307414,1161.9419762600462,1161.7454811222851,1162.493952603545,0.7484714812599123,0.75,0.0437168760009149,2,unreviewed
2019-01-13,2019-01-07,2019-01-19,0.2718236935681565,3.1437429957494936,971.6490958452496,970.6623431788756,974.154464466963,3.492121288087219,0.5,0.0380424102207431,1,unreviewed
2022-07-31,2022-07-29,2022-08-02,0.2717690552386111,35.50795977087996,1150.1442563114515,1149.7699267053977,1150.767888882663,0.9979621772654356,0.75,0.0401433114496082,7,unreviewed
2022-07-31,2022-07-29,2022-08-02,0.2716156812062453,39.98965659892352,1186.0831823323867,1185.6965899551287,1186.6945521323942,0.9979621772654356,0.75,0.0432271146874546,7,unreviewed
2019-09-27,2019-09-24,2019-09-30,0.2715911688049766,27.75,566.9106829273514,566.9106829273514,567.1601730166003,0.2494900892488658,0.25,0.0152321315282664,9,unreviewed
2024-11-15,2024-11-12,2024-11-19,0.2715130784070417,3.498723147797609,849.1012569470232,848.7374897212721,849.7343450509943,0.996855329722166,0.75,0.0368275316640891,11,unreviewed
2023-12-24,2023-12-21,2023-12-28,0.271388083872328,6.377548617769734,563.044643012196,562.6693451306783,563.6673067710362,0.9979616403579712,1.0,0.0387100407919817,12,unreviewed
2022-12-09,2022-12-06,2022-12-12,0.2711201938889971,47.8818450815073,1021.8193433397088,1021.54671236407,1022.2950689462014,0.7483565821312368,1.0,0.0403717710606146,12,unreviewed
2024-11-15,2024-11-12,2024-11-19,0.2710430390788968,3.727977136161299,856.0908134131487,855.712897636462,856.7097529666498,0.9968553301878272,0.75,0.0371682618568956,11,unreviewed
2023-02-04,2023-02-03,2023-02-06,0.2709824129872094,32.62777126902945,617.9023188724298,617.7836127844639,618.2822890141979,0.4986762297339737,0.5,0.0267265940022116,2,unreviewed
2019-02-23,2019-02-19,2019-02-27,0.2704151348967798,13.750815249043647,1212.5097718370016,1212.136688313447,1213.1344781387595,0.9977898253127933,0.75,0.0380318482576684,2,unreviewed
2022-07-31,2022-07-29,2022-08-02,0.2702708672526716,41.74565254967955,1201.7641183210042,1201.411057763733,1202.40884758858,0.997789824847132,0.75,0.0373632622395765,7,unreviewed
2023-02-04,2023-02-03,2023-02-06,0.2702653160981858,30.87471910877313,545.7027187586343,545.454503422603,546.202974546235,0.7484711236320436,0.5,0.0270449752893428,2,unreviewed
2024-03-23,2024-03-22,2024-03-25,0.2702643805103512,2.4778738182737956,552.3092521036638,551.9412558753975,552.9392167693004,0.9979608939029276,0.75,0.0381315381696181,3,unreviewed
2021-04-27,2021-04-21,2021-05-04,0.2702089937105379,39.577262486784946,1239.9068219063436,1239.8237810465507,1240.3227046304382,0.4989235838875174,0.5,0.0263156551953021,4,unreviewed
2023-02-04,2023-02-03,2023-02-06,0.2700879286447298,16.644998058998592,725.9229945647663,725.507533183787,726.5060715093277,0.9985383255407214,0.5,0.0293561584740034,2,unreviewed
2022-10-01,2022-09-28,2022-10-05,0.2697859832642164,32.47975746971724,1062.9505673466276,1062.7031889534555,1063.4515455341898,0.7483565807342529,0.75,0.0446353987369061,10,unreviewed
2023-09-09,2023-09-05,2023-09-14,0.2697843615786363,2.2353060037379446,568.0231041640948,567.6591544793919,568.6571156224236,0.9979611430317163,0.75,0.0418531746770333,9,unreviewed
2023-01-14,2023-01-09,2023-01-20,0.2693743869894781,3.3104779824205752,688.5650811524002,688.0551173822023,689.303338452708,1.2482210705056789,0.5,0.0367607247381992,1,unreviewed
2022-08-06,2022-08-02,2022-08-10,0.2689319786887176,4.728313746345414,44.348832314925794,44.099172722548246,44.81532054627314,0.7161478237248957,0.75,0.0467571116057896,8,unreviewed
2018-12-29,2018-12-26,2019-01-02,0.268695524456632,1.7116453086934165,503.5245244378324,503.29061696119606,504.0390880848281,0.7484711236320436,0.75,0.0372183874986192,12,unreviewed
2023-10-22,2023-10-18,2023-10-26,0.268654982317129,3.248385170171791,1066.822296194865,1066.4446868933735,1067.4424764700234,0.9977895766496658,0.75,0.037463844397615,10,unreviewed
2023-12-17,2023-12-13,2023-12-21,0.2686103859636758,3.3957507749822935,608.5966976085434,608.3145364788361,609.0623988485895,0.7478623697534204,0.75,0.0347637069779007,12,unreviewed
2020-08-09,2020-08-05,2020-08-14,0.2684850795663505,31.75350995611379,1220.5967315824955,1220.118553164415,1221.116342989728,0.9977898253127933,0.75,0.0400400562709957,8,unreviewed
2023-02-02,2023-02-02,2023-02-03,0.2684406703304642,11.712236998728343,398.7491159407468,398.50465070735663,399.25312165217474,0.7484709448181093,0.75,0.0350208076883537,2,unreviewed
2020-02-03,2020-02-02,2020-02-05,0.2684092969517411,41.10200150999483,1172.4536221092703,1172.2240913598798,1172.9725628416054,0.7484714817255735,1.0,0.0475017950621697,2,unreviewed
2023-02-25,2023-02-21,2023-03-02,0.2682257969910986,3.563110643142566,1170.4019783856968,1169.7291843984276,1171.4756186651066,1.746434266678989,0.5,0.0333231979738798,2,unreviewed
2023-12-24,2023-12-21,2023-12-28,0.2681604305877154,34.14945540427638,578.6278016908257,578.3872437337413,579.1357148564421,0.748471122700721,1.0,0.0406631563270251,12,unreviewed
2022-08-06,2022-08-02,2022-08-10,0.2680887645595787,2.2388915954564097,568.158452018594,567.9086449965835,568.6571156224236,0.7484706258401275,0.75,0.0395390972691225,8,unreviewed
2024-11-15,2024-11-12,2024-11-19,0.2679881576810891,1.3807256083567976,29.45637947455546,29.399448483251035,29.882267438806593,0.4828189555555582,1.0,0.0565362365507865,11,unreviewed
2024-02-03,2024-01-30,2024-02-08,0.2678465096829181,2.3044123807751804,997.7955607538636,997.601125748828,998.349482330028,0.7483565811999142,0.5,0.0318277117400281,2,unreviewed
2022-07-31,2022-07-29,2022-08-02,0.2676172906634207,31.86917078339114,1147.0144525828691,1146.776038349606,1147.524509832263,0.7484714826568961,1.0,0.0384112052707307,7,unreviewed
2025-03-14,2025-03-10,2025-03-18,0.2671415754357454,6.002795586552513,962.5695426011044,962.1816158145666,963.179405641742,0.9977898271754384,0.75,0.0363860780409467,3,unreviewed
2021-11-06,2021-11-04,2021-11-08,0.2671220528362617,4.889706301276208,1004.0922763036282,1003.836955898907,1004.5853119804524,0.7483560815453529,1.0,0.0387998639492674,11,unreviewed
2023-02-04,2023-02-03,2023-02-06,0.2670725290535458,18.96286981882316,618.7869865474296,618.5311712054536,619.2790335742757,0.7478623688220978,0.75,0.0343579134567692,2,unreviewed
2023-02-04,2023-02-03,2023-02-06,0.2670299286208066,2.736073391383886,625.7079594651561,625.5083851153031,626.2562474845909,0.7478623692877591,0.75,0.0382062042964725,2,unreviewed
2022-09-27,2022-09-26,2022-09-28,0.2669681798237174,41.98936742985934,1189.5902151596267,1189.1888277428225,1190.1866175681353,0.9977898253127933,0.75,0.0407340601495388,9,unreviewed
2023-03-19,2023-03-17,2023-03-22,0.2669476592638767,38.98829567428336,1172.0345918075816,1171.7251099683344,1172.4735814491287,0.748471480794251,0.75,0.0523524165694353,3,unreviewed
2022-07-31,2022-07-29,2022-08-02,0.2669202153540593,29.873586618099697,1110.3535492942058,1110.1009030109271,1110.8493744926527,0.7484714817255735,1.0,0.0379834216012053,7,unreviewed
2023-02-04,2023-02-03,2023-02-06,0.2668545994605869,32.319838374158564,283.2056180425377,282.99063032958657,283.7391011849977,0.7484708554111421,0.75,0.0282123194356224,2,unreviewed
2023-02-02,2023-02-02,2023-02-03,0.2661862778840115,3.702854533546876,600.331212226985,600.0913918684237,600.8392542372458,0.7478623688220978,0.75,0.0350272281425002,2,unreviewed
2022-01-04,2022-01-04,2022-01-04,0.2661212857157622,3.730793213774857,237.57264772814875,237.33391035255045,238.08238096022976,0.7484706076793373,0.75,0.0525051096167447,1,unreviewed
2025-02-24,2025-02-20,2025-02-28,0.2658389876797771,3.2695865106471738,713.8940314410678,713.522759407293,714.5212977328338,0.9985383255407214,0.75,0.0360292390885475,2,unreviewed
2024-01-28,2024-01-26,2024-01-30,0.2653304021328433,10.277275154955507,519.7890020017982,519.5074965995736,520.2559677232057,0.7484711236320436,0.75,0.0354334491982158,1,unreviewed
2023-12-24,2023-12-21,2023-12-28,0.2652918559140543,3.3186416220645163,434.0631374744509,433.4333057831973,434.93024823628366,1.4969424530863762,0.75,0.0380650063529389,12,unreviewed
2021-02-22,2021-02-08,2021-03-08,0.2651697928878893,5.120191276354921,965.9290792083696,965.6736802589148,966.4220365900546,0.7483563311398029,1.0,0.0377971466417332,2,unreviewed
2018-11-30,2018-11-27,2018-12-04,0.2650403075315691,2.415638461002628,1028.178975697688,1027.0342427757569,1029.2791978330351,2.2449550572782755,0.5,0.0364842585699298,11,unreviewed
2023-05-06,2023-05-02,2023-05-10,0.2649675811705531,2.362588232607824,609.4727835105011,608.8129087593406,610.3083305433393,1.4954217839986086,0.5,0.0358649951720818,5,unreviewed
2022-01-17,2022-01-14,2022-01-20,0.2649574768219385,2.957631078648131,117.5839790225242,117.32910823542623,118.07757900143042,0.748470766004175,0.75,0.0335872135915201,1,unreviewed
2025-11-07,2025-11-05,2025-11-10,0.2646478596211806,3.487346041263063,837.4019797639588,837.0287686111405,838.0256239422597,0.99685533111915,0.75,0.0370276847679321,11,unreviewed
2019-05-17,2019-05-13,2019-05-22,0.2646436182896634,1.950749619604464,575.1453955267197,574.8943774881773,575.6428481135517,0.7484706253744662,0.75,0.0338638879505435,5,unreviewed
2019-11-24,2019-11-22,2019-11-26,0.2645320962197692,3.49873460446236,311.5550344579199,311.1830340391025,312.1809951630421,0.9979611239396036,0.75,0.0377453406032093,11,unreviewed
2024-11-15,2024-11-12,2024-11-19,0.2643932549851022,3.7486286069765584,320.02789694597897,319.6657053520903,320.66366672609,0.9979613739997149,0.75,0.0388955908015066,11,unreviewed
2024-08-17,2024-08-14,2024-08-21,0.264376227286511,32.72686364692657,241.36679353760297,241.07626435998827,241.82473471714184,0.7484703571535647,0.75,0.0419717207229905,8,unreviewed
2024-05-26,2024-05-24,2024-05-29,0.2641750135295317,18.49748892617743,270.99369543474273,270.5161171397194,271.51407763082534,0.997960491105914,0.75,0.0372734836945952,5,unreviewed
2023-02-04,2023-02-03,2023-02-06,0.2641700237277468,4.20766244372673,471.6082431794753,471.35584566695616,472.1043167025782,0.7484710356220603,0.75,0.0567417914611581,2,unreviewed
2022-07-31,2022-07-29,2022-08-02,0.264166468493975,30.124063053827093,979.4198495605308,979.1430705450476,979.8914271257818,0.7483565807342529,1.0,0.0388226087891447,7,unreviewed
2025-01-04,2024-12-30,2025-01-10,0.2641530584016779,3.995477896912152,1080.5506607748007,1080.1635131733492,1081.1613027504643,0.9977895771153272,0.75,0.0379171686114288,1,unreviewed
2019-01-26,2019-01-23,2019-01-30,0.2639220929515558,2.2383027633511867,485.3301151924263,485.0778176775202,485.8262882139534,0.7484705364331603,0.75,0.0400290593379527,1,unreviewed
2021-10-30,2021-10-27,2021-11-03,0.2638192406622628,39.97379658536528,1156.006514303223,1155.7577044111677,1156.5061758928932,0.7484714817255735,0.75,0.0400328327953694,10,unreviewed
2021-11-16,2021-11-15,2021-11-18,0.2637649765678512,2.6940312589784727,57.884090032563506,57.63225239422172,58.348400452174246,0.7161480579525232,0.75,0.0384942510754345,11,unreviewed
2020-01-24,2020-01-21,2020-01-27,0.2637196317441303,9.73709124442012,268.13988341025134,267.77172392001376,268.7696851589717,0.9979612389579416,0.75,0.0366637375883597,1,unreviewed
2023-02-04,2023-02-03,2023-02-06,0.2636393583079144,10.47979648442777,784.6882679994665,784.4326670859009,785.181522666011,0.7488555801101029,0.75,0.0376992189158086,2,unreviewed
2023-01-14,2023-01-09,2023-01-20,0.2635378158415901,4.000548373423131,834.6743293554978,834.2884303941391,835.285284975078,0.996854580938816,0.75,0.0383072177067871,1,unreviewed
2022-10-28,2022-10-25,2022-11-01,0.2634764412796349,31.995398875395075,1207.7892781667706,1207.3974566520192,1208.3952464768663,0.997789824847132,0.75,0.0463648579190538,10,unreviewed
2023-02-02,2023-02-02,2023-02-03,0.2634577295229413,26.89198482743241,558.1796824796655,557.9290262982249,558.677497421857,0.7484711236320436,1.0,0.0384949946138417,2,unreviewed
2018-12-22,2018-12-18,2018-12-26,0.2634342150820296,13.885612724520204,1163.736485237646,1163.4919159957208,1164.240387476981,0.7484714812599123,1.0,0.0375219853833685,12,unreviewed
2023-12-10,2023-12-08,2023-12-13,0.2633127134085654,3.875410506502963,1029.279453844126,1029.0297077437865,1029.778064325452,0.7483565816655755,1.0,0.0374882510458324,12,unreviewed
2023-11-12,2023-11-09,2023-11-16,0.2632606323524346,2.9880169039885764,207.77907355708973,207.3950773035176,208.39303829334676,0.9979609898291528,0.75,0.038138624090639,11,unreviewed
2021-12-28,2021-12-21,2022-01-04,0.2632591977844215,34.860537188124596,1271.2512907509022,1271.002939213533,1271.7512957938015,0.7483565802685916,1.0,0.037067255881965,12,unreviewed
2022-08-06,2022-08-02,2022-08-10,0.2631114372790638,30.74970948611401,823.9569924148836,823.5761962728575,824.573051603511,0.9968553306534886,0.75,0.0380174310479521,8,unreviewed
2023-02-02,2023-02-02,2023-02-03,0.2629825756479668,7.2280218346753005,329.2615479208125,328.8968481984921,329.894809323363,0.997961124870926,0.75,0.0370073527101863,2,unreviewed
2023-02-04,2023-02-03,2023-02-06,0.2629590612070551,12.213197566191583,320.1787793502449,319.9151957803406,320.66366672609,0.7484709457494318,0.75,0.0378341562659533,2,unreviewed
2019-11-29,2019-11-26,2019-12-02,0.2628395554543049,11.620599281732344,913.0425724606432,912.7938501001336,913.5422066817991,0.7483565816655755,1.0,0.03789714140443,11,unreviewed
2022-12-09,2022-12-06,2022-12-12,0.2626825014431227,13.887133474691977,900.8203308844742,900.5716255442239,901.3199816267006,0.7483560824766755,1.0,0.0374829273108366,12,unreviewed
2021-11-20,2021-11-18,2021-11-22,0.2625484005201515,41.46649449084896,1040.0172620961273,1039.7553353225812,1040.5036919033157,0.7483565807342529,0.75,0.0365434144856092,11,unreviewed
2019-11-20,2019-11-18,2019-11-22,0.2624025735629855,2.2117988092289504,541.710368745573,541.4626561431214,542.2111272667535,0.7484711236320436,0.75,0.0370531918529922,11,unreviewed
2023-02-04,2023-02-03,2023-02-06,0.2622075970582375,19.134674299744805,570.4056723872079,570.1540586557239,570.902529779356,0.7484711236320436,1.0,0.0419009544550821,2,unreviewed
2019-02-10,2019-02-06,2019-02-15,0.2621010647901282,13.251283379039682,936.1228532393816,935.7417007354088,936.73949056305,0.9977898276410996,0.75,0.0373831667627381,2,unreviewed
2025-04-25,2025-04-21,2025-04-29,0.2618787691206075,2.7500000000000004,912.7330822093204,912.2949836077167,913.2927734362892,0.9977898285724224,0.25,0.028681754267875,4,unreviewed
2024-02-25,2024-02-23,2024-02-27,0.261725644578331,3.2619445260665145,689.1651287782219,688.8041656184942,689.8027039431036,0.9985383246093988,0.75,0.0407716646044846,2,unreviewed
2022-08-06,2022-08-02,2022-08-10,0.2616818590676679,30.634490808770508,930.2715892190752,930.00473807659,930.7530946582556,0.7483565816655755,1.0,0.0383059574091868,8,unreviewed
2022-08-06,2022-08-02,2022-08-10,0.2616786156965076,31.631368470103673,241.5757831273064,241.32575449347496,242.0742251011543,0.7484706076793373,1.0,0.0434127018739,8,unreviewed
2022-07-31,2022-07-29,2022-08-02,0.2616729397969772,29.388211315741053,1098.1354433564154,1097.8758578980342,1098.624329380691,0.7484714826568961,1.0,0.0388192331247758,7,unreviewed
2024-02-19,2024-02-16,2024-02-23,0.2615334124645648,2.74486213856283,569.6504198681034,569.4055871050805,570.1540582282469,0.7484711231663823,0.75,0.0421663158772394,2,unreviewed
2025-05-09,2025-05-05,2025-05-14,0.261434364899133,2.000683705280616,513.6352323497567,513.2702354104258,514.2681963057257,0.9979608952999116,0.75,0.0407178249884169,5,unreviewed
2022-07-31,2022-07-29,2022-08-02,0.2613974403659241,34.86121578216841,1120.0824640096102,1119.831041160971,1120.5795126431622,0.7484714821912348,1.0,0.0391913369206756,7,unreviewed
2022-08-06,2022-08-02,2022-08-10,0.2611967255891234,26.89613328496935,868.9169335298615,868.6672274810262,869.4149610642344,0.7477335832081735,1.0,0.0391342480417682,8,unreviewed
2023-02-04,2023-02-03,2023-02-06,0.2611595515658254,16.994055481929827,693.4082657142166,693.048772288952,694.0473106140271,0.99853832507506,0.75,0.0505923830879821,2,unreviewed
2021-12-04,2021-12-03,2021-12-06,0.2611377211830161,41.48224419315922,1024.996787711348,1024.7893435629085,1025.537700143177,0.7483565802685916,0.75,0.0393493165260604,12,unreviewed
2023-02-04,2023-02-03,2023-02-06,0.2610452227324271,17.965608050634845,394.0261500113398,393.7643345682882,394.5128055131063,0.7484709448181093,0.75,0.047200732643389,2,unreviewed
2021-06-22,2021-06-01,2021-07-14,0.2607307404749289,43.97293956918037,1074.666551871726,1074.4265495152213,1075.1749060959555,0.7483565807342529,0.75,0.0437123961820113,6,unreviewed
2023-02-04,2023-02-03,2023-02-06,0.2606983067633265,2.6012914689051696,455.8366612329449,455.63795087346807,456.38642190769315,0.7484710342250764,0.5,0.0267001835179867,2,unreviewed
2023-03-19,2023-03-17,2023-03-22,0.2603846353486184,2.240906225140245,564.2872880475894,563.9167977166362,564.9147586100735,0.9979608934372663,0.75,0.0427772479272344,3,unreviewed
2023-02-04,2023-02-03,2023-02-06,0.2603377935843619,3.1489753751750755,459.6776800487015,459.3803069666028,460.1287780003622,0.7484710337594151,0.5,0.0251187925742553,2,unreviewed
2023-02-04,2023-02-03,2023-02-06,0.2602903280948823,18.265314724559847,423.9342065806111,423.7031803387217,424.4516513729468,0.7484710342250764,0.75,0.0416639478700845,2,unreviewed
2022-10-28,2022-10-25,2022-11-01,0.2599959921620909,41.99474629345573,1189.8355738760372,1189.438260987867,1190.4360508127138,0.997789824847132,0.75,0.0442836901995167,10,unreviewed
2025-02-15,2025-02-10,2025-02-20,0.2599606893144623,6.99962534837922,1017.4221052210912,1017.0569149367512,1018.0547047643922,0.9977898276410996,0.75,0.0369583721176099,2,unreviewed
2021-12-14,2021-12-13,2021-12-16,0.2599548262973649,21.372770574632337,1000.8395002568476,1000.5943237012252,1001.3426802828908,0.7483565816655755,1.0,0.0386901102449758,12,unreviewed
2023-02-02,2023-02-02,2023-02-03,0.2598452377756623,18.245577134632786,476.9856979423424,476.59514409909025,477.5931051080115,0.9979610089212656,0.75,0.0371148943877165,2,unreviewed
2021-11-20,2021-11-18,2021-11-22,0.2598444269328722,33.47118566502993,1047.225477404137,1046.9888982060363,1047.7372542871162,0.7483560810796916,0.75,0.0380432615722194,11,unreviewed
2022-08-06,2022-08-02,2022-08-10,0.2597796218821899,6.761471694027013,882.9958915448785,882.6180443139747,883.6148996432312,0.9968553292565048,0.75,0.037425611652715,8,unreviewed
2025-02-24,2025-02-20,2025-02-28,0.2596791397487449,3.4950136404315946,420.82999678127,420.45980519102886,421.4577666977421,0.9979615067131816,0.75,0.0385424397996073,2,unreviewed
2023-08-11,2023-08-07,2023-08-15,0.2596081598183536,19.618884873937468,901.8187912749128,901.8187912749128,902.0682813641616,0.2494900892488658,0.5,0.0464793405276155,8,unreviewed
2023-10-01,2023-09-29,2023-10-03,0.2595804040459247,1.9648068432339567,568.6758112584632,568.4076255331747,569.1560961590149,0.7484706258401275,0.75,0.0378912488625526,10,unreviewed
2017-11-11,2017-10-02,2017-12-21,0.2595742291662157,2.3254239397781085,1003.2141252775798,1002.3403564225882,1004.086445988156,1.7460895655676725,0.5,0.0348400906784757,11,unreviewed
2022-10-28,2022-10-25,2022-11-01,0.2591326940807675,28.13026774919445,1178.9722565230536,1178.7108494630083,1179.4593209456652,0.7484714826568961,1.0,0.0453104646922169,10,unreviewed
2023-04-28,2023-04-25,2023-05-02,0.2587877116598586,15.113437397717943,654.419726898343,654.1647991780192,654.9126615477726,0.7478623697534204,1.0,0.0377155209953872,4,unreviewed
2022-12-27,2022-12-20,2023-01-04,0.2586258549644585,2.9952657331981825,428.3361075219392,427.944517377764,428.9424788844772,0.9979615067131816,0.75,0.0378510345877975,12,unreviewed
2025-10-31,2025-10-27,2025-11-05,0.2585535028385763,45.76122714315041,1023.5760789109692,1023.2927445876412,1024.0411006677896,0.7483560801483691,0.75,0.0404963620738225,10,unreviewed
2020-02-10,2020-02-10,2020-02-10,0.2584565135663808,3.4597984292511432,237.82117840139665,237.5834004869685,238.3318713423796,0.7484708554111421,0.75,0.0418181131234402,2,unreviewed
2023-02-04,2023-02-03,2023-02-06,0.2581818249781178,25.966810867981273,559.4355747231825,559.1764788846485,559.9249500078149,0.7484711231663823,0.75,0.0348610510261756,2,unreviewed
2022-10-28,2022-10-25,2022-11-01,0.2581489546588593,36.87703961873237,1037.264438158786,1037.0115706161596,1037.7599271973595,0.7483565811999142,1.0,0.0400063219334596,10,unreviewed
2023-02-25,2023-02-21,2023-03-02,0.2577428471660845,3.2225768661336,383.2776805381259,383.0362503984943,383.7847210955806,0.7484706970863044,0.75,0.0321805913504088,2,unreviewed
2019-03-19,2019-03-15,2019-03-23,0.257644672815965,2.4875009683494964,929.6316845026764,929.2564390888438,930.2542281658388,0.9977890769951046,0.75,0.0376739311745786,3,unreviewed
2023-01-05,2023-01-04,2023-01-06,0.2575377039401995,4.2359479538147635,1241.6853110630689,1241.3203810169362,1242.3181708427146,0.9977898257784544,0.75,0.0378691546187817,1,unreviewed
2023-02-02,2023-02-02,2023-02-03,0.2573893820821411,29.143148541661063,594.1111159907927,593.8556518200785,594.6041229432449,0.7484711231663823,1.0,0.0380140367951231,2,unreviewed
2023-02-04,2023-02-03,2023-02-06,0.257341417612483,2.594816545714633,437.4687457187792,437.1756618758663,437.9241329114884,0.7484710356220603,0.5,0.0312739838173935,2,unreviewed
2023-03-29,2023-03-22,2023-04-06,0.2573412304949161,3.4926814918047686,446.79702456060926,446.4068063739687,447.4047678816132,0.9979615076445044,0.75,0.0374499625355519,3,unreviewed
2023-02-02,2023-02-02,2023-02-03,0.2571402038555038,16.49922386124271,294.84127343683815,294.46718298178166,295.46514422027394,0.9979612384922802,0.75,0.0364595173294291,2,unreviewed
2024-02-25,2024-02-23,2024-02-27,0.2570734652566298,2.988366663577238,694.1535387538576,693.7978205247782,694.7963588498533,0.99853832507506,0.75,0.0366932783692791,2,unreviewed
2022-07-31,2022-07-29,2022-08-02,0.2570583087337079,36.39254256929604,954.7092568759506,954.4491876875982,955.197543768678,0.7483560810796916,1.0,0.0374350322843347,7,unreviewed
2024-06-16,2024-06-11,2024-06-21,0.2569459134485012,24.734434233750054,981.2577508784992,980.8891022666356,981.8868920933456,0.9977898267097772,0.75,0.0380141780674205,6,unreviewed
2024-04-06,2024-04-04,2024-04-09,0.2568326449479822,2.856893169789794,69.6445567256986,69.29869995964691,70.24817735282704,0.949477393180132,0.5,0.0344525435898578,4,unreviewed
2023-02-02,2023-02-02,2023-02-03,0.2563564307401285,3.97873310923421,579.6107196948409,579.3852053037845,580.1336759296246,0.7484706258401275,0.75,0.0332237794534487,2,unreviewed
2022-10-09,2022-10-05,2022-10-13,0.2562144085068236,35.76347683156642,1104.1384144033225,1103.8636356047357,1104.612107086461,0.7484714817255735,0.75,0.0408247904236814,10,unreviewed
2021-04-27,2021-04-21,2021-05-04,0.2561526597097345,28.47299047023986,563.3841204303349,563.1683261645958,563.9167972886935,0.7484711240977049,0.75,0.0447383676532317,4,unreviewed
2021-11-10,2021-11-08,2021-11-12,0.2560133818674113,3.727536650468525,238.0616156642317,237.83289087098092,238.5813617263921,0.7484708554111421,0.75,0.0484271657868914,11,unreviewed
2025-04-04,2025-04-01,2025-04-08,0.2558136026784453,2.9936587853414314,89.01987742559112,88.66500317957252,89.614480572287,0.9494773927144706,0.75,0.0360108365129685,4,unreviewed
2019-11-24,2019-11-22,2019-11-26,0.2555752772706903,4.003596284815215,751.5962638736991,751.224857954774,752.2233962803148,0.9985383255407214,0.75,0.0372918044809494,11,unreviewed
2025-07-06,2025-07-01,2025-07-11,0.2555128423758557,25.491163380699085,532.2860666319178,531.9820194751956,532.7304905983619,0.7484711231663823,0.75,0.0373653478648088,7,unreviewed
2019-02-02,2019-01-30,2019-02-06,0.255385041077638,5.510283582023938,729.8790262475825,729.5024571092799,730.5009954348207,0.9985383255407214,0.75,0.0371728123119479,2,unreviewed
2024-05-05,2024-05-01,2024-05-10,0.2553351430597882,3.237801413484877,169.09813654842617,168.7240921021439,169.7220532083884,0.9979611062444746,0.75,0.0365827959973483,5,unreviewed
2022-07-31,2022-07-29,2022-08-02,0.2553037696810652,14.8766984534628,163.72320925470365,163.48479797830805,164.23326849611476,0.7484705178067088,1.0,0.0388848875661345,7,unreviewed
2023-09-09,2023-09-05,2023-09-14,0.2552992788594587,28.126366769546195,1218.6211368604863,1218.3725204467771,1219.1208770261146,0.7483565793372691,1.0,0.0383695113545451,9,unreviewed
2024-11-15,2024-11-12,2024-11-19,0.2551561962932745,4.238218442995735,246.93255697123325,246.56505030207336,247.56301154149696,0.9979612394236028,0.75,0.0368571096219288,11,unreviewed
2025-05-09,2025-05-05,2025-05-14,0.2551310601667827,1.718796327534446,48.534178589021586,48.29909396870062,49.01524202525616,0.7161480565555394,0.75,0.030864792325741,5,unreviewed
2020-12-02,2020-11-18,2020-12-17,0.2551072962357817,3.2220131787829955,1144.7656756506672,1144.530622083228,1145.2790935649537,0.7484714817255735,0.75,0.0343351054161274,12,unreviewed
2021-11-20,2021-11-18,2021-11-22,0.2550300166806369,40.236664428857225,1057.2373097292866,1056.9662260459736,1057.714582126122,0.7483560801483691,0.75,0.037541354558877,11,unreviewed
2020-12-02,2020-11-18,2020-12-17,0.2548493234834984,3.2434296975248915,938.6060078251796,938.2360321953892,939.2338220230304,0.9977898276410996,0.75,0.0372090003262279,12,unreviewed
2024-04-21,2024-04-16,2024-04-26,0.2545094556094191,2.2048414595951353,556.6597881642006,556.4320836924016,557.1805543182418,0.7484706258401275,0.75,0.0376222292314317,4,unreviewed
2023-02-02,2023-02-02,2023-02-03,0.2543990562449265,29.764163690231015,589.1168550578299,588.8658424704336,589.6143135949969,0.7484711245633662,0.75,0.0346194939861258,2,unreviewed
2022-09-27,2022-09-26,2022-09-28,0.2543689303166497,36.260469025587376,1234.2333331122927,1233.8373826569878,1234.8351724827662,0.9977898257784544,0.75,0.0407197098582792,9,unreviewed
2018-02-15,2018-02-01,2018-03-01,0.2543638781423424,16.226152731392254,410.4895654667586,410.2306997990236,410.97917033499107,0.748470535967499,0.75,0.0435459811333965,2,unreviewed
2025-04-25,2025-04-21,2025-04-29,0.2543604476536153,31.724903539283755,249.8446962613657,249.55893390532583,250.3074042624794,0.7484703571535647,0.75,0.0398262146250755,4,unreviewed
2022-10-28,2022-10-25,2022-11-01,0.2540682323865825,32.2489937766976,1076.1390918639177,1075.9231487410143,1076.6715048225597,0.7483560815453529,0.75,0.0395609498629111,10,unreviewed
2022-12-27,2022-12-20,2023-01-04,0.2540274407569903,21.250680806021297,1043.3743369916538,1042.9979665200226,1043.995756347198,0.9977898271754384,0.75,0.036868132578816,12,unreviewed
2020-10-30,2020-10-20,2020-11-09,0.2540084795102074,32.459026426895704,1002.8195593332642,1002.5897896699609,1003.3381462502292,0.7483565802685916,0.75,0.0386474125519404,10,unreviewed
2022-07-31,2022-07-29,2022-08-02,0.2539887697931567,43.4965742096389,1078.5410849496918,1078.1680472046137,1079.1658370327204,0.997789828106761,0.75,0.0386584020495993,7,unreviewed
2022-07-31,2022-07-29,2022-08-02,0.2537624199096857,33.22194658125593,1046.968413356385,1046.7394652096557,1047.4878212907352,0.7483560810796916,0.75,0.0351785084668358,7,unreviewed
2023-02-25,2023-02-21,2023-03-02,0.2537314207660965,2.637621128318585,1024.9376668225184,1024.5399103164673,1025.7871333891526,1.2472230726853013,0.5,0.0343000475802263,2,unreviewed
2024-01-18,2024-01-10,2024-01-26,0.2535908954733271,4.002401403727287,1063.4431975566054,1062.9526221989654,1064.199845272582,1.247223073616624,0.75,0.0384767370282521,1,unreviewed
2022-10-28,2022-10-25,2022-11-01,0.2532286358637378,31.51211231252489,1053.113283518529,1052.7258611135185,1053.723650940694,0.9977898271754384,0.75,0.042318622284577,10,unreviewed
2020-06-28,2020-06-24,2020-07-02,0.25313158421902,38.97929729648484,1233.1223938687494,1232.839649676811,1233.5880062570795,0.7483565802685916,0.75,0.0432179468588934,6,unreviewed
2024-02-12,2024-02-08,2024-02-16,0.253073453028225,3.2469648431983527,983.7688795955876,983.383434227202,984.381223553326,0.9977893261238931,0.75,0.0361157572176131,2,unreviewed
2019-01-13,2019-01-07,2019-01-19,0.2529293101291614,2.870010283245462,969.793428884572,969.1657437025568,970.6624000226147,1.4966563200578094,0.5,0.0357714506050678,1,unreviewed
2023-01-14,2023-01-09,2023-01-20,0.2527066402245068,11.87809805828358,1223.355599105491,1223.1117521077394,1223.860108688008,0.7483565802685916,1.0,0.0368345766904976,1,unreviewed
2021-02-01,2021-01-26,2021-02-08,0.2522752718601956,2.1961317952042374,637.9684348466683,637.7185099567287,638.4663723250851,0.7478623683564365,0.75,0.0375378487752869,2,unreviewed
2023-02-04,2023-02-03,2023-02-06,0.2520069452692084,27.013275637865213,518.798853232993,518.5095345303416,519.2580056544393,0.7484711240977049,0.75,0.0317915609026684,2,unreviewed
2023-03-19,2023-03-17,2023-03-22,0.2518245056414451,36.69367012703883,1155.76476486277,1155.5082137142308,1156.2566851968877,0.7484714826568961,0.75,0.0450407498526852,3,unreviewed
2021-09-21,2021-09-08,2021-10-05,0.251716788295412,48.50085400302302,997.4740835875466,997.1022592573428,998.100049084518,0.9977898271754384,0.75,0.0399768443533048,9,unreviewed
2023-01-07,2023-01-06,2023-01-09,0.2516547276357113,2.9907376747494556,262.91364445302247,262.5324278618209,263.53038910077885,0.9979612389579416,0.75,0.0399542184795727,1,unreviewed
2021-08-24,2021-08-09,2021-09-08,0.251606513675964,18.869335055722303,1077.419629488309,1077.1703142211773,1077.9186708023772,0.7483565811999142,1.0,0.0369394936774502,8,unreviewed
2023-12-24,2023-12-21,2023-12-28,0.2512295965236312,2.7397924198010424,678.953372512911,678.5850478643551,679.5820963731967,0.9970485088415444,0.75,0.0378877356435785,12,unreviewed
2024-10-13,2024-10-09,2024-10-18,0.2510958698357939,29.143207344230696,567.6631646770027,567.409663962666,568.1581350858323,0.7484711231663823,1.0,0.0484202769035484,10,unreviewed
2022-08-06,2022-08-02,2022-08-10,0.2510036208752941,24.257231008089427,765.5781678390307,765.2070936937816,766.2056320188567,0.99853832507506,0.75,0.0377318676872702,8,unreviewed
2023-02-04,2023-02-03,2023-02-06,0.2509801064343824,18.479515028868835,588.4367074393476,588.1173709183931,588.8658420429565,0.7484711245633662,1.0,0.0349560343400076,2,unreviewed
2021-06-22,2021-06-01,2021-07-14,0.2509532862497882,11.96414558965308,342.63408135672836,342.36932632885873,343.1177967749536,0.7484704460948706,0.75,0.033342544843236,6,unreviewed
2019-12-14,2019-12-14,2019-12-15,0.250827418499762,3.7449160636697143,863.559447006949,863.1865500472486,864.1834053765051,0.9968553292565048,0.75,0.0381164294691831,12,unreviewed
2021-10-08,2021-10-05,2021-10-11,0.2508037169412834,29.7410245703808,259.3703853303975,259.03956448705867,259.7880353429355,0.7484708558768034,0.75,0.0369964673079044,10,unreviewed
2022-08-06,2022-08-02,2022-08-10,0.2507289322870311,17.868425334004005,1183.950864478082,1183.700664383825,1184.4491358664818,0.7484714826568961,1.0,0.0381297945720532,8,unreviewed
2019-05-17,2019-05-13,2019-05-22,0.2506662479021073,2.7132922370713866,109.84657905594784,109.59491172106937,110.34338223794477,0.7484705168753862,0.75,0.0332503981284276,5,unreviewed
2025-01-12,2025-01-10,2025-01-14,0.2506033763996166,31.50159693656979,1189.137109310467,1188.939394496847,1189.6877510771155,0.7483565802685916,0.75,0.0384443113183127,1,unreviewed
2023-02-04,2023-02-03,2023-02-06,0.2504471332312245,16.71733617343869,302.2184138024939,301.9518919396214,302.7003628835082,0.7484709438867867,0.75,0.0319674746544356,2,unreviewed
2019-02-02,2019-01-30,2019-02-06,0.2502693091701123,2.267149936460948,1014.695904448156,1014.3131497311406,1015.31093905773,0.9977893265895544,0.75,0.0355598581628295,2,unreviewed
2022-10-28,2022-10-25,2022-11-01,0.2502540279021459,5.538922008310553,39.08985092648564,38.73260690830648,39.68208359880373,0.9494766904972494,1.25,0.0398245825582716,10,unreviewed
2020-04-19,2020-04-16,2020-04-23,0.2501188666462953,13.879917388202385,1070.9395989652207,1070.6850518258289,1071.4334079059772,0.7483560801483691,1.0,0.0370274951656383,4,unreviewed
2022-01-04,2022-01-04,2022-01-04,0.2497688944236014,8.022939365259324,1318.5500217947535,1318.2682051048614,1319.0070058717392,0.73880076687783,0.75,0.0418124101838567,1,unreviewed
2024-11-15,2024-11-12,2024-11-19,0.2493627869308266,3.739569240204814,1199.7916527730713,1199.415591801051,1200.4133816268295,0.9977898257784544,0.75,0.0357113020656147,11,unreviewed
2022-10-28,2022-10-25,2022-11-01,0.2487967562908432,18.133601967367316,198.6576921974896,198.41342771193013,199.16189822973683,0.7484705178067088,1.0,0.0380872455866993,10,unreviewed
2024-04-06,2024-04-04,2024-04-09,0.2485422140272871,2.7335028858390236,625.9960381720617,625.7575712548569,626.505433625076,0.7478623702190816,0.75,0.0461266653902967,4,unreviewed
2022-08-06,2022-08-02,2022-08-10,0.2485397191263946,20.86916819143321,701.7843753730031,701.5379866305739,702.286842210684,0.7488555801101029,1.0,0.0376107229745798,8,unreviewed
2022-07-31,2022-07-29,2022-08-02,0.2484480315185956,31.258193221035963,1145.7339093764492,1145.5285848681815,1146.2770563503727,0.7484714821912348,0.75,0.0372909271056289,7,unreviewed
2019-11-24,2019-11-22,2019-11-26,0.2483895260926668,3.2450576354945753,923.6440191489228,923.270043183118,924.2678322615102,0.9977890783920884,0.75,0.0373593921221669,11,unreviewed
2024-01-18,2024-01-10,2024-01-26,0.248250934348089,5.62429477859157,838.0237861432923,837.7761338530108,838.5238674352877,0.7477335822768509,1.0,0.0371898207530133,1,unreviewed
2025-05-30,2025-05-27,2025-06-02,0.2480074943935044,24.25,244.81861861469224,244.81861861469224,245.0681087039411,0.2494900892488658,0.25,0.0128107550222308,5,unreviewed
2024-05-05,2024-05-01,2024-05-10,0.2479877223039314,2.738085378125729,245.197062266763,244.81861861469224,245.81657985318452,0.9979612384922802,0.75,0.0368767985189523,5,unreviewed
2019-02-10,2019-02-06,2019-02-15,0.2479865372260075,13.117352851962348,1167.232054173533,1166.984786241781,1167.7332582212985,0.7484719795174897,1.0,0.036990359139889,2,unreviewed
2023-03-19,2023-03-17,2023-03-22,0.247859983378236,2.454186478403267,518.7631315477882,518.5095345303416,519.2580056544393,0.7484711240977049,0.75,0.0337013281485701,3,unreviewed
2019-11-29,2019-11-26,2019-12-02,0.2477820800978681,36.269009765857064,1105.1842705305455,1104.8615983896889,1105.6100698709488,0.7484714812599123,0.75,0.0372098405246281,11,unreviewed
2022-09-03,2022-08-30,2022-09-08,0.2475385777707612,14.259341065816818,71.2935476185201,70.93200273113325,71.8814794216305,0.9494766904972494,0.75,0.0386218534191918,9,unreviewed
2022-11-10,2022-11-07,2022-11-14,0.2474780764241183,16.128542254007442,1091.139432658423,1090.890118402429,1091.6385898850858,0.7484714826568961,1.0,0.0362816703778031,11,unreviewed
2022-07-31,2022-07-29,2022-08-02,0.247431858385085,17.36950412918978,213.3889176253754,213.1333538792096,213.8818247350864,0.7484708558768034,1.0,0.0369458918254444,7,unreviewed
2022-09-27,2022-09-26,2022-09-28,0.2474091547869634,36.7379901412708,1211.5198647551576,1211.1389553323388,1212.136745157186,0.997789824847132,0.75,0.0438714576357786,9,unreviewed
2024-07-05,2024-07-03,2024-07-08,0.2473822098573244,18.252097407975636,1103.488575925208,1103.1151635157876,1104.1131256939843,0.997962178196758,0.75,0.0384898567634478,7,unreviewed
2023-02-04,2023-02-03,2023-02-06,0.2472186691038218,18.477043939788825,602.6113013722132,602.334067625925,603.0819304930046,0.7478628670796752,0.75,0.0444003104809992,2,unreviewed
2018-11-30,2018-11-27,2018-12-04,0.2469968724144796,20.00476354075364,407.7385590330394,407.4863053453155,408.2347758822143,0.7484705368988216,0.75,0.0403575137116559,11,unreviewed
2018-12-22,2018-12-18,2018-12-26,0.2468925231846512,3.4909420051870046,1222.4893350751713,1222.1140191257,1223.1118089514785,0.9977898257784544,0.75,0.0373798096868295,12,unreviewed
2020-01-12,2020-01-10,2020-01-14,0.2468300882898167,2.0047565253845185,541.5958626121901,541.2131656254642,542.2111272667535,0.9979616412892938,0.75,0.0425387505477304,1,unreviewed
2022-08-06,2022-08-02,2022-08-10,0.2467916044435501,37.63169333258524,261.0319551223738,260.7859961744398,261.53446703078225,0.7484708563424647,1.0,0.0396966270337709,8,unreviewed
2022-10-28,2022-10-25,2022-11-01,0.2466744064741254,37.113028296598344,1171.238327124427,1170.9766378784552,1171.725109361112,0.7484714826568961,1.0,0.0411538879581068,10,unreviewed
2025-06-14,2025-06-13,2025-06-16,0.2465953181158335,43.48147885377058,1032.2262603406043,1032.0229066959582,1032.7712632780897,0.7483565821312368,0.75,0.038042912109168,6,unreviewed
2017-11-11,2017-10-02,2017-12-21,0.2465625725416196,2.217696007451435,520.7524741383014,520.5054586688057,521.2539297915064,0.748471122700721,0.75,0.0408316235416439,11,unreviewed
2022-07-31,2022-07-29,2022-08-02,0.2463893016746363,27.244490778642355,868.6763134603445,868.4181057345122,869.1658393177204,0.7477335832081735,0.75,0.0342689862632642,7,unreviewed
2019-11-29,2019-11-26,2019-12-02,0.2463275528775472,21.873058957849707,952.4590901582328,952.2042889730074,952.9526455542072,0.7483565811999142,1.0,0.0366107530414603,11,unreviewed
2022-07-31,2022-07-29,2022-08-02,0.2462793389177998,17.490727735408914,203.5402848756099,203.15374302817509,204.15170376980677,0.9979607416316868,0.75,0.0368781740650057,7,unreviewed
2022-11-04,2022-11-01,2022-11-07,0.2462037434207575,2.211153428245203,518.2543452440068,518.0105534959584,518.7590246195905,0.7484711236320436,0.75,0.0356442163128221,11,unreviewed
2023-02-04,2023-02-03,2023-02-06,0.2461172327323104,12.241567691116195,470.7365539926354,470.35788452485576,471.35584528464824,0.9979607597924768,0.75,0.0449336542981994,2,unreviewed
2024-02-25,2024-02-23,2024-02-27,0.2461114320877353,3.001379493951972,630.119284771335,629.7445504907519,630.7415997460485,0.997049255296588,0.75,0.0373468449115448,2,unreviewed
2017-11-11,2017-10-02,2017-12-21,0.2459014861776324,4.7508629753212785,1156.3766723080664,1156.0071951076388,1157.0051572858356,0.997962178196758,0.75,0.0373967772332825,11,unreviewed
2021-04-27,2021-04-21,2021-05-04,0.2457899017352159,39.80527160822154,1240.308808031372,1239.8237810465507,1240.821571371518,0.9977903249673544,0.75,0.0415342933603233,4,unreviewed
2022-08-06,2022-08-02,2022-08-10,0.2457880305595465,45.87665277469735,997.1078096926408,996.8528260109016,997.6011825916356,0.7483565807342529,1.0,0.0392168328526596,8,unreviewed
2023-02-02,2023-02-02,2023-02-03,0.2456638468676229,19.72789867353195,593.869321981337,593.6061613024212,594.354632426519,0.7484711240977049,0.75,0.0327514280917937,2,unreviewed
2022-10-28,2022-10-25,2022-11-01,0.2455830744512286,3.932862374789199,687.3670464390799,687.0573791125789,687.8052419801243,0.7478628675453365,1.25,0.0398561048690463,10,unreviewed
2022-09-03,2022-08-30,2022-09-08,0.245548208211256,13.500740575914302,79.67642239981508,79.33184475218877,80.28132214443758,0.9494773922488092,0.75,0.0378044481888923,9,unreviewed
2023-02-02,2023-02-02,2023-02-03,0.2454953163123353,22.745762271551513,769.0744841004216,768.7026521293446,769.701190453954,0.9985383246093988,0.75,0.0396108710315727,2,unreviewed
2023-12-10,2023-12-08,2023-12-13,0.245453713839953,3.994334782783259,1000.2220778804736,999.846023962833,1000.843813790474,0.9977898276410996,0.75,0.0371705036251934,12,unreviewed
2019-04-19,2019-04-15,2019-04-23,0.2453933372383548,2.4518970632267147,498.0508714358225,497.8018277962692,498.5502985827625,0.7484707864932716,0.75,0.0329770473860845,4,unreviewed
2023-02-25,2023-02-21,2023-03-02,0.2453422541425811,3.232797885546685,919.637238151135,919.279112496879,920.5263353209012,1.247222824022174,0.75,0.0419387931246262,2,unreviewed
2025-03-03,2025-02-28,2025-03-07,0.2451230147266536,2.743888715577468,498.17695621891346,497.8018277962692,498.79978880565614,0.9979610093869268,0.75,0.0390835870523914,3,unreviewed
2022-10-28,2022-10-25,2022-11-01,0.2450060038747959,20.12898703396139,698.3020098147149,698.0424281964079,698.7912837760523,0.7488555796444416,1.0,0.0372644868798677,10,unreviewed
2019-01-21,2019-01-19,2019-01-23,0.2448811340851269,2.2387623385614144,994.4819984874108,994.109061055351,995.1068501323462,0.9977890769951046,0.75,0.0355000219095074,1,unreviewed
2022-09-03,2022-08-30,2022-09-08,0.2447301925811313,14.259767282601102,77.13367015989613,76.76522651221603,77.71470390679315,0.9494773945771158,0.75,0.0370401687777895,9,unreviewed
2022-12-27,2022-12-20,2023-01-04,0.2447104204915584,2.995996871566248,890.7081778180202,890.344865957275,891.3426557863131,0.9977898290380836,0.75,0.0365557460700932,12,unreviewed
2024-02-03,2024-01-30,2024-02-08,0.244646426283666,9.748967453891716,1013.19061257927,1012.816550754942,1013.8143405821174,0.9977898271754384,0.75,0.0372030148420497,2,unreviewed
2023-10-29,2023-10-26,2023-11-01,0.2444337983551036,3.225301765735274,166.22920669867526,165.9797001206316,166.72817038930953,0.7484702686779201,0.75,0.0373914720867469,10,unreviewed
2022-09-03,2022-08-30,2022-09-08,0.244369741774689,13.87796966594664,73.72582811008724,73.49862120486796,74.21476902766153,0.7161478227935731,1.0,0.0367290053897466,9,unreviewed
2023-03-19,2023-03-17,2023-03-22,0.2440821420743074,2.2139989538230687,543.2264422281061,542.9595992458053,543.708070369903,0.7484711240977049,0.75,0.0356530569844841,3,unreviewed
2020-04-05,2020-04-02,2020-04-08,0.2440553218897131,18.122901027022134,1126.317251807097,1126.068308568094,1126.8167800498195,0.7484714817255735,1.0,0.0374650191882984,4,unreviewed
2022-07-31,2022-07-29,2022-08-02,0.2436246396231473,40.99828652923058,1093.6647242185347,1093.3850253643468,1094.133496846538,0.7484714821912348,0.75,0.0369494347859549,7,unreviewed
2022-08-06,2022-08-02,2022-08-10,0.2435740555075521,12.63144879197982,873.6470343357631,873.4005406741053,874.1482742577791,0.7477335836738348,1.0,0.0391840502442847,8,unreviewed
2022-09-27,2022-09-26,2022-09-28,0.2435065684384103,38.24752815524729,1254.913929223734,1254.5403440208174,1255.5381338456646,0.997789824847132,0.75,0.0397441019610727,9,unreviewed
2022-08-06,2022-08-02,2022-08-10,0.2434318461566802,34.8782031556265,1032.0225933445,1031.7734734499827,1032.521830032114,0.7483565821312368,1.0,0.0391282885814343,8,unreviewed
2025-04-25,2025-04-21,2025-04-29,0.2432164738371361,37.983540424119816,1102.8853583391185,1102.6161821233109,1103.3646536050364,0.7484714817255735,0.75,0.0390971900875517,4,unreviewed
2024-09-14,2024-09-11,2024-09-17,0.2430728299182511,35.48348669040732,1042.747654126756,1042.4991002781317,1043.2474566092717,0.7483563311398029,0.75,0.0443934141622721,9,unreviewed
2023-02-02,2023-02-02,2023-02-03,0.2430533073187674,7.712186290754904,537.9810138424808,537.7202996290289,538.4687705030665,0.7484708740375936,0.75,0.034259201297825,2,unreviewed
2022-07-31,2022-07-29,2022-08-02,0.2430367162278323,32.751660770402424,939.4699160728252,939.2337651802228,939.9821217609568,0.7483565807342529,0.75,0.0341424769209655,7,unreviewed
2022-08-06,2022-08-02,2022-08-10,0.2429394150930253,30.87504650222402,540.2186120610472,539.9657140341587,540.7141846609302,0.74847062677145,1.0,0.0395173115937906,8,unreviewed
2023-02-04,2023-02-03,2023-02-06,0.2427254773414943,19.294044781699817,360.09212982056516,359.83364931400865,360.5821202597581,0.7484709457494318,0.75,0.0386551044567632,2,unreviewed
2023-02-04,2023-02-03,2023-02-06,0.2425429753412089,14.497446265627978,408.2239454658194,407.98528579296544,408.7337565799244,0.7484707869589329,0.75,0.049443902511094,2,unreviewed
2018-12-22,2018-12-18,2018-12-26,0.2423682699062123,3.2351477861289437,404.24285048914766,403.993439974729,404.7419107602909,0.748470785561949,0.75,0.0365989530869375,12,unreviewed
2025-04-04,2025-04-01,2025-04-08,0.242354423206259,2.4817360065225516,569.9146883234577,569.6550776218064,570.4035487449728,0.7484711231663823,0.75,0.038399003805468,4,unreviewed
2018-08-22,2018-08-08,2018-09-06,0.2423450673279122,37.74463575095368,1055.9472170117183,1055.719060066156,1056.467416646425,0.7483565802685916,0.75,0.045671292728171,8,unreviewed
2025-07-06,2025-07-01,2025-07-11,0.2423373955076678,1.7498707958128576,555.3069950203195,554.9351410865784,555.933102728799,0.9979616422206165,0.75,0.0368500720309043,7,unreviewed
2023-07-01,2023-06-26,2023-07-06,0.2423340273914629,26.369415090692566,1000.3476359569806,1000.0954572092742,1000.843813790474,0.7483565811999142,1.0,0.0368543473767459,7,unreviewed
2023-10-22,2023-10-18,2023-10-26,0.2422478909381497,5.707407821749753,608.8063587856191,608.5637226193212,609.3115852372721,0.7478626179508865,0.75,0.033962012714146,10,unreviewed
2025-03-03,2025-02-28,2025-03-07,0.2421645612483406,6.371715626732108,245.0697324467415,244.81861861469224,245.56708947010335,0.7484708554111421,1.0,0.0364087596800594,3,unreviewed
2020-04-12,2020-04-08,2020-04-16,0.2418740924119326,22.377318558135286,1127.565436703015,1127.3157620490529,1128.064233780373,0.7484717313200235,1.0,0.0392606384179217,4,unreviewed
2022-07-31,2022-07-29,2022-08-02,0.2418312424891041,33.73566597407206,1193.9178637186976,1193.6786271580495,1194.4269837387835,0.7483565807342529,0.75,0.0373544104148384,7,unreviewed
2024-01-18,2024-01-10,2024-01-26,0.2417702421622828,4.999745951607618,1131.4296424605309,1131.0581234893762,1132.0560856666416,0.9979621772654356,0.75,0.0367643792294707,1,unreviewed
2025-05-16,2025-05-14,2025-05-19,0.2417160404403935,2.000370417104368,598.9736749641705,598.5959706506692,599.5933235371485,0.997352886479348,0.75,0.0352879498849964,5,unreviewed
2022-10-28,2022-10-25,2022-11-01,0.2417015076426947,15.38013737868788,198.4230928642176,198.16393762314692,198.91240789042783,0.7484702672809362,1.0,0.0359667818623399,10,unreviewed
2022-07-31,2022-07-29,2022-08-02,0.2416138118763238,29.121372481040197,593.3572754921313,593.1071802685037,593.8556513916701,0.7484711231663823,1.0,0.0381717487266813,7,unreviewed
2018-11-30,2018-11-27,2018-12-04,0.2415033501393088,3.2496807165173314,1165.3531643710785,1164.988860173151,1165.9868223513477,0.997962178196758,0.75,0.0360595457140263,11,unreviewed
2022-08-06,2022-08-02,2022-08-10,0.2413739271555109,11.746592526478883,763.5729231836909,763.2096314812079,764.2081700568087,0.9985385756008328,0.75,0.0391791057138766,8,unreviewed
2020-03-26,2020-03-19,2020-04-02,0.2412895371328225,42.229205112648934,1161.9820343657316,1161.7454811222851,1162.493952603545,0.7484714812599123,0.75,0.0548166478409947,3,unreviewed
2024-11-15,2024-11-12,2024-11-19,0.2410232688350716,3.4953210244461164,1139.6678052035652,1139.2913164659403,1140.2892786436714,0.9979621777310967,0.75,0.0358347740535198,11,unreviewed
2022-07-31,2022-07-29,2022-08-02,0.2407901203466686,38.003582098869686,1134.9236644210216,1134.550993236713,1135.54895541491,0.997962178196758,0.75,0.0370752191783065,7,unreviewed
2025-05-30,2025-05-27,2025-06-02,0.2407246915707631,2.249652024489392,541.5905685909302,541.2131656254642,542.2111272667535,0.9979616412892938,0.75,0.037123790824759,5,unreviewed
2024-10-19,2024-10-18,2024-10-21,0.2406887649979112,19.227371283614904,124.5708713092616,124.3148342310451,125.06330449925736,0.7484702682122588,0.75,0.0408831581886492,10,unreviewed
2023-02-02,2023-02-02,2023-02-03,0.2406824653731577,13.963100350109748,250.8061225204117,250.5568944425322,251.30536529887468,0.7484708563424647,0.75,0.0340610222884531,2,unreviewed
2020-03-26,2020-03-19,2020-04-02,0.2404994020201714,14.251842003913527,1089.767376466198,1089.3931739754044,1090.3911364022642,0.9979624268598856,0.75,0.0361992082507489,3,unreviewed
2022-08-06,2022-08-02,2022-08-10,0.2404161347028846,32.867430639872154,1177.2121808989286,1176.9644145895727,1177.712886070367,0.748471480794251,1.0,0.0387442658648666,8,unreviewed
2023-02-04,2023-02-03,2023-02-06,0.2403181474703321,18.523256990943818,395.0192994277165,394.762296278961,395.5107672242448,0.7484709452837706,0.75,0.0374778675319754,2,unreviewed
2018-01-11,2017-12-21,2018-02-01,0.2402181019445433,10.1266485474555,730.7516805631343,730.5011880910024,731.2500436711125,0.7488555801101029,1.0,0.0358932496315566,1,unreviewed
2019-11-20,2019-11-18,2019-11-22,0.2402121141824013,1.9600163479432255,546.1949494918103,545.9534844569862,546.7019555810839,0.7484711240977049,0.75,0.035864813005172,11,unreviewed
2023-02-02,2023-02-02,2023-02-03,0.2402079352234064,16.253871993066024,478.4590879114746,478.0920864366926,479.0900479434058,0.9979615067131816,0.75,0.0364677185580609,2,unreviewed
2024-11-01,2024-10-29,2024-11-04,0.2397442578925373,30.74684643738352,571.1581616838935,570.9025302072987,571.6510013313964,0.7484711240977049,0.75,0.0327524169978754,11,unreviewed
2023-02-04,2023-02-03,2023-02-06,0.2395678683994384,15.261995303208606,661.4180764049204,661.1420130888,661.8898754576221,0.7478623688220978,0.75,0.0378096455223588,2,unreviewed
2022-07-31,2022-07-29,2022-08-02,0.2393307904421296,17.12591901632449,495.0565946866102,494.8079431215301,495.5564139066264,0.7484707850962877,1.0,0.0379235927832673,7,unreviewed
2023-12-24,2023-12-21,2023-12-28,0.2391701811971757,22.86914421897362,623.7589950591796,623.5148957464844,624.262758364901,0.7478626184165478,1.0,0.0394215326938629,12,unreviewed
2021-10-24,2021-10-21,2021-10-27,0.2391196594541028,2.252460329798572,679.9637374905565,679.5817924244329,680.5788416801952,0.9970492557622492,0.75,0.0385315581150174,10,unreviewed
2023-11-21,2023-11-16,2023-11-27,0.2390574740493575,3.74833441480592,1072.3085747191096,1071.932217055466,1072.93000688171,0.9977898262441158,0.75,0.0362489844294211,11,unreviewed
2022-09-27,2022-09-26,2022-09-28,0.2390459975052521,37.74822370362523,1228.2279267959748,1227.850984269753,1228.848774595186,0.9977903254330158,0.75,0.0401583272077422,9,unreviewed
2023-02-04,2023-02-03,2023-02-06,0.2389632915406661,21.150930759258067,651.329670966416,650.9253786099143,652.1716140066274,1.2462353967130184,0.5,0.0504928790606342,2,unreviewed
2021-12-01,2021-11-30,2021-12-03,0.2385326716466225,1.9633646268895175,536.4571734879645,536.2233572718687,536.9718283955008,0.7484711236320436,0.75,0.0406347680306369,12,unreviewed
2021-10-11,2021-10-11,2021-10-12,0.2384482192514118,12.257257448334006,52.38274430471607,52.03235701052472,52.98183416901156,0.9494771584868432,0.75,0.0387843574557846,10,unreviewed
2022-10-28,2022-10-25,2022-11-01,0.2384339359438023,16.880661776631424,494.8126042702051,494.5584526485763,495.3069236832671,0.7484710346907377,1.0,0.0380495072948401,10,unreviewed
2025-01-26,2025-01-24,2025-01-28,0.2384168458726888,2.464083984004043,318.90697610503673,318.6677443878725,319.41621483443305,0.7484704465605319,0.75,0.0341131740723365,1,unreviewed
2022-09-27,2022-09-26,2022-09-28,0.2383308965369425,28.370931263556344,927.0150163915572,926.7621071278118,927.5104634594172,0.7483563316054642,1.0,0.0371483796398862,9,unreviewed
2022-08-06,2022-08-02,2022-08-10,0.2383091908991779,2.4879773944314456,570.8782812917593,570.6530396901071,571.4015108146705,0.7484711245633662,0.75,0.0358785238534014,8,unreviewed
2019-01-13,2019-01-07,2019-01-19,0.2382849903605207,19.498027014264657,1083.0280170610188,1082.657844632864,1083.655634460505,0.9977898276410996,0.75,0.0357042756276663,1,unreviewed
2024-11-15,2024-11-12,2024-11-19,0.2382730772087591,3.2495542727125897,1135.9198122956598,1135.5489560221322,1136.5469181998633,0.9979621777310967,0.75,0.035821635729864,11,unreviewed
2022-07-31,2022-07-29,2022-08-02,0.2382096443535676,31.99092630442843,1063.923679502851,1063.7009219373576,1064.4492785190232,0.7483565816655755,0.75,0.0353526302910416,7,unreviewed
2025-01-12,2025-01-10,2025-01-14,0.2381240068804329,3.731823490722728,1004.595096059694,1004.3358218912036,1005.0841779718176,0.7483560806140304,0.75,0.0341075380512096,1,unreviewed
2024-08-24,2024-08-21,2024-08-27,0.2379209219477844,30.2954594489732,251.79209943553295,251.5548559757881,252.3033268325962,0.748470856808126,0.75,0.046950725289341,8,unreviewed
2020-10-30,2020-10-20,2020-11-09,0.2377589405073395,36.99403692576808,1112.345511949719,1112.0968285812996,1112.8453000630252,0.7484714817255735,0.75,0.0420412266932986,10,unreviewed
2022-09-27,2022-09-26,2022-09-28,0.2370731546245167,36.37456546738778,1117.33611509765,1117.086643502582,1117.8351149838418,0.7484714812599123,1.0,0.0389533079703681,9,unreviewed
2023-03-11,2023-03-06,2023-03-17,0.2369943157563141,5.750722630636066,732.6253380948776,732.2489673085511,733.2475056336261,0.99853832507506,0.75,0.0358623072807396,3,unreviewed
2022-09-27,2022-09-26,2022-09-28,0.236608541705813,38.7499601947977,1237.195272536052,1236.8305816026405,1237.828371427022,0.9977898243814708,0.75,0.03826557583829,9,unreviewed
2018-05-05,2018-03-26,2018-06-15,0.2365892685964185,2.238173266915623,500.7916261981433,500.5462222672067,501.29469339130446,0.7484711240977049,0.75,0.0418905300466127,5,unreviewed
2023-02-04,2023-02-03,2023-02-06,0.2364582862995628,33.00075658159383,208.89170038790328,208.64252897165716,209.3909993292764,0.748470357619226,0.75,0.035043147299799,2,unreviewed
2022-10-28,2022-10-25,2022-11-01,0.2361854065144469,14.37082729243746,64.86902062309052,64.63212074618787,65.3482690374367,0.7161482912488282,1.0,0.0363880223938816,10,unreviewed
2022-09-27,2022-09-26,2022-09-28,0.2361790445171711,37.38101735652255,1182.4510238171838,1182.2037202068605,1182.952191688586,0.7484714817255735,1.0,0.0382610067947776,9,unreviewed
2021-01-06,2020-12-17,2021-01-26,0.2361569646442726,34.227419779126166,1053.1951478099518,1052.975294359494,1053.723650940694,0.7483565811999142,0.75,0.0415958880819785,1,unreviewed
2022-09-27,2022-09-26,2022-09-28,0.2361155492894573,19.877938262930023,710.7787448024055,710.5265664625913,711.275422043167,0.7488555805757642,1.0,0.0376676408396534,9,unreviewed
2022-08-06,2022-08-02,2022-08-10,0.2359588695134089,29.625497415054173,1149.02329533199,1148.7719639199786,1149.5204354012385,0.7484714812599123,1.0,0.0374147782981217,8,unreviewed
2018-12-14,2018-12-10,2018-12-18,0.2358778476069253,4.997224043097406,965.8006562716924,965.4242470129392,966.4220365900546,0.9977895771153272,0.75,0.0370143865835187,12,unreviewed
2022-02-13,2022-02-10,2022-02-16,0.2358184065931618,1.9533104184663268,567.9055637708981,567.6591544793919,568.4076253529638,0.7484708735719323,0.75,0.0364086964792947,2,unreviewed
2022-07-31,2022-07-29,2022-08-02,0.2357967633279195,40.72845870038532,1229.3396038092533,1229.0981509964913,1229.8465075772256,0.7483565807342529,0.75,0.0359507214327437,7,unreviewed
2022-06-23,2022-06-15,2022-07-01,0.2357334552177726,25.494319336389164,1029.588849869678,1029.528574236203,1030.0274975714274,0.49892333522439,0.75,0.0215553643102852,6,unreviewed
2022-09-27,2022-09-26,2022-09-28,0.2356246151663378,32.61987780127533,929.0104965027688,928.7575728464872,929.5059291780926,0.7483563316054642,1.0,0.0373870368801478,9,unreviewed
2022-10-28,2022-10-25,2022-11-01,0.2355782723822598,5.372956754063326,38.32147950101981,38.03262007376179,38.982096997555345,0.9494769237935544,1.0,0.0388992006804738,10,unreviewed
2022-07-31,2022-07-29,2022-08-02,0.2355389776932031,26.75229661051509,559.808046999581,559.4259694018401,560.4239307940006,0.9979613921605052,0.75,0.0365687728629879,7,unreviewed
2023-12-24,2023-12-21,2023-12-28,0.2353949595391842,27.107824501055504,629.763913323824,629.4953643511981,630.243226969149,0.7478626179508865,1.0,0.0394343252721593,12,unreviewed
2022-08-06,2022-08-02,2022-08-10,0.2353859778959712,18.62407459127533,174.46520438822424,174.21287706308067,174.9613473317586,0.7484702686779201,1.0,0.0383678941585093,8,unreviewed
2023-12-24,2023-12-21,2023-12-28,0.235299030599868,14.12615703096028,658.4003768920244,658.1517789103091,658.8996417764574,0.7478628661483526,1.0,0.0375650251040712,12,unreviewed
2022-09-27,2022-09-26,2022-09-28,0.2352009186222709,12.12288518992518,277.25352669171144,277.0028641181998,277.75133497361094,0.7484708554111421,1.0,0.0384994223850568,9,unreviewed
2022-09-27,2022-09-26,2022-09-28,0.235133618670696,30.12265456743771,1152.5156057593038,1152.2648336682469,1153.0133051495068,0.7484714812599123,1.0,0.0403082282683324,9,unreviewed
2022-08-06,2022-08-02,2022-08-10,0.2351233272045145,7.748034173886149,378.42252078796,378.0464435820468,379.0444049555808,0.9979613735340536,0.75,0.0376980589958933,8,unreviewed
2022-09-27,2022-09-26,2022-09-28,0.2351164038545378,27.622093718854057,1107.8535059357175,1107.6059960471466,1108.3544675298035,0.7484714826568961,1.0,0.0379566839600812,9,unreviewed
2021-12-28,2021-12-21,2022-01-04,0.2351034927424192,19.249453618454563,1065.8236188259714,1065.4469546591863,1066.4447439862415,0.9977893270552158,0.75,0.0355247111023196,12,unreviewed
2021-10-11,2021-10-11,2021-10-12,0.2348331078581957,2.4521336469580817,527.990530757395,527.7406816766597,528.4891528007574,0.7484711240977049,0.75,0.0361356691761588,10,unreviewed
2022-08-06,2022-08-02,2022-08-10,0.2346043878188769,18.37221821360567,722.0086112042148,721.7622910039499,722.5111465826631,0.748855578713119,1.0,0.0381494425744643,8,unreviewed
2022-09-27,2022-09-26,2022-09-28,0.2345161306998051,36.38099263629321,954.6994815094168,954.4491876875982,955.197543768678,0.7483560810796916,1.0,0.0366883449919471,9,unreviewed
2022-09-27,2022-09-26,2022-09-28,0.2344021761015406,41.13350369867753,1030.5216028937064,1030.2768739741296,1031.0252305557951,0.7483565816655755,1.0,0.0369307682542413,9,unreviewed
2022-09-27,2022-09-26,2022-09-28,0.2342904045415571,36.872206964924075,1032.5252619130572,1032.272339942865,1033.0206965231337,0.7483565802685916,1.0,0.0374615282754764,9,unreviewed
2019-12-26,2019-12-22,2019-12-30,0.2340215165978692,5.999932369348909,259.4138425913259,259.03956448705867,260.0375254773535,0.997960990294814,0.75,0.0358999080179934,12,unreviewed
2021-11-20,2021-11-18,2021-11-22,0.2336895700341236,31.728186792289165,1052.9918226258733,1052.7258611135185,1053.474217693787,0.7483565802685916,0.75,0.0354986017511496,11,unreviewed
2023-02-04,2023-02-03,2023-02-06,0.233685266330084,24.848604643776262,635.4237964072141,635.2266475604847,635.9745099297725,0.7478623692877591,0.5,0.0272107694833876,2,unreviewed
2020-03-11,2020-03-04,2020-03-19,0.2336279459820791,2.2130155295944376,79.78712998218832,79.56517385318875,80.28132214443758,0.7161482912488282,0.75,0.0347073876612448,3,unreviewed
2019-11-29,2019-11-26,2019-12-02,0.2335385037850834,6.24987534229124,299.832938262236,299.45698865596205,300.4549500280991,0.9979613721370696,0.75,0.0351608754535082,11,unreviewed
2022-07-31,2022-07-29,2022-08-02,0.2333972300220462,43.97519092792388,1072.4378027347327,1072.181650300976,1072.93000688171,0.7483565807342529,0.75,0.0345947862048535,7,unreviewed
2023-03-29,2023-03-22,2023-04-06,0.2330436401930583,3.243981375787239,265.2538814122845,265.02733069937676,265.77580155432224,0.7484708549454808,0.75,0.0368415139038371,3,unreviewed
2020-11-10,2020-11-09,2020-11-11,0.2329585017001021,35.375742713297136,1174.2187518268126,1173.9705262342468,1174.7189977169037,0.7484714826568961,1.0,0.042080637946574,11,unreviewed
2023-02-02,2023-02-02,2023-02-03,0.2329059216637929,3.973882270773418,563.6484948104647,563.4178166817874,564.1662878058851,0.7484711240977049,0.75,0.0329128651507722,2,unreviewed
2022-07-31,2022-07-29,2022-08-02,0.2328424264360791,17.003097431540013,338.2504321154465,337.878500118386,338.87646099412814,0.9979608757421374,0.75,0.0358872790181465,7,unreviewed
2021-11-16,2021-11-15,2021-11-18,0.2327193654495571,13.25,117.57859857426956,117.57859857426956,117.82808866351844,0.2494900892488658,0.25,0.0167756930966837,11,unreviewed
2025-10-19,2025-10-17,2025-10-22,0.2324696258702189,17.74844906893159,914.9162434449256,914.5398823227732,915.5376716502942,0.9977893275208772,0.75,0.035752769202586,10,unreviewed
2022-05-28,2022-05-25,2022-06-01,0.2323643410525559,1.9606884765991988,564.6635405727309,564.4157782532275,565.1642488790676,0.7484706258401275,0.75,0.0354030905250485,5,unreviewed
2024-12-22,2024-12-17,2024-12-27,0.2323456292958623,2.734294834969429,568.6511459893788,568.4076255331747,569.1560961590149,0.7484706258401275,0.75,0.0387433290064735,12,unreviewed
2022-09-27,2022-09-26,2022-09-28,0.2322711565042214,38.18609318801032,1203.9247021448336,1203.6559569719248,1204.653746796772,0.997789824847132,1.0,0.0396921472148673,9,unreviewed
2022-08-20,2022-08-17,2022-08-24,0.2320689447868853,22.70988192519026,652.3484465760207,652.1713100569323,652.6699862866662,0.4986762297339737,0.75,0.0321102117224721,8,unreviewed
2022-12-27,2022-12-20,2023-01-04,0.2320153044176968,32.71009208211553,1062.6968438917474,1062.4537559570745,1063.2021122882145,0.7483563311398029,0.75,0.0451570429772685,12,unreviewed
2019-01-13,2019-01-07,2019-01-19,0.2317960650017693,6.498758515487241,227.97435705010085,227.60379013512284,228.60175062716007,0.9979604920372368,0.75,0.0354022094320359,1,unreviewed
2022-07-31,2022-07-29,2022-08-02,0.2316639599995121,15.750257323315202,41.648819173933795,41.299225381575525,42.248702072538435,0.9494766909629108,0.75,0.036899279402695,7,unreviewed
2022-11-17,2022-11-14,2022-11-21,0.2315463254224312,40.22094769487379,1028.7656900905065,1028.530841502827,1029.2791978330351,0.7483563302084804,0.75,0.0431895139502009,11,unreviewed
2022-10-22,2022-10-19,2022-10-25,0.2314210190251059,31.993379989887625,1074.934990904388,1074.6759827616625,1075.4243393423967,0.7483565807342529,0.75,0.0457957238806214,10,unreviewed
2021-10-11,2021-10-11,2021-10-12,0.2312420722585922,12.248259106363294,61.713139049341834,61.36551543790847,62.314992596860975,0.9494771589525044,0.75,0.0386393117009936,10,unreviewed
2022-07-31,2022-07-29,2022-08-02,0.2309760534509306,46.74416425656937,1018.5685729846738,1018.3040806660428,1019.0524367475882,0.7483560815453529,0.75,0.0351656340993145,7,unreviewed
2022-08-06,2022-08-02,2022-08-10,0.2307438405503622,20.49941443950947,904.9378651810108,904.5625559818,905.5603458094412,0.9977898276410996,0.75,0.0375593221644877,8,unreviewed
2023-03-11,2023-03-06,2023-03-17,0.2304266762744046,17.122460386935554,919.7783235977622,919.5285457437858,920.2769023254514,0.7483565816655755,1.0,0.0351194120342289,3,unreviewed
2023-02-02,2023-02-02,2023-02-03,0.2298148018305217,17.751801100920822,229.72420789299267,229.35022182157263,230.34818256320432,0.9979607416316868,0.75,0.0353725385318953,2,unreviewed
2024-05-12,2024-05-10,2024-05-14,0.2296948594701154,2.5787347843076236,29.525330778717567,29.399448483251035,30.115596305578947,0.7161478223279119,0.75,0.0423782057348407,5,unreviewed
2023-12-24,2023-12-21,2023-12-28,0.2294408161867377,6.625185806604549,547.9487789807249,547.6999180782586,548.4483889527619,0.7484708745032549,1.0,0.0358529758737288,12,unreviewed
2021-12-28,2021-12-21,2022-01-04,0.2294199213917631,4.723481745659111,378.80459658933177,378.54542443947867,379.2938953838311,0.748470944352448,0.75,0.0323762980945766,12,unreviewed
2023-02-04,2023-02-03,2023-02-06,0.2294073845147783,36.24916626336996,209.8889064379424,209.6404895088635,210.38896036380905,0.7484708549454808,0.75,0.0345187817088661,2,unreviewed
2023-02-04,2023-02-03,2023-02-06,0.2293328493506153,10.747723511453495,710.0269907998426,709.7775182267651,710.5263738073409,0.7488555805757642,0.75,0.0316798182331374,2,unreviewed
2022-07-31,2022-07-29,2022-08-02,0.2293308534299013,23.375777953776563,1107.8533827478557,1107.6059960471466,1108.3544675298035,0.7484714826568961,1.0,0.035601131979815,7,unreviewed
2023-02-04,2023-02-03,2023-02-06,0.2291378728458673,21.477243304364347,802.3922800059985,802.1517280302942,802.8994616135024,0.7477335832081735,0.75,0.0377871720740002,2,unreviewed
2023-02-04,2023-02-03,2023-02-06,0.2286650891267407,19.39650363231526,676.150580578791,675.8439995786175,676.5918624443002,0.7478628656826913,0.5,0.0257481439294435,2,unreviewed
2018-12-14,2018-12-10,2018-12-18,0.2284960595912746,1.9692595748932211,537.4708265906372,537.221319091972,537.9697897182778,0.7484706263057888,0.75,0.036664280371397,12,unreviewed
2022-09-27,2022-09-26,2022-09-28,0.2282334088998178,6.873381544261885,101.11295273471632,100.86275385180488,101.61122461780906,0.748470766004175,1.0,0.0382363659319619,9,unreviewed
2022-08-06,2022-08-02,2022-08-10,0.2279056412950671,2.2540240091320523,541.4705348812864,541.2131656254642,541.9616367490962,0.7484711236320436,0.75,0.0368893568826505,8,unreviewed
2024-03-03,2024-02-27,2024-03-08,0.2277566333392632,2.7406929351174867,479.0679382527562,478.84055785415694,479.5890286397189,0.748470785561949,0.75,0.035776506666237,3,unreviewed
2023-11-12,2023-11-09,2023-11-16,0.2275197424995214,3.2072133525378343,136.5416434162698,136.2903645108454,137.03883477905765,0.7484702682122588,0.75,0.0357549180285829,11,unreviewed
2025-06-20,2025-06-16,2025-06-25,0.2273235185443272,7.120610984440036,32.19939582189545,32.19939582189545,32.448885911144316,0.2494900892488658,0.5,0.0231678017002106,6,unreviewed
2022-09-27,2022-09-26,2022-09-28,0.2271697079043053,12.37520956063242,331.391538292834,331.14226105390117,331.89073175005615,0.7484706961549819,1.0,0.0368403205246935,9,unreviewed
2021-10-24,2021-10-21,2021-10-27,0.2269827150824133,48.256338368947,997.8494750765468,997.601125748828,998.349482330028,0.7483565811999142,0.75,0.0322775413233279,10,unreviewed
2023-02-04,2023-02-03,2023-02-06,0.226816055702795,20.50630232747437,587.6267401070826,587.368899865076,588.1173704909161,0.7484706258401275,0.75,0.0376361780119514,2,unreviewed
2021-10-11,2021-10-11,2021-10-12,0.2265616381842835,4.131916338944415,69.47116603572913,68.83204199094325,70.24817735282704,1.4161353618837893,0.5,0.037026335245723,10,unreviewed
2020-08-09,2020-08-05,2020-08-14,0.2265201604569459,34.851638062300886,1040.0143691653575,1039.7553353225812,1040.753125149291,0.9977898267097772,0.75,0.0383950593342176,8,unreviewed
2021-02-01,2021-01-26,2021-02-08,0.2264335250234542,3.9977027640103233,1065.6960168064888,1065.4469546591863,1066.195310990326,0.7483563311398029,0.75,0.0355041039353631,2,unreviewed
2023-02-04,2023-02-03,2023-02-06,0.226255888079909,16.98715786632807,279.9868158802662,279.74725708924234,280.4957274463959,0.7484703571535647,0.75,0.0400933754101784,2,unreviewed
2020-04-12,2020-04-08,2020-04-16,0.2262240780935298,17.76198206608633,899.2951303298826,899.075026568491,899.8233831501566,0.7483565816655755,0.75,0.035557140529951,4,unreviewed
2022-10-28,2022-10-25,2022-11-01,0.2260043396974238,29.981987796194797,565.6817749171859,565.4137398237363,566.162210947834,0.7484711240977049,1.0,0.0349703734781911,10,unreviewed
2023-02-04,2023-02-03,2023-02-06,0.2259498884854453,32.74802523721307,283.86340937606997,283.73910148022696,284.23808195116,0.4989804709330201,0.75,0.0262869880720113,2,unreviewed
2025-04-04,2025-04-01,2025-04-08,0.2259435888606917,10.737945916147089,297.73979073946464,297.46106658456847,298.20953694265336,0.7484703580848873,0.75,0.0318884253686707,4,unreviewed
2022-07-31,2022-07-29,2022-08-02,0.2256870506764216,27.7540214206772,1107.8645257467963,1107.6059960471466,1108.3544675298035,0.7484714826568961,0.75,0.0329941301809907,7,unreviewed
2023-02-04,2023-02-03,2023-02-06,0.2255510785777809,21.229616063080705,803.3892069850639,803.1482150191441,803.8959486023523,0.7477335832081735,0.75,0.0345949795248394,2,unreviewed
2024-09-20,2024-09-17,2024-09-24,0.2255351735845913,36.10036994550238,220.67234421242745,220.3685720069334,221.1170426136814,0.7484706067480147,0.5,0.0306217184673405,9,unreviewed
2018-09-22,2018-09-06,2018-10-08,0.2254883318203349,2.239094270918766,569.153323693498,568.906606069766,569.6550771943294,0.7484711245633662,0.75,0.0364085514893053,9,unreviewed
2023-02-04,2023-02-03,2023-02-06,0.2254875833500671,28.99610696577621,556.1818926078391,555.933103156276,556.6815737816505,0.7484706253744662,0.75,0.0449033513904126,2,unreviewed
2022-07-31,2022-07-29,2022-08-02,0.225398265898116,34.49800421612716,1159.7699065060842,1159.5000648549758,1160.2485363362357,0.7484714812599123,0.75,0.0338969159265928,7,unreviewed
2020-04-05,2020-04-02,2020-04-08,0.2251396694206096,2.1796298174006683,509.4989713439777,509.27838813047856,510.0268587563187,0.7484706258401275,0.75,0.0347790275867817,4,unreviewed
2021-11-13,2021-11-12,2021-11-15,0.2247169708368997,1.9657407253207209,603.5702406555403,603.3308126837946,604.0786750530824,0.7478623692877591,0.75,0.0371602056182532,11,unreviewed
2019-11-20,2019-11-18,2019-11-22,0.2246410634772457,1.7141172278010657,550.9373248398044,550.6938032894395,551.4422744130716,0.7484711236320436,0.75,0.0347730309495274,11,unreviewed
2025-01-12,2025-01-10,2025-01-14,0.2245440742050502,3.2565794956067244,1030.818689804148,1030.526307220105,1031.5240970468149,0.9977898267097772,0.75,0.0362648775628757,1,unreviewed
2025-03-14,2025-03-10,2025-03-18,0.2240755941899632,3.2657594758244657,504.8147517860786,504.53806954761967,505.2865406717174,0.7484711240977049,0.75,0.0388387026779692,3,unreviewed
2021-11-20,2021-11-18,2021-11-22,0.223947106794,43.7237961000725,1062.2330420149758,1061.9548899652436,1062.703246046323,0.7483560810796916,0.75,0.0356946914175971,11,unreviewed
2021-10-16,2021-10-12,2021-10-21,0.223814253321475,1.722783220240406,596.3487406903882,596.1010654787533,596.849536602851,0.7484711240977049,0.75,0.0328732903190472,10,unreviewed
2021-10-30,2021-10-27,2021-11-03,0.2234695827631777,43.721028834541265,1075.188803314133,1074.9254160067069,1075.6737725883722,0.7483565816655755,0.75,0.0433325521512923,10,unreviewed
2024-04-06,2024-04-04,2024-04-09,0.2232370579999977,2.225294159721471,606.340441390084,606.0718612186611,606.8197235884145,0.7478623697534204,0.75,0.034942505658688,4,unreviewed
2019-01-13,2019-01-07,2019-01-19,0.2231691343231997,2.4817170411212506,699.0431416333352,698.791476432234,699.5403320109472,0.748855578713119,0.75,0.0318985597971612,1,unreviewed
2022-05-01,2022-04-29,2022-05-03,0.2229755923864649,1.7093378949514966,508.0287897663696,507.78144527599216,508.5299163996242,0.7484711236320436,0.75,0.0362593419194339,5,unreviewed
2021-12-28,2021-12-21,2022-01-04,0.2228670641976416,3.746347421792637,405.01159055159746,404.7419108939357,405.49038143036887,0.7484705364331603,0.75,0.0353048282068406,12,unreviewed
2017-11-11,2017-10-02,2017-12-21,0.2226528145834992,3.2178284831945088,957.9677792496884,957.6918186359107,958.4401749665848,0.7483563306741416,0.75,0.0339648455954776,11,unreviewed
2023-01-05,2023-01-04,2023-01-06,0.2225344315361506,4.215080715774415,611.5462494730133,611.3047711541876,612.0526335248724,0.7478623706847429,0.75,0.0340495494908295,1,unreviewed
2019-01-21,2019-01-19,2019-01-23,0.2220691948922238,2.228023275115585,78.86921637389571,78.63185815140605,79.34800597513095,0.7161478237248957,0.75,0.0356282822847551,1,unreviewed
2025-04-18,2025-04-15,2025-04-21,0.2220561590350605,32.75422481012089,540.7453477174092,540.4646945716813,541.2131651975214,0.7484706258401275,0.75,0.036402250001304,4,unreviewed
2021-11-16,2021-11-15,2021-11-18,0.2219314139904361,29.0,542.9630567571444,542.7101087290794,543.4585798527114,0.7484711236320436,0.25,0.024086140410446,11,unreviewed
2023-03-19,2023-03-17,2023-03-22,0.2216041453658639,3.7107099864252233,839.7715132132552,839.5199860818684,840.2677196650766,0.7477335832081735,0.75,0.0330585020185969,3,unreviewed
2022-11-10,2022-11-07,2022-11-14,0.2212369583270119,7.026548367562008,67.40533621407155,67.19873898569494,67.91488727647811,0.7161482907831669,0.75,0.0340742907313302,11,unreviewed
2021-11-20,2021-11-18,2021-11-22,0.2209889028057762,17.97950486995805,214.87181902510497,214.6302951825783,215.3787660393864,0.748470856808126,0.75,0.0403436095434406,11,unreviewed
2023-02-04,2023-02-03,2023-02-06,0.2207809528163873,15.225312348593036,825.8342469807754,825.5691692498513,826.3169028325938,0.7477335827425122,0.75,0.0403693359723309,2,unreviewed
2022-07-31,2022-07-29,2022-08-02,0.2203558840768295,17.996469826488156,198.6669479739854,198.41342771193013,199.16189822973683,0.7484705178067088,0.75,0.0338739294367332,7,unreviewed
2022-01-17,2022-01-14,2022-01-20,0.220147622224829,36.501085191614486,1045.7649266077387,1045.4922989802435,1046.240655560512,0.7483565802685916,0.75,0.0445457131342256,1,unreviewed
2023-11-05,2023-11-01,2023-11-09,0.2198133055052355,2.2193814285848057,556.6829690868544,556.4320836924016,557.1805543182418,0.7484706258401275,0.75,0.0344205565675786,11,unreviewed
2023-01-07,2023-01-06,2023-01-09,0.2196741524079569,3.1033545856438303,612.0359684966367,611.8031434356235,612.5510063008405,0.74786286521703,0.5,0.0305325626357752,1,unreviewed
2025-08-30,2025-08-25,2025-09-05,0.2195999914789277,33.365491633816475,223.40318161280803,223.11296472977847,223.8614350873977,0.748470357619226,0.5,0.032374078632431,8,unreviewed
2022-09-27,2022-09-26,2022-09-28,0.2191092444733753,2.714086500291923,57.88653538321439,57.63225239422172,58.348400452174246,0.7161480579525232,0.75,0.0396554796183146,9,unreviewed
2019-04-19,2019-04-15,2019-04-23,0.2189505687766129,2.469743422984877,501.5465165784995,501.2946938187815,502.0431649428792,0.7484711240977049,0.75,0.0344292113546388,4,unreviewed
2022-09-03,2022-08-30,2022-09-08,0.2188674262043708,16.949836294070508,40.20776834631389,39.66592237725854,41.08205750398338,1.4161351267248392,1.5,0.0341811148942974,9,unreviewed
2023-08-04,2023-08-01,2023-08-07,0.2186894150256917,3.7236901136335767,238.07389581898613,237.83289087098092,238.5813617263921,0.7484708554111421,0.75,0.0438597097289444,8,unreviewed
2024-01-18,2024-01-10,2024-01-26,0.2185882467945013,3.011892791106444,61.043586368828954,60.89885770343244,61.38167665991932,0.4828189564868808,0.75,0.0264658834127915,1,unreviewed
2022-04-18,2022-04-15,2022-04-22,0.2184788453903657,21.52139142162027,1111.1023723207877,1110.8493750994094,1111.5978465820665,0.7484714826568961,0.75,0.0352362628126176,4,unreviewed
2021-02-22,2021-02-08,2021-03-08,0.2182359667884819,2.4692302207086088,634.4727474771396,634.2299025030807,634.977765370626,0.7478628675453365,0.75,0.0347457096307536,2,unreviewed
2020-07-05,2020-07-02,2020-07-08,0.2181775237350754,2.236982611368006,628.7514119602577,628.498619790189,629.2464821599424,0.7478623697534204,0.75,0.0365209559080188,7,unreviewed
2022-11-24,2022-11-21,2022-11-28,0.2175324047368001,40.236917054322255,1147.780803835739,1147.5245104380883,1148.2729819202796,0.7484714821912348,0.75,0.0436362987437231,11,unreviewed
2019-11-24,2019-11-22,2019-11-26,0.2173713588841899,3.3629752801251054,950.1276679652468,949.7099575125612,950.7077473397368,0.9977898271754384,1.0,0.0350920126439224,11,unreviewed
2022-09-19,2022-09-13,2022-09-26,0.2172098764239236,2.2211088652536235,545.2165272099398,544.9555223882198,545.7039935118519,0.7484711236320436,0.75,0.0364902143125717,9,unreviewed
2021-11-06,2021-11-04,2021-11-08,0.2171682739515414,1.724788715242774,541.7015729245544,541.4626561431214,542.2111272667535,0.7484711236320436,0.75,0.036253702180615,11,unreviewed
2023-09-03,2023-09-01,2023-09-05,0.2169677462923076,2.2237512788986535,543.1918290837546,542.9595992458053,543.708070369903,0.7484711240977049,0.75,0.0370426001483812,9,unreviewed
2020-03-26,2020-03-19,2020-04-02,0.2165922637079881,36.24108870432439,1110.8492237191458,1110.5998844034038,1111.3483558846638,0.7484714812599123,0.75,0.0399109817211921,3,unreviewed
2019-02-17,2019-02-15,2019-02-19,0.2163878689523709,2.6285952684157703,1016.6235860346676,1016.0591819523834,1017.306405026,1.247223073616624,0.5,0.0381735555250109,2,unreviewed
2023-02-04,2023-02-03,2023-02-06,0.2163785754465464,17.754761492280636,570.1969452152246,569.904568138998,570.6530392616987,0.748471122700721,0.75,0.0384955820091834,2,unreviewed
2022-07-31,2022-07-29,2022-08-02,0.2163055372229188,33.22585923663523,1215.620834397897,1215.3793205022812,1216.1276775831357,0.7483570808544755,0.75,0.0347060046798074,7,unreviewed
2023-02-02,2023-02-02,2023-02-03,0.2162231431209444,4.84597849907158,611.0492787371669,610.3080265941098,611.8034473839216,1.4954207898117602,0.5,0.0341877100799695,2,unreviewed
2022-08-06,2022-08-02,2022-08-10,0.2159142743904542,2.623417427157668,501.1747691254116,500.795712783467,501.793674425222,0.997961641754955,0.5,0.0357104916087508,8,unreviewed
2022-07-31,2022-07-29,2022-08-02,0.2158293853875873,31.74358492894316,833.5685376537245,833.2919434062205,834.0396769898944,0.7477335836738348,0.75,0.0325375715751054,7,unreviewed
2019-11-20,2019-11-18,2019-11-22,0.2155750926141204,42.25133338116937,1025.598111819225,1025.2882100539282,1026.0365666355938,0.7483565816655755,0.75,0.036413968166602,11,unreviewed
2025-01-12,2025-01-10,2025-01-14,0.2155188949715171,3.75,29.735250679872856,29.632777349557728,30.115596305578947,0.4828189560212195,0.25,0.020891473737235,1,unreviewed
2019-09-13,2019-09-11,2019-09-16,0.2154837792414553,3.27171277129386,403.4307310454157,403.24496855633333,403.743949118536,0.4989805622026324,0.75,0.0270071626436429,9,unreviewed
2020-01-24,2020-01-21,2020-01-27,0.2154416154163723,1.9707308190153705,499.8013479147816,499.5482601975091,500.2967313220725,0.7484711245633662,0.75,0.0363142410777319,1,unreviewed
2022-09-27,2022-09-26,2022-09-28,0.2154147328592557,17.2241792088439,376.2927859455272,376.0505211544223,376.79899185104296,0.7484706966206431,0.75,0.0453258819610909,9,unreviewed
2023-03-19,2023-03-17,2023-03-22,0.2153771222283014,2.482455647528277,675.8525546420789,675.594813188538,676.3426760556176,0.7478628670796752,0.75,0.0380743898076382,3,unreviewed
2023-02-04,2023-02-03,2023-02-06,0.2149257322843279,17.252327951965267,270.50598993175385,270.2666267566383,271.01509736292064,0.7484706062823534,0.75,0.0385191410236166,2,unreviewed
2023-02-04,2023-02-03,2023-02-06,0.2147005051062585,18.997344671141867,207.897515084258,207.64456743840128,208.39303829334676,0.7484708549454808,0.75,0.0366335313405659,2,unreviewed
2025-01-12,2025-01-10,2025-01-14,0.2145500625824415,2.7445457127515795,1014.0546699574296,1013.8142837393098,1014.5626398203894,0.7483560810796916,0.75,0.0337863703538974,1,unreviewed
2021-11-16,2021-11-15,2021-11-18,0.214443280824243,4.5712786549567275,671.4806591903235,671.1094616744667,672.3556963233277,1.246234648860991,0.75,0.0387600660560203,11,unreviewed
2019-11-24,2019-11-22,2019-11-26,0.214153809948192,2.3702346231094893,939.9796801748475,939.732631671708,940.480988002848,0.7483563311398029,0.5,0.0268393794843588,11,unreviewed
2022-10-28,2022-10-25,2022-11-01,0.2138637777194401,40.74349337701025,1167.470230059043,1167.234277187381,1167.982748917304,0.7484717299230397,0.75,0.0408441261399615,10,unreviewed
2021-11-16,2021-11-15,2021-11-18,0.2138525506654239,4.898037381651118,45.19988266678211,45.03248842479661,45.51530761504546,0.482819190248847,0.5,0.0290364313823552,11,unreviewed
2021-11-20,2021-11-18,2021-11-22,0.2136060544572461,40.24057313934549,1061.4571134654857,1061.2065904773772,1061.9549470581114,0.7483565807342529,0.75,0.0379872768478468,11,unreviewed
2023-02-02,2023-02-02,2023-02-03,0.2135923948748597,18.005381719703205,388.506924277246,388.27554714493454,389.02401808975264,0.7484709448181093,0.75,0.0325157152636248,2,unreviewed
2022-10-28,2022-10-25,2022-11-01,0.2135393782308943,35.4837574369533,1150.2950084008571,1150.0194174014032,1150.767888882663,0.7484714812599123,0.75,0.043030091880306,10,unreviewed
2023-01-07,2023-01-06,2023-01-09,0.2135025160702078,34.25915382664791,1148.024338257373,1147.7740011350252,1148.5224726167507,0.7484714817255735,0.75,0.0406265742373892,1,unreviewed
2023-02-04,2023-02-03,2023-02-06,0.2134755711405689,21.837378125922186,774.9067871786976,774.695039017126,775.4438945972361,0.7488555801101029,1.0,0.0301863060937569,2,unreviewed
2023-02-04,2023-02-03,2023-02-06,0.2131649559794541,9.733257524995537,272.99317050311026,272.76152934366837,273.5099997026846,0.7484703590162098,0.75,0.0385829329012652,2,unreviewed
2021-02-22,2021-02-08,2021-03-08,0.2131540407880494,2.2751598055266595,31.319588888196016,31.03275148803368,31.748899311758574,0.7161478237248957,0.75,0.035719666872696,2,unreviewed
2022-07-31,2022-07-29,2022-08-02,0.2131529180826478,30.501296739613576,1163.5003583673113,1163.242425298784,1163.9908967819065,0.7484714831225574,0.75,0.0333361950252382,7,unreviewed
2023-02-25,2023-02-21,2023-03-02,0.2130831856027028,3.1210226329721142,1025.0276482111742,1024.5399103164673,1025.7871333891526,1.2472230726853013,0.5,0.0343319453778966,2,unreviewed
2021-12-01,2021-11-30,2021-12-03,0.213012517534923,1.7279824026123474,589.8608174465517,589.6143140215427,590.362785146106,0.7484711245633662,0.75,0.0353724418719023,12,unreviewed
2020-05-07,2020-04-23,2020-05-22,0.2129420365847102,24.49043536740679,1100.8702899533484,1100.6202555568889,1101.36872703908,0.7484714821912348,0.75,0.0362129005105181,5,unreviewed
2022-10-28,2022-10-25,2022-11-01,0.2129277532771007,28.724797711176993,1072.7046662771204,1072.4310835469514,1073.179440128151,0.7483565811999142,0.75,0.0393471714177555,10,unreviewed
2022-07-31,2022-07-29,2022-08-02,0.2128060644860696,42.27197923945207,1125.5638209640415,1125.3198364786804,1126.0683079608716,0.7484714821912348,0.75,0.0341490312120253,7,unreviewed
2025-02-24,2025-02-20,2025-02-28,0.2126560585699087,40.260854533471814,1204.174383787312,1203.905390216969,1204.653746796772,0.7483565798029304,0.75,0.0478412017566113,2,unreviewed
2022-07-31,2022-07-29,2022-08-02,0.2125562625342091,32.7504082484827,1153.7936579592122,1153.5122871492058,1154.2607591282576,0.7484719790518284,0.75,0.0340130306019583,7,unreviewed
2021-01-06,2020-12-17,2021-01-26,0.2125520835752142,36.64169530697955,1007.8339382434126,1007.5784535882996,1008.3268101704308,0.7483565821312368,1.0,0.0377087919728017,1,unreviewed
2022-08-06,2022-08-02,2022-08-10,0.2124408109954092,31.73798598062243,1146.2722121056051,1146.027566261124,1146.7760377428494,0.7484714817255735,0.75,0.0384862171429443,8,unreviewed
2023-02-04,2023-02-03,2023-02-06,0.2120967017898127,16.553376240963416,711.6771142708608,711.5252974447794,712.0244702794589,0.4991728346794843,0.75,0.0281154754169263,2,unreviewed
2019-11-29,2019-11-26,2019-12-02,0.2120605257268717,24.52135722695618,226.38526128953885,226.10684783477336,226.85531869065017,0.7484708558768034,0.75,0.0375563368577827,11,unreviewed
2022-08-06,2022-08-02,2022-08-10,0.2119998372626619,2.2143976192507644,547.7011118259392,547.4504275615327,548.1988986846991,0.7484711231663823,0.75,0.0336593665585579,8,unreviewed
2024-01-18,2024-01-10,2024-01-26,0.2119816244861467,8.756695329128906,681.0795997626407,680.827724120114,681.5755864894018,0.7478623692877591,0.75,0.0330855036158555,1,unreviewed
2022-07-31,2022-07-29,2022-08-02,0.2115817542456031,39.73484247958642,1103.1304296038074,1102.8656728193164,1103.6141443019733,0.7484714826568961,0.75,0.0373552654840067,7,unreviewed
2025-10-31,2025-10-27,2025-11-05,0.2115665353501589,3.758549644853763,916.5409449184692,916.2859145449474,917.0342711261474,0.7483565811999142,0.75,0.0332818089084412,10,unreviewed
2018-07-12,2018-06-15,2018-08-08,0.2115499442592238,18.9566288254592,410.1321095433785,409.7317188521847,410.7296801102348,0.9979612580500544,0.75,0.0341826391480322,7,unreviewed
2023-02-04,2023-02-03,2023-02-06,0.2113522857360164,2.936680696274629,455.95378926252187,455.63795087346807,456.38642190769315,0.7484710342250764,0.5,0.0234400761707092,2,unreviewed
2021-04-27,2021-04-21,2021-05-04,0.211261097108396,1.9747609744777663,535.7292114573585,535.4748857198283,536.2233568443917,0.7484711245633662,0.75,0.0381494425744643,4,unreviewed
2023-02-02,2023-02-02,2023-02-03,0.2112032154076902,16.73420237626242,647.6719344554505,647.4367714072578,648.1846340256743,0.7478626184165478,0.75,0.0339806941166277,2,unreviewed
2018-05-05,2018-03-26,2018-06-15,0.2107354838628709,38.99410461369436,1085.6629131116183,1085.401610339526,1086.1499666697346,0.7483563302084804,0.75,0.0433611300499743,5,unreviewed
2025-05-09,2025-05-05,2025-05-14,0.2106746082810942,1.9771721472974229,517.2616887724042,517.0125924227759,517.761063048616,0.7484706258401275,0.75,0.0328502369107309,5,unreviewed
2022-07-31,2022-07-29,2022-08-02,0.210623837047932,35.72520802554082,1188.1879894664796,1187.9416615157388,1188.6900180960074,0.7483565802685916,0.75,0.0344975685581078,7,unreviewed
2022-11-24,2022-11-21,2022-11-28,0.2106089300150994,2.5104530996881507,917.5308091296788,917.2836472783238,918.0320033608004,0.7483560824766755,0.75,0.0322462346386913,11,unreviewed
2025-03-28,2025-03-24,2025-04-01,0.2103653029429479,2.7448715044575245,831.2971918271701,831.0498476824723,831.7975812666118,0.7477335841394961,0.75,0.031330258521745,3,unreviewed
2022-06-23,2022-06-15,2022-07-01,0.2103321207610778,12.497370923719648,1014.828196372234,1014.5625827265904,1015.31093905773,0.7483563311398029,0.75,0.034489980748662,6,unreviewed
2019-12-11,2019-12-11,2019-12-11,0.2099646218596142,10.25,34.76601429656148,34.76601429656148,35.015504385810345,0.2494900892488658,0.25,0.0122995035899555,12,unreviewed
2023-02-25,2023-02-21,2023-03-02,0.2098166118641673,3.470649779260965,1174.224806232382,1173.9705262342468,1174.7189977169037,0.7484714826568961,0.75,0.0333625794856189,2,unreviewed
2019-12-13,2019-12-13,2019-12-13,0.2095093024467351,36.289824575766595,1047.5519615230091,1047.2383312014863,1047.986687282566,0.7483560810796916,0.75,0.0321298671602673,12,unreviewed
2022-07-31,2022-07-29,2022-08-02,0.209336281069841,29.48612399760922,1206.1389136612056,1205.900857179891,1206.64921376016,0.7483565802685916,0.75,0.0336394992123167,7,unreviewed
2021-06-22,2021-06-01,2021-07-14,0.2090571016599715,2.5,30.561608978679427,30.332764418795705,31.048912710044533,0.7161482912488282,0.25,0.022250264152609,6,unreviewed
2023-02-19,2023-02-17,2023-02-21,0.2087592728659306,3.2224423546635395,1107.5993878117413,1107.356505351141,1108.1049768333323,0.7484714821912348,0.75,0.0312729317105473,2,unreviewed
2024-08-17,2024-08-14,2024-08-21,0.2087539712015341,1.978800319102211,76.07076069771857,75.83191081089899,76.5480586332269,0.7161478223279119,0.75,0.0329769395730155,8,unreviewed
2023-02-04,2023-02-03,2023-02-06,0.208621491964143,16.680164845612516,301.653797450606,301.4529110835865,302.2013820288703,0.7484709452837706,0.75,0.0385806428029709,2,unreviewed
2022-07-31,2022-07-29,2022-08-02,0.2082607916676114,31.272524822678047,1068.7100019863517,1068.440152610652,1069.1885091927834,0.7483565821312368,0.75,0.0358224313159597,7,unreviewed
2018-12-22,2018-12-18,2018-12-26,0.2079088858967259,1.992581167063316,557.9265745356071,557.679535781499,558.4280069041997,0.748471122700721,0.75,0.0322454873825921,12,unreviewed
2025-11-07,2025-11-05,2025-11-10,0.2077200842716868,35.52165801783255,1196.4248802889342,1196.1729596126825,1196.921316191554,0.7483565788716078,0.75,0.0411252951886566,11,unreviewed
2018-12-22,2018-12-18,2018-12-26,0.2073465976080813,3.2323693584804856,151.2917303811272,151.01028702175245,151.75875778775662,0.748470766004175,0.75,0.0354946684329753,12,unreviewed
2023-02-04,2023-02-03,2023-02-06,0.2072836637330682,17.004356265141126,226.86999915084937,226.6058286014013,227.35429945681244,0.7484708554111421,0.75,0.0400096864447523,2,unreviewed
2022-08-06,2022-08-02,2022-08-10,0.207272436679052,30.72039958027611,565.4315790491883,565.1642493070103,565.912720429711,0.748471122700721,0.75,0.0379665916093576,8,unreviewed
2023-01-05,2023-01-04,2023-01-06,0.2067042853733101,2.7433781488870954,287.46168718577223,287.2319651017897,287.980435709469,0.7484706076793373,0.75,0.0377631780895988,1,unreviewed
2022-08-06,2022-08-02,2022-08-10,0.206555838770207,30.99692456746611,1052.715890719655,1052.4764281180687,1053.2247844487429,0.7483563306741416,0.75,0.0331037091537566,8,unreviewed
2022-07-31,2022-07-29,2022-08-02,0.2063841272162814,39.73583628371405,1111.3313428584318,1111.098865795415,1111.8473372780718,0.7484714826568961,0.75,0.0358704936386032,7,unreviewed
2023-02-04,2023-02-03,2023-02-06,0.2059662936893119,24.247865132778312,529.7300508598054,529.4871148001403,530.2355854255147,0.7484706253744662,0.75,0.0317713403756837,2,unreviewed
2019-03-25,2019-03-23,2019-03-27,0.2058388042537057,34.00599502689574,963.3999274062096,963.1793485479428,963.9277046294884,0.7483560815453529,0.75,0.0341943127010258,3,unreviewed
2025-03-03,2025-02-28,2025-03-07,0.2054587061027351,2.258354740566195,1003.346337218011,1003.0886561609803,1003.8370127417148,0.7483565807342529,0.75,0.0331500613380635,3,unreviewed
2023-06-16,2023-06-12,2023-06-21,0.2053195530054565,3.259239322115045,505.05474343655976,504.7875600652769,505.53603118890896,0.7484711236320436,0.75,0.0381176711783232,6,unreviewed
2023-10-10,2023-10-03,2023-10-18,0.2052409636273432,2.984890066058524,917.0134669104528,916.7847810368984,917.5331373675726,0.7483563306741416,0.75,0.035044381573555,10,unreviewed
2025-05-30,2025-05-27,2025-06-02,0.2052228755958726,1.9795514177073843,535.4807935217199,535.2253952021711,535.9738663262688,0.7484711240977049,0.75,0.0312950482604704,5,unreviewed
2025-02-24,2025-02-20,2025-02-28,0.2048396588187864,40.75921399955482,1223.1193114366374,1222.8623188622296,1223.6106754424982,0.7483565802685916,0.75,0.04207159280185,2,unreviewed
2022-10-28,2022-10-25,2022-11-01,0.2047228350844956,29.001345719108173,800.9116446239522,800.6569975488819,801.4047311316244,0.7477335827425122,0.75,0.0326439458973362,10,unreviewed
2024-01-03,2023-12-28,2024-01-10,0.2046239122641084,3.754971158365629,302.68001233203074,302.45087279425934,303.1993432417512,0.7484704474918544,0.75,0.0344094592568507,1,unreviewed
2025-02-15,2025-02-10,2025-02-20,0.2044369194422164,27.242849201690465,992.3632302501128,992.1135953380726,992.8619519183412,0.7483565802685916,0.75,0.0326125462703987,2,unreviewed
2022-08-20,2022-08-17,2022-08-24,0.2043875204045451,46.9785909418826,989.6118444975084,989.3698301310652,990.1181862126105,0.7483560815453529,0.75,0.0367380654052388,8,unreviewed
2022-10-28,2022-10-25,2022-11-01,0.2043646920613788,30.74582651461094,1163.986211420371,1163.7414066926576,1164.4898781729862,0.7484714803285897,0.75,0.0372082976824331,10,unreviewed
2022-09-27,2022-09-26,2022-09-28,0.2042467456216865,6.263846920580572,36.199525542123496,35.932659099344164,36.88213625783101,0.9494771584868432,1.5,0.0425102693090413,9,unreviewed
2019-02-02,2019-01-30,2019-02-06,0.2041625427165649,1.9835486730881624,596.8501796453879,596.6000465136021,597.3485176376998,0.7484711240977049,0.75,0.0318990245086658,2,unreviewed
2022-07-31,2022-07-29,2022-08-02,0.2040421637485024,27.73624427491183,549.9302816040406,549.6958412202075,550.4443123438396,0.7484711236320436,0.75,0.0377132160263248,7,unreviewed
2023-01-05,2023-01-04,2023-01-06,0.2039651960559691,3.983416016510744,1117.8382883628217,1117.585624894593,1118.3340963777157,0.7484714831225574,0.75,0.0336523587090698,1,unreviewed
2022-07-31,2022-07-29,2022-08-02,0.2035986951148625,34.01149908845466,1072.9443922754906,1072.6805167924613,1073.4288733741269,0.7483565816655755,0.75,0.0323100265163399,7,unreviewed
2024-02-12,2024-02-08,2024-02-16,0.2035723739104467,4.232268449651711,853.7140287507783,853.4708029134199,854.2185364980251,0.7477335846051574,0.75,0.0327747194324003,2,unreviewed
2019-11-29,2019-11-26,2019-12-02,0.2035039512534702,3.2376015947440138,965.665627830296,965.4242470129392,966.1726035941392,0.7483565811999142,0.75,0.0333655201800195,11,unreviewed
2023-12-24,2023-12-21,2023-12-28,0.2031674514955959,33.509237339987465,575.3889122990524,575.1438677567057,575.8923383816145,0.7484706249088049,0.75,0.0327404274410587,12,unreviewed
2020-01-12,2020-01-10,2020-01-14,0.2029314962436887,0.0,37.68272610604538,37.56596187129617,38.04878106107935,0.4828191897831857,0.25,0.0250849876005705,1,unreviewed
2022-05-15,2022-05-12,2022-05-18,0.20284305200705,22.2532012175435,995.105265299309,994.8573600430972,995.6057166242972,0.7483565811999142,0.75,0.0335827932556891,5,unreviewed
2024-05-12,2024-05-10,2024-05-14,0.2027842970910319,2.25,29.75201321033225,29.632777349557728,30.115596305578947,0.4828189560212195,0.25,0.0217513127044353,5,unreviewed
2024-11-01,2024-10-29,2024-11-04,0.2027213008434965,31.3778825415286,567.9086449965835,567.9086449965835,568.1581350858323,0.2494900892488658,0.5,0.0171493360170864,11,unreviewed
2023-08-18,2023-08-15,2023-08-22,0.2025938114078904,6.237157902741457,782.9363364666364,782.6848878683522,783.4337434484623,0.7488555801101029,0.75,0.0329224865377618,8,unreviewed
2018-10-22,2018-10-08,2018-11-05,0.2025110430707821,2.97221940748411,349.3575366278243,349.10556489555165,349.8540358413011,0.7484709457494318,0.75,0.0331347332937984,10,unreviewed
2022-10-28,2022-10-25,2022-11-01,0.2024847218663663,36.22781041758243,1070.921079777312,1070.6850518258289,1071.4334079059772,0.7483560801483691,0.75,0.0397455295548146,10,unreviewed
2023-02-19,2023-02-17,2023-02-21,0.2024668209524627,3.253775234204844,1019.5609600383692,1019.301813150756,1020.050169731956,0.7483565811999142,0.75,0.0352309836899262,2,unreviewed
2023-02-04,2023-02-03,2023-02-06,0.2022663556657513,26.851973988521294,520.2024851249355,520.0064776339568,520.7549487580545,0.7484711240977049,0.5,0.0247561986345841,2,unreviewed
2024-02-03,2024-01-30,2024-02-08,0.2018634291716143,21.24399366459689,1012.574662126031,1012.3176842625252,1013.0660408441908,0.7483565816655755,0.75,0.0331929932456972,2,unreviewed
2022-08-06,2022-08-02,2022-08-10,0.2018530129603882,12.86032626043299,879.6862231153435,879.3794616027735,880.1271951859817,0.7477335832081735,1.0,0.0345465082560718,8,unreviewed
2023-12-24,2023-12-21,2023-12-28,0.2018313696951459,34.50242312653473,575.8920757302001,575.6428482923657,576.3913191668689,0.7484708745032549,0.75,0.0324864198503798,12,unreviewed
2023-02-04,2023-02-03,2023-02-06,0.2017799123642383,2.7499999999999996,630.1210170247798,629.7445504907519,630.7415997460485,0.997049255296588,0.25,0.025938262982481,2,unreviewed
2022-08-06,2022-08-02,2022-08-10,0.2016981419874869,3.4983874838191755,320.4126039001682,320.16468620859087,320.9131571543403,0.7484709457494318,0.75,0.0347838419979686,8,unreviewed
2019-01-13,2019-01-07,2019-01-19,0.2016562276524931,3.7255054291647567,851.4845727516787,851.2287071910687,851.9764407738112,0.7477335827425122,0.75,0.0326066685992896,1,unreviewed
2022-07-31,2022-07-29,2022-08-02,0.2016146875526332,41.73305847802333,1102.8569952896023,1102.6161821233109,1103.3646536050364,0.7484714817255735,0.75,0.034504278992233,7,unreviewed
2025-07-25,2025-07-22,2025-07-28,0.2015564316167936,2.9887263445329,283.74309225196913,283.48961109574884,284.23808195116,0.7484708554111421,0.75,0.0327534542339535,7,unreviewed
2022-10-28,2022-10-25,2022-11-01,0.2015118352633403,32.49129103228664,1224.3673807302882,1224.1094850902446,1224.8578416695818,0.7483565793372691,0.75,0.0369234667070823,10,unreviewed
2020-02-20,2020-02-19,2020-02-22,0.2014509596815636,2.234421805292768,67.89727139646898,67.66539718722925,68.3815454794094,0.7161482921801507,0.75,0.0326484145631637,2,unreviewed
2021-01-06,2020-12-17,2021-01-26,0.2013233455009128,3.47789052893387,850.4800331130385,850.2322202026844,850.9799537863582,0.7477335836738348,0.75,0.0331183085303827,1,unreviewed
2023-02-02,2023-02-02,2023-02-03,0.2013017646081928,10.73544429265439,784.6817978451145,784.4326670859009,785.181522666011,0.7488555801101029,0.75,0.032268090950172,2,unreviewed
2022-08-06,2022-08-02,2022-08-10,0.2011618630406465,23.979487192605166,258.7913542909246,258.5405837208964,259.28905457630754,0.7484708554111421,0.75,0.0356403164538761,8,unreviewed
2018-07-12,2018-06-15,2018-08-08,0.2011100314746051,19.281366138216946,411.1882337700185,410.9791704691015,411.7276412541978,0.7484707850962877,0.75,0.0300593431930298,7,unreviewed
2022-07-31,2022-07-29,2022-08-02,0.201025703824439,32.74535539259413,1045.223139984295,1044.9934324873611,1045.7417890694924,0.7483565821312368,0.75,0.0349781174307024,7,unreviewed
2018-11-30,2018-11-27,2018-12-04,0.2009806708633295,3.230910698474954,725.2500665828824,725.0081676938571,725.7570232730359,0.7488555791787803,0.75,0.0348797101225051,11,unreviewed
2018-05-05,2018-03-26,2018-06-15,0.2008972164284758,34.73261283637465,1224.1208603934465,1223.860051844269,1224.608408424072,0.7483565798029304,0.75,0.0533093170403158,5,unreviewed
2024-02-03,2024-01-30,2024-02-08,0.2008570485241067,5.251872585032176,823.3214574758772,823.0779527798295,823.8256863621064,0.7477335822768509,0.75,0.0322732027767217,2,unreviewed
2022-09-03,2022-08-30,2022-09-08,0.2007712239334051,19.010293096565444,54.83017830639931,54.598975483328104,55.315123308449984,0.7161478251218796,0.75,0.0331591659658601,9,unreviewed
2023-02-02,2023-02-02,2023-02-03,0.2005002776964808,17.220327441289804,387.5558746559326,387.27758642844856,388.02605687687173,0.748470448423177,0.75,0.0385273980176289,2,unreviewed
2018-11-30,2018-11-27,2018-12-04,0.2004143907332569,3.4854122110654107,1184.7046220572436,1184.4491364732385,1185.1976079554297,0.7484714821912348,0.75,0.0309508234371499,11,unreviewed
2019-04-19,2019-04-15,2019-04-23,0.2003566961501181,2.725552874161143,489.0663399856482,488.82017302373424,489.5686438092962,0.748470785561949,0.75,0.033677363905705,4,unreviewed
2024-11-15,2024-11-12,2024-11-19,0.2000769553875478,3.4927538536068936,756.9744890246499,756.7178793526255,757.4667349313386,0.748855578713119,0.75,0.0323677288144332,11,unreviewed
2024-01-18,2024-01-10,2024-01-26,0.2000498857128643,4.498123834704147,784.9127417832054,784.6823498313315,785.431205410976,0.7488555796444416,0.75,0.0331718879080079,1,unreviewed
2022-08-06,2022-08-02,2022-08-10,0.1999811511932762,13.725739168458484,377.55123219612346,377.2979722986929,378.0464432439767,0.7484709452837706,0.75,0.0331051404651906,8,unreviewed
2025-02-24,2025-02-20,2025-02-28,0.1999765356266251,2.9895889605148085,837.0346504894878,836.7796468641609,837.5273804469034,0.7477335827425122,0.75,0.0348822046938614,2,unreviewed
2022-07-31,2022-07-29,2022-08-02,0.1999162837700715,16.76196283349734,378.0393962441195,377.7969531547278,378.5454241000116,0.7484709452837706,0.75,0.0347076739235316,7,unreviewed
2020-07-15,2020-07-08,2020-07-23,0.1998373201568243,16.744967667853125,1064.6865342634956,1064.4492216748183,1065.1975782569498,0.7483565821312368,0.75,0.0337009377909063,7,unreviewed
2022-10-28,2022-10-25,2022-11-01,0.1995644403717084,28.246979034910147,787.1940968016514,786.9294945392758,787.6783501193859,0.7488555801101029,0.75,0.0325789940997723,10,unreviewed
2024-11-15,2024-11-12,2024-11-19,0.1993279861396227,3.4918530486900488,731.5046046381364,731.2502363263629,731.999091906473,0.7488555801101029,0.75,0.0334551834765477,11,unreviewed
2022-01-17,2022-01-14,2022-01-20,0.1992243853800621,1.995254774029032,503.039623619684,502.791636175476,503.540107050445,0.7484708749689162,0.75,0.0368614779100713,1,unreviewed
2021-12-28,2021-12-21,2022-01-04,0.1990715727003972,3.2265236217573645,1000.8451960323224,1000.5943237012252,1001.3426802828908,0.7483565816655755,0.75,0.0335048109475385,12,unreviewed
2025-03-03,2025-02-28,2025-03-07,0.1990690777995047,2.145287573845843,522.3893338029116,521.7529105083086,523.2498529339209,1.4969424256123602,0.5,0.0281172692033338,3,unreviewed
2023-12-24,2023-12-21,2023-12-28,0.1990121316866336,25.987029735149196,630.4943804246278,630.2429232676513,630.9907861351967,0.7478628675453365,0.75,0.0402584186304319,12,unreviewed
2019-11-24,2019-11-22,2019-11-26,0.1989278040364675,1.7286098264536662,541.466196657592,541.2131656254642,541.9616367490962,0.7484711236320436,0.75,0.0347772282238362,11,unreviewed
2019-12-13,2019-12-13,2019-12-14,0.1989252467630528,3.992911787474967,267.28098985327875,267.023252769839,267.7717236247845,0.7484708549454808,0.75,0.0318784061886332,12,unreviewed
2019-01-13,2019-01-07,2019-01-19,0.1988808375271664,2.8717597426077988,967.4234513710572,966.9208454894832,968.1680685621686,1.2472230726853013,0.5,0.0330915039708019,1,unreviewed
2024-02-03,2024-01-30,2024-02-08,0.1988415428381097,5.48598479846247,1055.4551628281604,1055.2201935737394,1055.968550155405,0.7483565816655755,0.75,0.0324003887389709,2,unreviewed
2018-11-24,2018-11-21,2018-11-27,0.1987256546916536,3.2320031266977995,115.8313243922986,115.58267686050384,116.33114737831056,0.7484705178067088,0.75,0.0325833958471432,11,unreviewed
2024-02-03,2024-01-30,2024-02-08,0.198438054991272,2.5,900.4476624032951,900.0727595528588,901.0705486312507,0.9977890783920884,0.25,0.0203455473913384,2,unreviewed
2023-02-04,2023-02-03,2023-02-06,0.1984259547219434,13.994152476468768,413.4654960653105,413.22458447376266,413.97305501112714,0.7484705373644829,0.75,0.0381692430022489,2,unreviewed
2022-04-18,2022-04-15,2022-04-22,0.198216507792019,24.252625595274427,1126.0562039813462,1125.8188178716227,1126.567289353814,0.7484714821912348,0.75,0.0323059110312559,4,unreviewed
2022-07-31,2022-07-29,2022-08-02,0.1981425339805567,40.9904296358554,1171.9535768343146,1171.7251099683344,1172.4735814491287,0.748471480794251,0.75,0.033001253278932,7,unreviewed
2022-09-27,2022-09-26,2022-09-28,0.198077666557352,30.76071646744676,1163.9943713966218,1163.7414066926576,1164.4898781729862,0.7484714803285897,0.75,0.0361499451135777,9,unreviewed
2022-07-31,2022-07-29,2022-08-02,0.1980285793822923,20.00043504855063,608.811414240934,608.5637226193212,609.3115852372721,0.7478626179508865,0.75,0.0320829982167674,7,unreviewed
2022-10-28,2022-10-25,2022-11-01,0.1978982208106597,28.244860760522982,601.345730602025,601.0881364289671,601.8359987973236,0.7478623683564365,0.75,0.0325489625835042,10,unreviewed
2022-08-06,2022-08-02,2022-08-10,0.1978767022904621,29.752584871605908,758.7195315801148,758.4656585692428,759.2145141493529,0.7488555801101029,0.75,0.0348370570417742,8,unreviewed
2022-07-31,2022-07-29,2022-08-02,0.1978402143649094,33.23859410708933,1074.1859724143435,1073.9276830228046,1074.67603960447,0.7483565816655755,0.75,0.033815011453344,7,unreviewed
2022-10-09,2022-10-05,2022-10-13,0.1978362848960037,4.74209877516276,1377.7301156870694,1377.4747724202462,1378.2135729403235,0.7388005200773478,0.75,0.0375120665810161,10,unreviewed
2023-02-04,2023-02-03,2023-02-06,0.1978054104974592,25.992077597746075,780.9418751834154,780.6874249051325,781.4362804857083,0.7488555805757642,0.75,0.0362114877875443,2,unreviewed
2023-12-24,2023-12-21,2023-12-28,0.1978032274591783,12.01086582243356,669.1162658480381,668.8667856683023,669.6146485335194,0.74786286521703,0.75,0.0361947209964612,12,unreviewed
2023-03-19,2023-03-17,2023-03-22,0.1976352582565915,5.749800623424593,807.1396943197467,806.8850402240641,807.6327738068067,0.7477335827425122,0.75,0.0322265531770519,3,unreviewed
2023-02-04,2023-02-03,2023-02-06,0.1975388927096191,30.733099585043902,840.5391367404769,840.2673513228074,841.0150849050842,0.7477335822768509,0.75,0.0373997179276832,2,unreviewed
2024-02-03,2024-01-30,2024-02-08,0.1970140279343618,2.235992429717979,640.7064376153764,640.4595574960113,641.2074201148935,0.7478626188822091,0.75,0.0311546700680309,2,unreviewed
2023-02-19,2023-02-17,2023-02-21,0.1969232135418752,4.00112148031918,1015.0532060551008,1014.8120157225056,1015.560372304637,0.7483565821312368,0.75,0.0342842139298443,2,unreviewed
2022-07-31,2022-07-29,2022-08-02,0.1968651447236025,32.74540550901695,1177.4477534487878,1177.2139052851126,1177.9623767673038,0.7484714821912348,0.75,0.0328792646501493,7,unreviewed
2018-12-14,2018-12-10,2018-12-18,0.1967506287726373,3.4882730522399505,1145.0302619152037,1144.780112780165,1145.5285842609592,0.748471480794251,0.75,0.0314276546177084,12,unreviewed
2023-02-04,2023-02-03,2023-02-06,0.1962387998545432,32.50137878952578,618.4056801511035,618.2819850654341,618.7806612947024,0.4986762292683124,0.75,0.0310377300650333,2,unreviewed
2024-04-06,2024-04-04,2024-04-09,0.1960574829321816,2.239667887346258,558.4375665039045,558.1785168149509,558.9269879390486,0.7484711240977049,0.75,0.0336483361662866,4,unreviewed
2023-02-02,2023-02-02,2023-02-03,0.195943278843828,26.731953445806145,801.1487961519957,800.9061192949302,801.6538528786041,0.7477335836738348,0.75,0.0344969477035377,2,unreviewed
2019-01-13,2019-01-07,2019-01-19,0.1951882594612386,4.235961983067014,737.240726775292,736.992940469645,737.7417960497551,0.7488555801101029,0.75,0.0336337144835084,1,unreviewed
2022-08-06,2022-08-02,2022-08-10,0.1951265106641495,30.00702466592401,868.4146649866187,868.1689839875326,868.9167175702751,0.7477335827425122,0.75,0.0338662821442148,8,unreviewed
2022-09-03,2022-08-30,2022-09-08,0.1949752572975424,5.739903406291786,44.575991001306384,44.33250158978626,45.048649413045496,0.7161478232592344,0.75,0.0352754770282151,9,unreviewed
2021-10-11,2021-10-11,2021-10-12,0.1949519923467199,8.497694127892599,34.523774445312846,34.29935656255111,35.015504385810345,0.7161478232592344,0.75,0.0373483877537398,10,unreviewed
2022-08-06,2022-08-02,2022-08-10,0.1949469401724126,31.76078922395783,837.0371252589276,836.7796468641609,837.5273804469034,0.7477335827425122,0.75,0.032885298464324,8,unreviewed
2022-12-16,2022-12-12,2022-12-20,0.194936024981008,27.506244018671815,930.74953448931,930.5036045690068,931.2519611506724,0.7483565816655755,0.75,0.0340860237673964,12,unreviewed
2023-02-02,2023-02-02,2023-02-03,0.1948268106944393,2.984976789601742,930.015837118786,929.7553050811402,930.50366141228,0.7483563311398029,0.75,0.0321067802927228,2,unreviewed
2022-10-28,2022-10-25,2022-11-01,0.1947583880374628,28.26107877238228,1188.4320396952826,1188.191094761249,1188.9394513401205,0.7483565788716078,0.75,0.0392586903472948,10,unreviewed
2025-02-24,2025-02-20,2025-02-28,0.1947325034407032,2.989075740337876,702.5363813255178,702.2870348664001,703.0358904469758,0.7488555805757642,0.75,0.0323612488772142,2,unreviewed
2023-11-21,2023-11-16,2023-11-27,0.1947222119745217,3.4799149434499186,1145.2627469336849,1145.0296034757048,1145.7780749574304,0.7484714817255735,0.75,0.0329468002436783,11,unreviewed
2025-02-03,2025-01-28,2025-02-10,0.1946456808896446,2.252195824264844,70.70561616750699,70.46534499712288,71.18149282038212,0.7161478232592344,0.75,0.0323235812215038,2,unreviewed
2022-08-06,2022-08-02,2022-08-10,0.1946187359600057,17.25914706255625,349.85558224962824,349.6045457520522,350.35301669640467,0.748470944352448,0.75,0.0337666256914933,8,unreviewed
2018-01-11,2017-12-21,2018-02-01,0.1944815787834412,5.984453098315782,397.75091449254097,397.5066897436045,398.2551601892337,0.7484704456292093,0.75,0.0319581469651169,1,unreviewed
2022-07-31,2022-07-29,2022-08-02,0.1943969392706635,34.50408483887487,1116.5937004785408,1116.338171413634,1117.0866428953595,0.7484714817255735,0.75,0.0330018518273498,7,unreviewed
2022-07-31,2022-07-29,2022-08-02,0.1942933385111029,25.24758976349314,196.42619821433556,196.16801590891555,196.91648617759347,0.7484702686779201,0.75,0.0319080473472375,7,unreviewed
2019-11-24,2019-11-22,2019-11-26,0.1942345212225625,41.735200397931486,1021.300902668264,1021.0478458725848,1021.796202453319,0.7483565807342529,0.75,0.039954869075679,11,unreviewed
2023-02-04,2023-02-03,2023-02-06,0.1941842489695788,2.0,610.6761065268319,610.3080265941098,611.305075103417,0.9970485093072056,0.25,0.0213807387388085,2,unreviewed
2020-06-04,2020-05-29,2020-06-10,0.1941164500378255,10.76577616363415,353.0920517160473,352.8479203195311,353.59639126388356,0.748470944352448,0.75,0.0330215555951415,6,unreviewed
2020-01-30,2020-01-27,2020-02-02,0.1939110573218513,1.9851729765789896,508.5311218606728,508.28042631037533,509.0288974340074,0.7484711236320436,0.75,0.0363810851805421,1,unreviewed
2021-11-06,2021-11-04,2021-11-08,0.1939056932849325,2.999313005656143,1036.0171122923264,1035.7644043858163,1036.5127609670162,0.7483565811999142,0.75,0.0320823662091213,11,unreviewed
2022-10-28,2022-10-25,2022-11-01,0.1937528806052676,29.75337160722667,603.8443616301023,603.5799988247454,604.3278611926362,0.7478623678907752,0.75,0.0317000536308902,10,unreviewed
2022-10-28,2022-10-25,2022-11-01,0.1937442731971885,34.99320698889076,1107.1305095151836,1106.8575239581987,1107.60599544039,0.7484714821912348,0.75,0.0398182253048898,10,unreviewed
2022-08-06,2022-08-02,2022-08-10,0.1935222893902793,37.003369098055394,954.7034375685072,954.4491876875982,955.197543768678,0.7483560810796916,0.75,0.0332213257767048,8,unreviewed
2023-01-21,2023-01-20,2023-01-23,0.1933527608746347,11.256110065042623,995.1104933085836,994.8573600430972,995.6057166242972,0.7483565811999142,0.75,0.0319676902805737,1,unreviewed
2022-07-31,2022-07-29,2022-08-02,0.1931851659071818,29.486935310982535,1125.821301678734,1125.5693271756172,1126.3177986573428,0.7484714817255735,0.75,0.03387956545786,7,unreviewed
2023-01-14,2023-01-09,2023-01-20,0.1930983433561232,10.254709714950929,1257.2818754548446,1257.0346764740534,1257.783033054322,0.7483565802685916,0.75,0.0312406695790575,1,unreviewed
2023-02-02,2023-02-02,2023-02-03,0.192855776616851,29.51651868257396,591.8485884024146,591.6102374126203,592.3587082880549,0.7484708754345775,0.75,0.0346207319775739,2,unreviewed
2025-11-07,2025-11-05,2025-11-10,0.1927307820821373,3.0035097144170138,273.74353806190356,273.5099997483194,274.25847060373053,0.7484708554111421,0.75,0.033986884073868,11,unreviewed
2023-03-11,2023-03-06,2023-03-17,0.192727725828544,17.9965864290185,666.1248258586875,665.8765509924851,666.6244138586335,0.7478628661483526,0.75,0.0315510448163887,3,unreviewed
2023-02-04,2023-02-03,2023-02-06,0.1925948099834966,21.193240608650456,615.8407553917519,615.540936530102,616.2887991480529,0.7478626179508865,0.75,0.035656231893483,2,unreviewed
2023-02-02,2023-02-02,2023-02-03,0.1925872005357746,17.51343243968879,253.5548405047222,253.30128791276368,254.0497585181147,0.7484706053510308,0.75,0.0320789793916763,2,unreviewed
2021-11-06,2021-11-04,2021-11-08,0.1924625802361947,3.4904652760561232,727.2429781812502,727.0056296554394,727.7544852360152,0.7488555805757642,0.75,0.0326608985730211,11,unreviewed
2018-12-14,2018-12-10,2018-12-18,0.1924364461493459,4.246259572887482,1163.2369329516896,1162.992934603244,1163.7414060849696,0.7484714817255735,0.75,0.0330192766499233,12,unreviewed
2022-09-27,2022-09-26,2022-09-28,0.1924340136209757,33.981514953308285,1205.4243530727952,1205.152557194233,1205.9009140236303,0.7483568293973804,0.75,0.0373596412075333,9,unreviewed
2020-02-20,2020-02-19,2020-02-22,0.1924038876926989,37.00721743127654,1230.3506664355623,1230.0958839771338,1230.8442405569367,0.7483565798029304,0.75,0.0428986008306789,2,unreviewed
2021-12-28,2021-12-21,2022-01-04,0.1923706431383065,3.4907189692308047,865.178156346611,864.9304015263915,865.6781348595396,0.7477333331480622,0.75,0.0320919429838064,12,unreviewed
2024-06-09,2024-06-07,2024-06-11,0.1922970435619781,28.494843159724446,241.08729284224316,240.82677422557023,241.57524458272383,0.7484703571535647,0.75,0.0379432630918306,6,unreviewed
2024-04-06,2024-04-04,2024-04-09,0.1922508878954671,2.8694132240816193,307.48786770549947,307.19118893379346,308.1891503063962,0.997961372602731,0.5,0.0310731540935999,4,unreviewed
2024-01-03,2023-12-28,2024-01-10,0.1919896717720235,3.993387832090635,753.7156327566003,753.4720036624931,754.2208592430688,0.7488555805757642,0.75,0.0342722689853321,1,unreviewed
2023-01-21,2023-01-20,2023-01-23,0.1919834345197923,4.351317798202932,1011.4123889204134,1011.070518032182,1011.8188746138476,0.7483565816655755,0.5,0.0523355456829752,1,unreviewed
2020-01-12,2020-01-10,2020-01-14,0.1918625565715512,4.256707817592224,967.6665332152996,967.4197119809688,968.1680685621686,0.7483565811999142,0.75,0.0319509049010304,1,unreviewed
2025-07-25,2025-07-22,2025-07-28,0.191733258332798,5.009004711122504,414.4631579131674,414.2225453671999,414.97101640189067,0.7484710346907377,0.75,0.0324171034823655,7,unreviewed
2023-01-05,2023-01-04,2023-01-06,0.1917053778153244,6.996397982141201,326.902867341302,326.6514350939542,327.3999055419117,0.7484704479575157,0.75,0.0320511599021697,1,unreviewed
2022-10-28,2022-10-25,2022-11-01,0.1915934815102963,3.7404180370803592,35.697709708381716,35.46600089687854,36.18214918859303,0.7161482917144895,0.75,0.0354099719730074,10,unreviewed
2019-11-29,2019-11-26,2019-12-02,0.1915643535423765,28.754674332707975,877.6304134391559,877.3864876264706,878.1342212092131,0.7477335827425122,0.75,0.0338941425283338,11,unreviewed
2025-11-07,2025-11-05,2025-11-10,0.191428818051392,3.9864358557385,454.1412307137576,453.8915185611695,454.6399893462658,0.7484707850962877,0.75,0.033425713331777,11,unreviewed
2022-10-28,2022-10-25,2022-11-01,0.1913565282980322,35.737697777873386,1104.6292049302072,1104.3626169972122,1105.1110884789375,0.7484714817255735,0.75,0.0382507087878374,10,unreviewed
2024-11-15,2024-11-12,2024-11-19,0.1913424944805119,3.234782593814268,815.8580263912002,815.6043003685772,816.3520339527167,0.7477335841394961,0.75,0.0330794735193729,11,unreviewed
2024-05-12,2024-05-10,2024-05-14,0.1913211007053589,2.2383154071501736,564.1649311336856,563.9167977166362,564.6652683424763,0.7484706258401275,0.75,0.035409414319202,5,unreviewed
2023-12-24,2023-12-21,2023-12-28,0.191279373487932,33.26342531527933,519.2665928401225,519.0085155651905,519.7569866888225,0.7484711236320436,0.75,0.0359450222108522,12,unreviewed
2019-02-10,2019-02-06,2019-02-15,0.1909789250479541,12.49737728893226,1022.5489394362446,1022.2950121024624,1023.0433686831966,0.7483565807342529,0.75,0.0334051693655852,2,unreviewed
2023-02-04,2023-02-03,2023-02-06,0.1909570946651448,21.24836398657154,808.6300948704827,808.3797707054764,809.1275042891502,0.7477335836738348,0.75,0.0415507850421957,2,unreviewed
2024-01-18,2024-01-10,2024-01-26,0.1909534146863283,8.252928304075878,62.29159600308501,62.06550250761211,62.781650797929615,0.7161482903175056,0.75,0.0336064563654992,1,unreviewed
2022-09-03,2022-08-30,2022-09-08,0.1908942855351764,7.498980167296674,70.00007570044308,69.76535816164687,70.48150621913373,0.7161480574868619,0.75,0.0324976770218653,9,unreviewed
2022-10-28,2022-10-25,2022-11-01,0.1908722680348001,35.25147335237785,1163.0019454444505,1162.7434439067729,1163.4919153880328,0.7484714812599123,0.75,0.0363888625922818,10,unreviewed
2022-01-09,2022-01-04,2022-01-14,0.1907325535848208,3.996227711433577,1047.234627747943,1046.9888982060363,1047.7372542871162,0.7483560810796916,0.75,0.0328190863691599,1,unreviewed
2024-01-18,2024-01-10,2024-01-26,0.1906862108007428,20.758370772091595,424.94411196811296,424.70114222960547,425.44961326383054,0.7484710342250764,0.75,0.0325253440859985,1,unreviewed
2019-02-17,2019-02-15,2019-02-19,0.1906159169680969,1.9919321694925016,1000.093542602903,999.846023962833,1000.5943805444986,0.7483565816655755,0.75,0.0366561274727617,2,unreviewed
2022-07-31,2022-07-29,2022-08-02,0.1905360801395373,48.492598471000456,997.8571647780597,997.601125748828,998.349482330028,0.7483565811999142,0.75,0.0334213673497867,7,unreviewed
2021-12-14,2021-12-13,2021-12-16,0.1902809765232803,41.48965636941861,1033.5312368877958,1033.2700724261813,1034.018428506795,0.7483560806140304,0.75,0.035748757812879,12,unreviewed
2022-10-28,2022-10-25,2022-11-01,0.1902700613318757,24.50935300698925,531.7390530769145,531.4830384394154,532.2315095644444,0.7484711250290275,0.75,0.033041857911351,10,unreviewed
2025-03-28,2025-03-24,2025-04-01,0.1902519733004051,3.736104923099822,1028.5352266615332,1028.28140850598,1029.029764587991,0.7483560820110142,0.75,0.0325110681485796,3,unreviewed
2020-01-24,2020-01-21,2020-01-27,0.1900517575037829,3.2490949422111868,925.2552685220772,925.0160751561634,925.764431737829,0.7483565816655755,0.75,0.0325129530184419,1,unreviewed
2022-07-31,2022-07-29,2022-08-02,0.1899989903499068,33.50463036369611,1203.4072786103234,1203.1570904813707,1203.9054470611736,0.7483565798029304,0.75,0.0338999569986783,7,unreviewed
2023-02-04,2023-02-03,2023-02-06,0.1899184674236017,17.485501440766974,698.7949213401731,698.5417936868034,699.2906492659822,0.7488555791787803,0.75,0.0351467333530027,2,unreviewed
2023-02-02,2023-02-02,2023-02-03,0.1898029535122795,30.76047738554755,788.1779861322407,787.9282255219296,788.6770811006427,0.748855578713119,0.75,0.0350605349454522,2,unreviewed
2023-12-02,2023-11-27,2023-12-08,0.1893520625484845,4.49377434470037,916.7865282382428,916.5353477904572,917.2837043721228,0.7483565816655755,0.75,0.0319508677241101,12,unreviewed
2019-11-24,2019-11-22,2019-11-26,0.1892835151464634,3.998564615059153,357.83209241433735,357.5882364572026,358.336707402952,0.7484709457494318,0.75,0.0327010570823957,11,unreviewed
2023-02-19,2023-02-17,2023-02-21,0.1891634480410123,4.253333139892793,952.948397990647,952.7031554649584,953.451512046624,0.7483565816655755,0.75,0.0338739852021137,2,unreviewed
2022-01-27,2022-01-20,2022-02-03,0.1891472311852112,33.48944185750498,241.32233292580753,241.07626435998827,241.82473471714184,0.7484703571535647,0.75,0.0412774454529287,1,unreviewed
2025-05-09,2025-05-05,2025-05-14,0.1891134252781179,10.255834187280408,445.9027030553278,445.65833495603874,446.4068059902638,0.7484710342250764,0.75,0.0318791534447325,5,unreviewed
2025-11-07,2025-11-05,2025-11-10,0.1890973331673614,3.237925089907086,1059.9643132933502,1059.7099910010584,1060.458347582724,0.7483565816655755,0.75,0.031739706534148,11,unreviewed
2025-02-03,2025-01-28,2025-02-10,0.1889980361118404,2.7413631309879483,283.74545040914876,283.48961109574884,284.23808195116,0.7484708554111421,0.75,0.0313091977963601,2,unreviewed
2023-02-02,2023-02-02,2023-02-03,0.1889633569894348,19.994642349648945,767.7164926729337,767.4542384017259,768.2030939823017,0.7488555805757642,0.75,0.0326233759073001,2,unreviewed
2021-11-16,2021-11-15,2021-11-18,0.1888983024486631,3.25,39.461951551873845,39.19926464278251,39.915412466507405,0.7161478237248957,0.25,0.0314095085628799,11,unreviewed
2022-09-27,2022-09-26,2022-09-28,0.1887708130130569,2.753701049989658,31.73406327726673,31.499409222509712,32.21555704437196,0.7161478218622506,0.75,0.0360223093105921,9,unreviewed
2022-07-31,2022-07-29,2022-08-02,0.1887409365748694,41.243923633199564,1059.7036868095545,1059.4605577555485,1060.2089143367484,0.7483565811999142,0.75,0.0324001656774487,7,unreviewed
2022-07-31,2022-07-29,2022-08-02,0.1887057584722853,41.48441982268499,1053.22899691904,1052.975294359494,1053.723650940694,0.7483565811999142,0.75,0.032662943303641,7,unreviewed
2023-02-25,2023-02-21,2023-03-02,0.1886355270121618,3.3848139278129388,629.5449014374794,628.9969920706935,630.243226969149,1.246234898455441,0.5,0.040350743794458,2,unreviewed
2023-02-25,2023-02-21,2023-03-02,0.1884647510460709,5.5062548008521315,438.4183541383279,438.1736237662845,438.9220943027176,0.7484705364331603,0.75,0.0321590845019796,2,unreviewed
2019-02-10,2019-02-06,2019-02-15,0.1884328786871693,5.741154676725737,237.07965047914564,236.8349300841801,237.5834004417993,0.748470357619226,0.75,0.0318869011149358,2,unreviewed
2025-11-13,2025-11-10,2025-11-17,0.1884117967746278,5.746348009600264,102.85131899988988,102.60918547585608,103.35765599319711,0.7484705173410475,0.75,0.0410929735740942,11,unreviewed
2022-09-27,2022-09-26,2022-09-28,0.1883582187779616,41.249681942162816,1097.1382188878315,1096.8778951130807,1097.6263665943409,0.7484714812599123,0.75,0.033356222232237,9,unreviewed
2022-06-23,2022-06-15,2022-07-01,0.1883567218374262,25.12272908045288,1009.343061127711,1009.0750528140924,1009.8234088965692,0.7483560824766755,0.5,0.0263773038234918,6,unreviewed
2022-08-06,2022-08-02,2022-08-10,0.1882766978912995,31.995369103526688,934.4989853408292,934.245102008339,934.99345809035,0.7483560820110142,0.75,0.03481420810652,8,unreviewed
2022-07-31,2022-07-29,2022-08-02,0.1882695250512337,17.257340973188725,292.2297954641843,291.97228014469147,292.72075100056827,0.7484708558768034,0.75,0.0330079191007528,7,unreviewed
2022-07-31,2022-07-29,2022-08-02,0.1882549922535349,13.494973388429534,428.1933404449983,427.944517377764,428.69298841198906,0.7484710342250764,0.75,0.0336247102333968,7,unreviewed
2019-02-02,2019-01-30,2019-02-06,0.1882445136697864,4.749335419215208,1025.0413514172292,1024.7893435629085,1025.537700143177,0.7483565802685916,0.75,0.0319033927968083,2,unreviewed
2025-11-07,2025-11-05,2025-11-10,0.1880682489217321,3.254094281653015,1050.485915757962,1050.231529653538,1050.9798862352036,0.7483565816655755,0.75,0.0325449474761051,11,unreviewed
2024-03-23,2024-03-22,2024-03-25,0.1880613255717555,2.5151495076001673,504.0429322373174,503.7895979955792,504.5380691187456,0.7484711231663823,0.75,0.0343291942857899,3,unreviewed
2023-01-05,2023-01-04,2023-01-06,0.1880008242251126,3.74878797118004,319.91596805020134,319.6657053520903,320.41417629783973,0.7484709457494318,0.75,0.0345879828284273,1,unreviewed
2019-08-30,2019-08-29,2019-09-01,0.1878800086493939,17.00127223274232,623.5142073084443,623.2657093573362,624.0135722244158,0.7478628670796752,0.75,0.0324097350167498,8,unreviewed
2022-07-31,2022-07-29,2022-08-02,0.1878384061770117,29.492961697221737,1168.9808190954725,1168.7312216130083,1169.4796930942684,0.7484714812599123,0.75,0.0329596671758154,7,unreviewed
2023-12-24,2023-12-21,2023-12-28,0.1877373626908658,33.24437014794662,572.6531562635109,572.399472813122,573.1479434389621,0.7484706258401275,0.75,0.0376635550961057,12,unreviewed
2022-07-31,2022-07-29,2022-08-02,0.1875776890337466,27.74789409508685,1099.3881851028166,1099.12331138039,1099.87178286165,0.7484714812599123,0.75,0.0322152030632655,7,unreviewed
2022-07-31,2022-07-29,2022-08-02,0.1875363360514536,15.994970422860307,202.1591187781894,201.90629160963,202.65476246690375,0.7484708572737873,0.75,0.0326522846805733,7,unreviewed
2023-02-04,2023-02-03,2023-02-06,0.1874865627786484,20.99956219668147,714.2612477450643,714.0221248976886,714.7709804782644,0.7488555805757642,0.75,0.0448768145046585,2,unreviewed
2025-05-09,2025-05-05,2025-05-14,0.187400176835246,3.0905078862557924,612.9695384593716,612.5507026002742,613.5477513582446,0.9970487579703332,0.5,0.0324903866277824,5,unreviewed
2020-01-30,2020-01-27,2020-02-02,0.1873387399007685,1.9934780422873497,550.4456402386955,550.1948222545907,550.9432933786884,0.7484711240977049,0.75,0.0377728180650486,1,unreviewed
2021-12-28,2021-12-21,2022-01-04,0.1873181569684054,5.262273842440903,222.10951089724716,221.8655133107677,222.61398416617885,0.7484708554111421,0.75,0.0318450733618369,12,unreviewed
2022-09-27,2022-09-26,2022-09-28,0.187288904255441,33.49578194566508,1203.4077725760233,1203.1570904813707,1203.9054470611736,0.7483565798029304,0.75,0.0339507890018888,9,unreviewed
2022-10-28,2022-10-25,2022-11-01,0.1872793612595273,26.750032888229303,557.1852018130849,556.9310642289929,557.6795353521593,0.7484711231663823,0.75,0.0329649946285033,10,unreviewed
2022-07-31,2022-07-29,2022-08-02,0.1872553478384371,0.9744299947138922,31.52570367957983,31.266080355271697,31.982228178996593,0.7161478237248957,0.75,0.0342134699680881,7,unreviewed
2023-02-04,2023-02-03,2023-02-06,0.1872549736033032,14.258427144999857,471.8542772226213,471.6053361403756,472.35380717460066,0.7484710342250764,0.75,0.0355514933557481,2,unreviewed
2019-01-04,2019-01-02,2019-01-07,0.1871853658684027,4.745298286920705,1087.8940943506443,1087.646738355048,1088.3952098367736,0.7484714817255735,0.75,0.0318936970559779,1,unreviewed
2023-02-19,2023-02-17,2023-02-21,0.187154865704992,5.0108784982193555,521.7597238100974,521.5034202388488,522.2518908656202,0.74847062677145,0.75,0.0342983039826614,2,unreviewed
2024-03-15,2024-03-09,2024-03-22,0.1870342996193626,23.489842813385287,773.6904214761548,773.4466252909042,774.1954808705486,0.7488555796444416,0.75,0.0324573660871172,3,unreviewed
2022-11-10,2022-11-07,2022-11-14,0.1869774782515361,17.005912259645054,1160.0027030257315,1159.749555551447,1160.498027032707,0.7484714812599123,0.75,0.0329472984144111,11,unreviewed
2022-09-03,2022-08-30,2022-09-08,0.1869447950498445,1.9882620786526224,69.99842522548316,69.76535816164687,70.48150621913373,0.7161480574868619,0.75,0.0322181065807457,9,unreviewed
2019-02-02,2019-01-30,2019-02-06,0.1869386825426579,9.253885798156372,931.7624456947772,931.5013370523228,932.2496931334026,0.7483560810796916,0.75,0.031938621646543,2,unreviewed
2022-12-09,2022-12-06,2022-12-12,0.1868601555370668,19.49258538329228,409.9913747445416,409.7317188521847,410.4801898882724,0.7484710360877216,0.75,0.0336966103973762,12,unreviewed
2022-09-27,2022-09-26,2022-09-28,0.1868562884406835,6.009972174479632,45.94678927425828,45.73247572919354,46.44862355198711,0.7161478227935731,0.75,0.0324774639302647,9,unreviewed
2022-08-06,2022-08-02,2022-08-10,0.1868503630510638,24.25563354470183,263.28874537845917,263.03140862844884,263.77987948386,0.7484708554111421,0.75,0.0360267407994992,8,unreviewed
2025-03-21,2025-03-18,2025-03-24,0.1868280960605983,13.504904337009354,903.8172171035158,903.5648234966212,904.3131795781665,0.7483560815453529,0.75,0.0325425123878215,3,unreviewed
2019-01-13,2019-01-07,2019-01-19,0.1868058914426552,3.998147414209602,471.3560680845678,471.1063551953994,471.8548262296245,0.7484710342250764,0.75,0.0327042580152389,1,unreviewed
2023-01-14,2023-01-09,2023-01-20,0.1867273020645418,21.9990235467774,1129.8087178298244,1129.5611793114804,1130.3096507941373,0.7484714826568961,0.75,0.0314895170131902,1,unreviewed
2022-07-31,2022-07-29,2022-08-02,0.1865532827272907,27.503584225496017,821.0912444255777,820.8358570560813,821.5835906388238,0.7477335827425122,0.75,0.031993725277903,7,unreviewed
2022-08-06,2022-08-02,2022-08-10,0.1865033847094409,31.007175719770864,1176.7110024169383,1176.4654331966303,1177.2139046788216,0.7484714821912348,0.75,0.0340450548011578,8,unreviewed
2023-11-21,2023-11-16,2023-11-27,0.1863295524897568,3.2552436661594197,1151.0113159749778,1150.7678894898854,1151.516360971611,0.7484714817255735,0.75,0.0320914150715373,11,unreviewed
2022-07-31,2022-07-29,2022-08-02,0.1863080339695591,42.248748167488614,1079.420815580621,1079.1657801889814,1079.9141367697157,0.7483565807342529,0.75,0.0330428765589689,7,unreviewed
2025-03-28,2025-03-24,2025-04-01,0.186282648352978,2.2328462934949074,53.898988571130175,53.66566001577303,54.381807839963585,0.716147824190557,0.75,0.0324018163327128,3,unreviewed
2020-03-11,2020-03-04,2020-03-19,0.1862544559728929,13.507540113362904,1200.4131604801644,1200.1638915375806,1200.9122481173836,0.7483565798029304,0.75,0.0314785349509154,3,unreviewed
2019-12-13,2019-12-13,2019-12-14,0.1862514620918219,3.746578245170814,863.4441853255519,863.1865500472486,863.9342836299911,0.7477335827425122,0.75,0.0333937114387297,12,unreviewed
2024-12-28,2024-12-27,2024-12-30,0.1862336235504406,4.242379919405939,926.004553772894,925.76437489409,926.512731224764,0.7483563306741416,0.75,0.0323293250556996,12,unreviewed
2023-02-19,2023-02-17,2023-02-21,0.1862184670275188,3.624235116400974,1092.360515787513,1091.8880811873823,1093.1355340615846,1.2474528742022812,0.5,0.0312049983239705,2,unreviewed
2022-11-10,2022-11-07,2022-11-14,0.1861519155462116,7.000020690108085,841.7567080857968,841.5129600577056,842.2606936404482,0.7477335827425122,0.75,0.0336646270927891,11,unreviewed
2022-08-06,2022-08-02,2022-08-10,0.1861456782939804,34.00206514301951,1210.3910128941511,1210.1412223502994,1210.889578930568,0.7483565802685916,0.75,0.0328599623930975,8,unreviewed
2018-11-30,2018-11-27,2018-12-04,0.186059105233011,6.998513591884762,95.1960190562739,94.9648851635866,95.68103322153912,0.7161480579525232,0.75,0.0324409636298536,11,unreviewed
2024-04-06,2024-04-04,2024-04-09,0.1859699748986269,2.2302305036790635,56.82273633543297,56.698936224449426,57.18175518093631,0.4828189564868808,0.75,0.0309883052082585,4,unreviewed
2022-10-28,2022-10-25,2022-11-01,0.1858935685587944,28.754831605139753,586.3713596120139,586.1214477764443,586.869918900542,0.7484711240977049,0.75,0.0362052011703112,10,unreviewed
2022-08-06,2022-08-02,2022-08-10,0.18586431584583,39.50273523636811,1193.9252991422154,1193.6786271580495,1194.4269837387835,0.7483565807342529,0.75,0.0350363773826012,8,unreviewed
2019-01-21,2019-01-19,2019-01-23,0.1858382441315035,3.990631195483521,944.9672120683892,944.7212945926004,945.4696511738002,0.7483565811999142,0.75,0.0322306203321395,1,unreviewed
2023-02-19,2023-02-17,2023-02-21,0.1857427517998434,2.4995907430527904,535.2303251811745,534.9759046854451,535.7243758090772,0.7484711236320436,0.75,0.0354273930778889,2,unreviewed
2020-04-12,2020-04-08,2020-04-16,0.1856203769110669,11.497086521621666,458.88787054414377,458.6318355486728,459.3803065828979,0.7484710342250764,0.75,0.032541437974823,4,unreviewed
2023-01-07,2023-01-06,2023-01-09,0.1856095864647069,5.4968553237205295,758.7121267098311,758.4656585692428,759.2145141493529,0.7488555801101029,0.75,0.033124918586823,1,unreviewed
2023-12-24,2023-12-21,2023-12-28,0.18552469746184,4.252053144400567,622.2717271224684,622.0197781599127,622.7676405296661,0.7478623697534204,0.75,0.032928680212694,12,unreviewed
2022-10-28,2022-10-25,2022-11-01,0.185494134925907,11.999539925056457,277.25690703023577,277.0028641181998,277.75133497361094,0.7484708554111421,0.75,0.0339147980252867,10,unreviewed
2018-12-14,2018-12-10,2018-12-18,0.1853887877357216,3.751498006751039,1064.943789797954,1064.6986549212595,1065.4470115029253,0.7483565816655755,0.75,0.0317894455358998,12,unreviewed
2020-01-12,2020-01-10,2020-01-14,0.1853619675511274,0.3154306420943431,37.86290401253548,37.56596187129617,38.28211016301066,0.7161482917144895,0.75,0.0367153540245898,1,unreviewed
2022-08-06,2022-08-02,2022-08-10,0.1851782804729179,31.50780261631549,870.1604111617526,869.9128362154588,870.660569800064,0.7477335846051574,0.75,0.0330522674490522,8,unreviewed
2024-02-19,2024-02-16,2024-02-23,0.1850085648397064,5.501448155493905,1122.323658521994,1122.076457427349,1122.8249289090743,0.7484714817255735,0.75,0.0314403431006278,2,unreviewed
2025-03-03,2025-02-28,2025-03-07,0.1849242995620626,7.249681432632362,1042.7481683135477,1042.4991002781317,1043.2474566092717,0.7483563311398029,0.75,0.031867699235569,3,unreviewed
2020-06-04,2020-05-29,2020-06-10,0.1848957953193659,20.74466734854079,920.77325650725,920.526278227102,921.2746343086474,0.7483560815453529,0.75,0.0313548547722562,6,unreviewed
2025-02-15,2025-02-10,2025-02-20,0.1848810130315779,15.996440959980998,1232.342032396179,1232.091349940747,1232.83970652055,0.7483565798029304,0.75,0.0313431886546467,2,unreviewed
2022-10-28,2022-10-25,2022-11-01,0.1848626755100181,2.8009700564941253,609.5075299175867,609.3112815367058,609.8099580151029,0.4986764783971011,0.75,0.0330729749936937,10,unreviewed
2023-11-21,2023-11-16,2023-11-27,0.1848440261258467,3.4946844982148098,1063.1997086989056,1062.9526221989654,1063.7009787810966,0.7483565821312368,0.75,0.0322436545604182,11,unreviewed
2025-03-03,2025-02-28,2025-03-07,0.1847885145809889,6.250867042072679,225.85570900894555,225.60786706814545,226.35633792402223,0.7484708558768034,0.75,0.0315133697252942,3,unreviewed
2024-02-03,2024-01-30,2024-02-08,0.184658280754401,7.007990434953258,1027.7890909794933,1027.5331092686392,1028.281465599779,0.7483563311398029,0.75,0.0318437349927039,2,unreviewed
2024-03-30,2024-03-25,2024-04-04,0.1845599816592369,6.244020182528189,246.31466658796788,246.066070032306,246.81454039132225,0.7484703590162098,0.75,0.0311760932683893,3,unreviewed
2022-08-06,2022-08-02,2022-08-10,0.1845475071547745,40.505114582118736,1198.6653806789393,1198.417858819943,1199.1662154002115,0.7483565802685916,0.75,0.0371698604644712,8,unreviewed
2022-08-06,2022-08-02,2022-08-10,0.1845318516516741,17.99821195831463,345.8642945735598,345.6127006462775,346.36117109376937,0.7484704474918544,0.75,0.0343578799975409,8,unreviewed
2022-11-10,2022-11-07,2022-11-14,0.1841964745992013,21.99791495028896,1121.0734169946911,1120.829003944993,1121.57747542765,0.7484714826568961,0.75,0.0309295768271632,11,unreviewed
2023-02-02,2023-02-02,2023-02-03,0.1841957261289336,22.244776010741056,781.431175288095,781.1867903964594,781.9356462266296,0.7488558301702142,0.75,0.0316775430056113,2,unreviewed
2018-08-22,2018-08-08,2018-09-06,0.1841598619286041,39.5,1147.1456032778522,1147.0255290460773,1147.524509832263,0.4989807861857116,0.25,0.0217436858592231,8,unreviewed
2021-01-06,2020-12-17,2021-01-26,0.1841449548957714,14.496946914330016,1019.544405516769,1019.301813150756,1020.050169731956,0.7483565811999142,0.75,0.0312097904290051,1,unreviewed
2023-10-29,2023-10-26,2023-11-01,0.1841095273030981,20.243748248933773,424.9490389510196,424.70114222960547,425.44961326383054,0.7484710342250764,0.75,0.0328173985369755,10,unreviewed
2022-07-31,2022-07-29,2022-08-02,0.1840109163453225,6.746354982997717,765.4542732578446,765.2070936937816,765.9559492743574,0.7488555805757642,0.75,0.032803680253362,7,unreviewed
2019-11-29,2019-11-26,2019-12-02,0.1840089827971308,3.5014739873518765,1000.341265246562,1000.0954572092742,1000.843813790474,0.7483565811999142,0.75,0.0321588725935335,11,unreviewed
2022-10-28,2022-10-25,2022-11-01,0.1839945747444767,17.506208960890596,368.0720938911171,367.817340020556,368.5658109658398,0.7484709452837706,0.75,0.0316358676778858,10,unreviewed
2023-01-14,2023-01-09,2023-01-20,0.1839393750622303,5.2477335035579316,753.7222070170209,753.4720036624931,754.2208592430688,0.7488555805757642,0.75,0.031662713132079,1,unreviewed
2023-12-10,2023-12-08,2023-12-13,0.1839212246582375,4.50592741883521,1027.2857631800164,1027.0342427757569,1027.782599357888,0.7483565821312368,0.75,0.0326482918793265,12,unreviewed
2023-12-24,2023-12-21,2023-12-28,0.1838864207907873,22.996516683422676,548.9372603916464,548.69787940057,549.4463502741419,0.7484708735719323,0.75,0.0334054816517162,12,unreviewed
2022-10-28,2022-10-25,2022-11-01,0.1838784994804536,25.00072555967991,549.7024380083835,549.4463507034816,550.1948218271136,0.7484711236320436,0.75,0.0323333401630987,10,unreviewed
2022-10-28,2022-10-25,2022-11-01,0.1838533009814395,19.003663917032632,371.0600356898047,370.8112241588533,371.5596951046027,0.7484709457494318,0.75,0.0326452879841612,10,unreviewed
2022-08-06,2022-08-02,2022-08-10,0.1838416373197671,42.99638920120862,1086.3915905854712,1086.1499095768668,1086.8982656570151,0.7483560801483691,0.75,0.0326759403549994,8,unreviewed
2022-09-27,2022-09-26,2022-09-28,0.1838257946990998,38.7422305701908,1206.903286885555,1206.6491569159552,1207.3975134962238,0.7483565802685916,0.75,0.0362175030132589,9,unreviewed
2022-05-21,2022-05-18,2022-05-25,0.1837843169717622,1.991867632720064,501.5487915839462,501.2946938187815,502.0431649428792,0.7484711240977049,0.75,0.0365406299342742,5,unreviewed
2022-09-27,2022-09-26,2022-09-28,0.1837736512704468,25.499987102852717,907.8007775511668,907.5557539346628,908.304110515397,0.7483565807342529,0.75,0.0334005705805364,9,unreviewed
2023-02-04,2023-02-03,2023-02-06,0.1837542534160077,3.2500000000000004,279.1256273068231,278.74929580511525,279.7472570440732,0.9979612389579416,0.25,0.0235228933373528,2,unreviewed
2023-03-29,2023-03-22,2023-04-06,0.1837270589962795,3.500617268024176,437.6647548156746,437.4251523488201,438.1736233830452,0.7484710342250764,0.75,0.0327723549802653,3,unreviewed
2022-09-27,2022-09-26,2022-09-28,0.1836983052634936,37.73974757060689,1209.3985953709278,1209.143489369657,1209.8918459485285,0.7483565788716078,0.75,0.0370483700064213,9,unreviewed
2022-09-27,2022-09-26,2022-09-28,0.1836831487405718,33.99624516585583,1249.3072188192964,1249.0528116244825,1249.8011682047509,0.7483565802685916,0.75,0.0357327717371235,9,unreviewed
2022-02-22,2022-02-16,2022-03-01,0.1836600709073162,22.00432253706572,992.109600599529,991.8641620907,992.6125186723656,0.7483565816655755,0.75,0.033419538245305,2,unreviewed
2018-12-22,2018-12-18,2018-12-26,0.1836533346749065,3.4951362032889577,828.3124386594194,828.0603867196478,828.8081203023903,0.7477335827425122,0.75,0.0328152682994388,12,unreviewed
2022-07-31,2022-07-29,2022-08-02,0.1836152250637737,15.253023508686592,171.47253951371832,171.2189944931306,171.96746526053175,0.7484707674011588,0.75,0.031449507211497,7,unreviewed
2022-11-10,2022-11-07,2022-11-14,0.1835896523296258,5.998598662516418,1019.797287922991,1019.551246396266,1020.2996029779316,0.7483565816655755,0.75,0.0322464391117533,11,unreviewed
2022-09-27,2022-09-26,2022-09-28,0.1835351387451249,6.743615771823484,765.4541937111927,765.2070936937816,765.9559492743574,0.7488555805757642,0.75,0.032887971484898,9,unreviewed
2022-07-31,2022-07-29,2022-08-02,0.1835168635960874,28.507439236562504,1115.3357051519229,1115.0907174344177,1115.8391894134693,0.7484719790518284,0.75,0.0330492375300428,7,unreviewed
2022-10-28,2022-10-25,2022-11-01,0.1835156161456412,2.756620866132767,556.9341347655991,556.6815739609301,557.4300448349677,0.7484708740375936,0.75,0.0325758377792336,10,unreviewed
2022-09-27,2022-09-26,2022-09-28,0.1834849912371858,42.49837733193735,1106.103798483861,1105.859561173711,1106.6080326559022,0.7484714821912348,0.75,0.0349662728638752,9,unreviewed
2022-09-27,2022-09-26,2022-09-28,0.1834380871004071,28.73891528006724,586.3617727449156,586.1214477764443,586.869918900542,0.7484711240977049,0.75,0.0376723920500757,9,unreviewed
2021-02-22,2021-02-08,2021-03-08,0.1834311637504304,0.3653421048067987,39.95814833684217,39.66592237725854,40.382070200517774,0.7161478232592344,0.5,0.0377350872085735,2,unreviewed
2019-12-26,2019-12-22,2019-12-30,0.183396110392891,7.00067730377661,90.30626964892852,90.06497731804848,90.78112514084204,0.7161478227935731,0.75,0.0321438828592437,12,unreviewed
2023-10-01,2023-09-29,2023-10-03,0.1833952995501009,19.25510046178616,425.7021134604978,425.4496136480011,426.1980846822262,0.7484710342250764,0.75,0.0317232297230437,10,unreviewed
2022-09-27,2022-09-26,2022-09-28,0.18336155601553,29.495996130323995,1111.8482152410857,1111.597847188823,1112.3463186705485,0.7484714817255735,0.75,0.0361885644984494,9,unreviewed
2022-10-28,2022-10-25,2022-11-01,0.183268870447374,36.2356371637293,1186.4391098444626,1186.1955713476054,1186.943985377904,0.7484140302985907,0.75,0.0411990727871143,10,unreviewed
2023-12-24,2023-12-21,2023-12-28,0.1832369357159502,16.252670891621335,636.2263923300368,635.974205980543,636.7220683498308,0.7478623692877591,0.75,0.0331710030973033,12,unreviewed
2022-09-27,2022-09-26,2022-09-28,0.1832282035628265,5.252216317639685,698.0404647439203,697.7927454500459,698.5416010306217,0.7488555805757642,0.75,0.0336447337227036,9,unreviewed
2023-12-24,2023-12-21,2023-12-28,0.1831630866495325,2.753449568701753,468.86371984162986,468.61145146377385,469.3599224998616,0.7484710360877216,0.75,0.0322076412776639,12,unreviewed
2025-06-07,2025-06-02,2025-06-13,0.1831024605578451,0.4971394526620718,32.19258947923163,31.966066955123097,32.68221477884799,0.7161478237248957,0.75,0.036265632254359,6,unreviewed
2022-07-31,2022-07-29,2022-08-02,0.1830205654360491,28.00497927283856,1122.8282188021535,1122.5754388198256,1123.3239103024823,0.7484714826568961,0.75,0.0326577571232505,7,unreviewed
2023-12-10,2023-12-08,2023-12-13,0.1830176339275004,20.251573135641717,425.4545569185887,425.2001231745817,425.9485942092724,0.7484710346907377,0.75,0.0328214879982153,12,unreviewed
2019-01-21,2019-01-19,2019-01-23,0.1828071266646967,4.7550556281159455,952.7042702540898,952.4537222189828,953.2020788006485,0.7483565816655755,0.75,0.0312230588718821,1,unreviewed
2022-09-27,2022-09-26,2022-09-28,0.1827308450699089,25.491105138498583,206.9045506821516,206.6466069011949,207.3950772592798,0.7484703580848873,0.75,0.033739044134277,9,unreviewed
2025-03-14,2025-03-10,2025-03-18,0.1827070187663856,20.004336891537086,1077.1755824608304,1076.9208809756674,1077.6692375564016,0.7483565807342529,0.75,0.0321935549425389,3,unreviewed
2023-01-05,2023-01-04,2023-01-06,0.1826462679296535,4.241049539444725,1275.4913047118816,1275.2433053841814,1275.9916619639844,0.7483565798029304,0.75,0.0314084304321894,1,unreviewed
2022-09-27,2022-09-26,2022-09-28,0.1825923780703758,33.75246451774223,1069.4323069689267,1069.1884523485787,1069.9368089302443,0.7483565816655755,0.75,0.0338883131872211,9,unreviewed
2019-02-17,2019-02-15,2019-02-19,0.1825777829001547,2.3756408395010276,1003.6742959013104,1003.3380894074216,1004.3358789840712,0.9977895766496658,0.5,0.0319256543367208,2,unreviewed
2022-10-28,2022-10-25,2022-11-01,0.1825168449458556,19.9984810702342,699.5457840464658,699.2908419216983,700.0396975022741,0.7488555805757642,0.75,0.0321372876735715,10,unreviewed
2022-08-06,2022-08-02,2022-08-10,0.1824237851425658,27.004698613144527,927.7598058339132,927.5104066156782,928.2587631973438,0.7483565816655755,0.75,0.0332312297082891,8,unreviewed
2024-12-28,2024-12-27,2024-12-30,0.1823238019892993,2.75,1028.2912477002471,1027.782542514149,1029.029764587991,1.24722207384184,0.25,0.0235570533506271,12,unreviewed
2025-10-03,2025-09-30,2025-10-06,0.1822643609755358,1.7438413484407242,555.187062057146,554.9351410865784,555.6836122106761,0.7484711240977049,0.75,0.0321852644892982,10,unreviewed
2023-03-19,2023-03-17,2023-03-22,0.1822502647854932,13.74952839939164,860.20135489807,859.9479673355818,860.6957009197213,0.7477335841394961,0.75,0.0349501826927427,3,unreviewed
2019-01-13,2019-01-07,2019-01-19,0.1822438404156951,5.247391046322874,944.7203108126472,944.4718613470905,945.2202179278248,0.7483565807342529,0.75,0.0311785971339756,1,unreviewed
2022-10-28,2022-10-25,2022-11-01,0.1822225713855866,24.751160953887013,254.04320558283953,253.80026842886585,254.5487392861396,0.7484708572737873,0.75,0.0314558607471868,10,unreviewed
2025-11-13,2025-11-10,2025-11-17,0.1821919464771313,13.748179408694671,1199.4140146915424,1199.1661585555412,1199.9145151358098,0.7483565802685916,0.75,0.0321563073860286,11,unreviewed
2022-08-06,2022-08-02,2022-08-10,0.1819140145177081,28.4947556601532,267.01695300663675,266.7737623867579,267.522233242169,0.7484708554111421,0.75,0.032174241532411,8,unreviewed
2022-10-28,2022-10-25,2022-11-01,0.1818468393111778,36.74475586658325,1153.2660172020608,1153.013305756729,1153.761777238455,0.7484714817255735,0.75,0.0374679747534671,10,unreviewed
2022-10-28,2022-10-25,2022-11-01,0.1818444067828076,36.002214232622876,1188.6918834258586,1188.4405280067583,1189.1888845860958,0.7483565793372691,0.75,0.0402488455734388,10,unreviewed
2023-10-22,2023-10-18,2023-10-26,0.1816885378495494,3.250519489124114,1035.757905070869,1035.5149711403064,1036.263327721972,0.7483565816655755,0.75,0.0312485845454024,10,unreviewed
2022-11-10,2022-11-07,2022-11-14,0.1816728199739267,15.246672252537676,1120.583002617392,1120.3300225539133,1121.078494034242,0.7484714803285897,0.75,0.0318558806925861,11,unreviewed
2023-12-24,2023-12-21,2023-12-28,0.1816687657599764,32.49944071377145,549.4482619004398,549.196860184893,549.9453313094564,0.7484711245633662,0.75,0.0332964566150636,12,unreviewed
2023-02-25,2023-02-21,2023-03-02,0.1816501787483274,3.844031849957234,934.495314476909,933.9956690128892,935.2428910867312,1.24722207384184,0.5,0.0308775198444268,2,unreviewed
2022-08-06,2022-08-02,2022-08-10,0.1816435672609623,35.24417389450103,1260.027562195609,1259.7784421723336,1260.5267987526022,0.7483565802685916,0.75,0.0323177704688512,8,unreviewed
2023-03-29,2023-03-22,2023-04-06,0.1814255752954811,6.74042910990387,1075.1759113891997,1074.9254160067069,1075.6737725883722,0.7483565816655755,0.75,0.0338480951947738,3,unreviewed
2022-10-28,2022-10-25,2022-11-01,0.1814123523207509,43.20485374054935,1031.901137960184,1031.7734734499827,1032.272396785207,0.49892333522439,0.75,0.0367662678170251,10,unreviewed
2025-06-07,2025-06-02,2025-06-13,0.1813522252092419,3.3896242596040813,629.4034246800353,628.9969920706935,629.9940405800007,0.9970485093072056,0.5,0.0322463424517604,6,unreviewed
2022-08-06,2022-08-02,2022-08-10,0.1813390022345117,35.996286055980804,1197.166624074731,1196.9212593482807,1197.669615927618,0.7483565793372691,0.75,0.035776205533182,8,unreviewed
2022-08-13,2022-08-10,2022-08-17,0.1812846133950555,10.999092545558517,652.1700781364318,651.9221239173785,652.6699862866662,0.7478623692877591,0.75,0.0329874346176336,8,unreviewed
2024-11-15,2024-11-12,2024-11-19,0.1812634067374693,3.501794217213061,851.230957320719,850.979585444089,851.7273190268315,0.7477335827425122,0.75,0.0311980759813991,11,unreviewed
2025-11-07,2025-11-05,2025-11-10,0.1812188103840161,3.755400927299154,982.1365998809316,981.8868352505378,982.6351918322034,0.7483565816655755,0.75,0.0307441903960878,11,unreviewed
2018-12-14,2018-12-10,2018-12-18,0.1811675401706755,3.252174564183426,1026.0398480150982,1025.787076546345,1026.5354331275448,0.7483565811999142,0.75,0.0316895139739677,12,unreviewed
2022-07-31,2022-07-29,2022-08-02,0.1811578100571948,28.256234142861512,1046.243504285877,1045.9911654712632,1046.7395220529288,0.7483565816655755,0.75,0.0324446218388172,7,unreviewed
2022-10-28,2022-10-25,2022-11-01,0.181157061586927,39.25121718942432,1206.652942251839,1206.399723670911,1207.148080250714,0.7483565798029304,0.75,0.0397215615942575,10,unreviewed
2022-08-06,2022-08-02,2022-08-10,0.1811137750564423,31.99989677116742,929.0013280695946,928.7575728464872,929.5059291780926,0.7483563316054642,0.75,0.0321950271485852,8,unreviewed
2019-01-13,2019-01-07,2019-01-19,0.1810834620105986,6.249354001385341,252.5565805049643,252.30332712642848,253.05179773364216,0.748470607213676,0.75,0.0311863987107135,1,unreviewed
2022-07-31,2022-07-29,2022-08-02,0.1810001946933118,42.74624628091312,1121.823935449208,1121.577476033941,1122.3259475165978,0.7484714826568961,0.75,0.031249569733792,7,unreviewed
2022-08-06,2022-08-02,2022-08-10,0.1809555983398585,34.49982541749004,1208.1434348726086,1207.896323143039,1208.6446797223762,0.7483565793372691,0.75,0.0373578715861241,8,unreviewed
2022-09-27,2022-09-26,2022-09-28,0.1809342045647055,23.99675553559215,764.7016155530059,764.4580454584211,765.2069010389969,0.7488555805757642,0.75,0.0335069486204593,9,unreviewed
2022-09-27,2022-09-26,2022-09-28,0.1809289029003089,25.25110651311251,549.9542432957779,549.6958412202075,550.4443123438396,0.7484711236320436,0.75,0.0320390848384362,9,unreviewed
2019-02-02,2019-01-30,2019-02-06,0.1809025816958932,6.502342125469381,1035.266712665849,1035.016104647424,1035.7644612295553,0.7483565821312368,0.75,0.031495874266572,2,unreviewed
2020-04-12,2020-04-08,2020-04-16,0.1808530579131773,20.74604224843537,911.0516083565448,910.7983851325698,911.5467414637096,0.7483563311398029,0.75,0.0338366670094547,4,unreviewed
2019-02-02,2019-01-30,2019-02-06,0.1808011639746135,6.248616722282958,958.9352627335307,958.6895513702184,959.4379079514184,0.7483565811999142,0.75,0.0313631898378013,2,unreviewed
2025-01-04,2024-12-30,2025-01-10,0.1806994967632446,16.499273843058976,1150.020247228305,1149.7699267053977,1150.5183981866576,0.7484714812599123,0.75,0.0317538746584978,1,unreviewed
2022-09-27,2022-09-26,2022-09-28,0.1805925902600015,27.997358556904484,1039.7600813291128,1039.50590207614,1040.2542586568743,0.7483565807342529,0.75,0.034194134251808,9,unreviewed
2022-11-10,2022-11-07,2022-11-14,0.1805638988997378,13.000411582053706,818.8478541950883,818.5937613332644,819.3414949155413,0.7477335822768509,0.75,0.032081514857645,11,unreviewed
2022-07-31,2022-07-29,2022-08-02,0.180534958049385,13.002270542066007,342.12035135107584,341.87034547235817,342.6188164181076,0.7484709457494318,0.75,0.0323620853579223,7,unreviewed
2022-08-06,2022-08-02,2022-08-10,0.1804363470916093,29.755517335307832,1064.699193039611,1064.4492216748183,1065.1975782569498,0.7483565821312368,0.75,0.0333533149970647,8,unreviewed
2023-01-21,2023-01-20,2023-01-23,0.180412707905653,3.7481486622485782,1261.7759203283829,1261.5244748895057,1262.2728314697742,0.7483565802685916,0.75,0.0308886078609247,1,unreviewed
2019-12-26,2019-12-22,2019-12-30,0.1804110238475506,14.749469917814356,704.0319837758348,703.7851313385181,704.5339869181626,0.7488555796444416,0.75,0.0316189447437372,12,unreviewed
2022-08-06,2022-08-02,2022-08-10,0.1804069696336003,40.74968512427867,1059.461494808286,1059.2111245100386,1059.9594810903072,0.7483565802685916,0.75,0.0328150266494564,8,unreviewed
2019-01-13,2019-01-07,2019-01-19,0.1803780287832474,3.747180705593845,1232.8373654922666,1232.590216431301,1233.3385730115697,0.7483565802685916,0.75,0.0317076711818723,1,unreviewed
2019-12-26,2019-12-22,2019-12-30,0.1803308127838571,21.249808902216735,1061.953452562945,1061.7054569688626,1062.4538130508736,0.7483560820110142,0.75,0.031899154627887,12,unreviewed
2019-02-02,2019-01-30,2019-02-06,0.1803176521816492,11.998404173811018,772.7026557624428,772.4478933094069,773.1967493887059,0.7488560792990029,0.75,0.0314186875445172,2,unreviewed
2025-07-25,2025-07-22,2025-07-28,0.1802842205096898,18.502938909364417,1021.5495149948076,1021.297279119026,1022.0456356992944,0.7483565802685916,0.75,0.0322012431296697,7,unreviewed
2022-07-31,2022-07-29,2022-08-02,0.1802563399922163,17.506448019305218,368.0742744244129,367.817340020556,368.5658109658398,0.7484709452837706,0.75,0.0315347613252703,7,unreviewed
2021-01-06,2020-12-17,2021-01-26,0.1802398736463259,14.246577623807328,1016.5604637695064,1016.3086151988246,1017.0569717795588,0.7483565807342529,0.75,0.0311149948586209,1,unreviewed
2025-02-03,2025-01-28,2025-02-10,0.1801770021438351,9.74723009190217,411.4764040468874,411.22866069339216,411.9771317266859,0.7484710332937539,0.75,0.03098229184139,2,unreviewed
2019-07-26,2019-07-22,2019-07-31,0.1800350422830526,22.750705798268324,998.0965438390162,997.8505589952692,998.5989155769348,0.7483565816655755,0.75,0.0315549335222585,7,unreviewed
2022-09-27,2022-09-26,2022-09-28,0.1800105922543061,30.00258510229878,1155.2619881189794,1155.009232321754,1155.7577038034797,0.7484714817255735,0.75,0.03387792223798,9,unreviewed
2022-10-28,2022-10-25,2022-11-01,0.1799515254756765,34.003694054540055,1069.6870135668323,1069.43788559502,1070.1862421757542,0.7483565807342529,0.75,0.0358748247498254,10,unreviewed
2023-10-10,2023-10-03,2023-10-18,0.1798785496245712,3.2448412570446195,928.7556920243716,928.508139600046,929.256496181246,0.7483565811999142,0.75,0.0320808828499988,10,unreviewed
2022-08-06,2022-08-02,2022-08-10,0.1798056361459882,20.994434779743095,698.7829637623078,698.5417936868034,699.2906492659822,0.7488555791787803,0.75,0.0321575937074731,8,unreviewed
2024-06-24,2024-06-21,2024-06-27,0.1797912904658564,20.7494795388789,1020.55166846288,1020.2995461337268,1021.047902715858,0.7483565821312368,0.75,0.031280612462294,6,unreviewed
2023-12-24,2023-12-21,2023-12-28,0.1797745746298767,3.0041777805842056,602.8314372734196,602.5832540150732,603.3311166325584,0.7478626174852252,0.75,0.0334019349735137,12,unreviewed
2019-01-13,2019-01-07,2019-01-19,0.1797041560521862,3.992643718135476,798.4127353126665,798.1652190792374,798.9135136618279,0.7482945825904608,0.75,0.0312797127808213,1,unreviewed
2019-01-21,2019-01-19,2019-01-23,0.1796883134315189,4.001151554259814,921.2702027348096,921.0251442193984,921.7735008005984,0.7483565811999142,0.75,0.03247451580048,1,unreviewed
2022-08-06,2022-08-02,2022-08-10,0.1796815148265869,34.244803403939216,1216.37817230549,1216.1276209880598,1216.8759778197857,0.7483568317256868,0.75,0.034176754041539,8,unreviewed
2024-02-03,2024-01-30,2024-02-08,0.1796734063986863,8.75591680697065,255.04893583861465,254.79822971485555,255.54670007154343,0.7484703566879034,0.75,0.0315849464500665,2,unreviewed
2023-01-14,2023-01-09,2023-01-20,0.1796388520213254,17.246045270713196,599.1014416436499,598.8454611683264,599.5933235371485,0.7478623688220978,0.75,0.031622312972722,1,unreviewed
2025-03-08,2025-03-07,2025-03-10,0.1796327395141388,18.247217793206797,719.5147096105255,719.2654635501094,720.0143191297539,0.7488555796444416,0.75,0.0325058894035732,3,unreviewed
2022-09-27,2022-09-26,2022-09-28,0.1795999315674025,32.500981603571766,1108.600496601504,1108.3544681365602,1109.1029396187514,0.7484714821912348,0.75,0.0346668053349781,9,unreviewed
2024-02-03,2024-01-30,2024-02-08,0.1795935695701267,21.75291209535419,1047.4865922123718,1047.2383312014863,1047.986687282566,0.7483560810796916,0.75,0.032275596970393,2,unreviewed
2022-08-06,2022-08-02,2022-08-10,0.1795095537825721,32.998988281191636,1185.6955017575715,1185.447099258192,1186.1955707403831,0.7484714821912348,0.75,0.0321594599888752,8,unreviewed
2022-10-28,2022-10-25,2022-11-01,0.1794751241502558,25.743999070711748,907.800920983818,907.5557539346628,908.304110515397,0.7483565807342529,0.75,0.0345469841206525,10,unreviewed
2024-01-03,2023-12-28,2024-01-10,0.1794696353682923,4.748609065946382,972.9044377451738,972.6578081469052,973.4061647285708,0.7483565816655755,0.75,0.0341005896847941,1,unreviewed
2019-02-02,2019-01-30,2019-02-06,0.1794551649431159,7.49881992637856,1081.413307575101,1081.161245657131,1081.909601737745,0.7483560806140304,0.75,0.0308442576537793,2,unreviewed
2021-12-14,2021-12-13,2021-12-16,0.1794282823859993,4.7497397209321734,209.8882652916869,209.6404895088635,210.38896036380905,0.7484708549454808,0.75,0.032026005997853,12,unreviewed
2022-08-06,2022-08-02,2022-08-10,0.1793181948841182,47.50719654742423,989.874656233016,989.6192631274462,990.3676194590516,0.7483563316054642,0.75,0.0331529983147721,8,unreviewed
2022-10-28,2022-10-25,2022-11-01,0.1792973000891436,28.00117859056153,593.1140224191763,592.8576897503808,593.6061608740129,0.7484711236320436,0.75,0.0318419690889867,10,unreviewed
2022-11-10,2022-11-07,2022-11-14,0.1792806466256863,10.253856867962982,886.8543210267728,886.60399126634,887.3517248490825,0.7477335827425122,0.75,0.0315868127314687,11,unreviewed
2022-12-27,2022-12-20,2023-01-04,0.1791166692645275,3.24575081031464,1159.494796637576,1159.2505741585046,1159.9990456406958,0.7484714821912348,0.75,0.0310535878804136,12,unreviewed
2023-02-02,2023-02-02,2023-02-03,0.1791058164456452,25.99288868381188,807.6352526820737,807.3832837175578,808.1310173012316,0.7477335836738348,0.75,0.0318253770294293,2,unreviewed
2019-10-03,2019-09-30,2019-10-07,0.1791015751141279,12.247936170242404,1004.5830663951382,1004.3358218912036,1005.0841779718176,0.7483560806140304,0.75,0.0312235087126185,10,unreviewed
2022-09-03,2022-08-30,2022-09-08,0.1790812416718541,7.0012802334669395,86.33671032499906,86.09838470444083,86.81453252816573,0.7161478237248957,0.75,0.0330902102139733,9,unreviewed
2023-12-24,2023-12-21,2023-12-28,0.1790382046314587,9.99549480816007,583.8751154544767,583.6265428536572,584.3750137281604,0.7484708745032549,0.75,0.032050163560704,12,unreviewed
2023-01-05,2023-01-04,2023-01-06,0.1790141912103685,4.24626325877214,892.3469179117228,892.090898680035,892.839254760649,0.7483560806140304,0.75,0.0319612289318149,1,unreviewed
2022-09-27,2022-09-26,2022-09-28,0.1790057709198563,37.99911705655786,1197.9208964009792,1197.669559083879,1198.417915663682,0.7483565798029304,0.75,0.0337335307969874,9,unreviewed
2024-01-18,2024-01-10,2024-01-26,0.1790015919608614,4.253173914300917,854.216835259899,853.9690464087762,854.7167797414586,0.7477333326824009,0.75,0.0314233383772544,1,unreviewed
2022-08-06,2022-08-02,2022-08-10,0.1789898659266667,28.242539353540153,755.9670012754877,755.7191483718343,756.4680039505474,0.748855578713119,0.75,0.0330007253666628,8,unreviewed
2025-03-28,2025-03-24,2025-04-01,0.1789108399408971,3.4959247656552868,715.2686817394077,715.0208563790657,715.7697124588303,0.7488560797646642,0.75,0.0310373601546757,3,unreviewed
2023-01-21,2023-01-20,2023-01-23,0.1788426044014876,5.749534061304419,1029.0338805509791,1028.780274498742,1029.5286310794763,0.7483565807342529,0.75,0.032311788702365,1,unreviewed
2021-10-11,2021-10-11,2021-10-12,0.1788382383249257,3.3560107035985576,44.75231861526679,44.33250158978626,45.51530761504546,1.1828060252591968,0.5,0.0335269906982262,10,unreviewed
2022-10-28,2022-10-25,2022-11-01,0.1788348078361986,33.246733665712775,1196.424700493843,1196.1729596126825,1196.921316191554,0.7483565788716078,0.75,0.0372508689739392,10,unreviewed
2023-01-14,2023-01-09,2023-01-20,0.1788344336010647,19.501700788818635,1022.7947936166222,1022.544445348438,1023.2928016795776,0.7483563311398029,0.75,0.0312563433686819,1,unreviewed
2023-02-02,2023-02-02,2023-02-03,0.1787835999953803,16.50004413225862,220.86502470803256,220.61806239001453,221.36653274809944,0.7484703580848873,0.75,0.0324638683304884,2,unreviewed
2019-01-13,2019-01-07,2019-01-19,0.1787810427219654,2.7500000000000004,1208.011981836049,1207.148023406975,1209.143546213396,1.9955228064209225,0.25,0.0287133899682567,1,unreviewed
2024-10-13,2024-10-09,2024-10-18,0.1787710631183955,14.756978793747642,1126.071797036608,1125.8188178716227,1126.567289353814,0.7484714821912348,0.75,0.0320035065256501,10,unreviewed
2025-03-14,2025-03-10,2025-03-18,0.1787473615599168,22.004296701482968,915.5371821420104,915.2881815610452,916.0365381427108,0.7483565816655755,0.75,0.0312194787344513,3,unreviewed
2022-08-06,2022-08-02,2022-08-10,0.1786678365939688,38.754457977021,1219.6196711736134,1219.3702534274198,1220.118610008154,0.7483565807342529,0.75,0.037009683703093,8,unreviewed
2022-08-06,2022-08-02,2022-08-10,0.1786450082508025,20.252595523577227,1045.9935728363705,1045.7417322252877,1046.4900888069533,0.7483565816655755,0.75,0.032553565086245,8,unreviewed
2023-01-14,2023-01-09,2023-01-20,0.1786286666499567,22.74847821152973,1092.3830037717437,1092.1375718838535,1092.8860433651134,0.7484714812599123,0.75,0.0314678874809238,1,unreviewed
2022-08-06,2022-08-02,2022-08-10,0.178604154248688,32.74510556461011,1212.8808698631233,1212.635554804001,1213.3839113842696,0.7483565802685916,0.75,0.0331994099821516,8,unreviewed
2023-01-05,2023-01-04,2023-01-06,0.178550825742111,4.247720121062567,1279.9849663306006,1279.7331038000991,1280.4814603794366,0.7483565793372691,0.75,0.0316477903162458,1,unreviewed
2021-08-24,2021-08-09,2021-09-08,0.1785488921939194,2.997197585709041,252.30162709019868,252.05383674334735,252.8023075987585,0.7484708554111421,0.75,0.0338142270203244,8,unreviewed
2025-02-15,2025-02-10,2025-02-20,0.1785467091556384,12.498864750264277,220.1223998981652,219.8695912398398,220.61806209618223,0.7484708563424647,0.75,0.0312136679817988,2,unreviewed
2019-02-02,2019-01-30,2019-02-06,0.1785167079724063,5.251746529215385,774.6961798217329,774.4453562726267,775.1942118522711,0.7488555796444416,0.75,0.0312723517505897,2,unreviewed
2023-02-02,2023-02-02,2023-02-03,0.1784996179012927,21.24710089449726,710.772907606805,710.5265664625913,711.275422043167,0.7488555805757642,0.75,0.0324911822138781,2,unreviewed
2022-08-06,2022-08-02,2022-08-10,0.1784496575109206,18.50165989171732,1205.401085646498,1205.152557194233,1205.9009140236303,0.7483568293973804,0.75,0.0323275442812143,8,unreviewed
2019-11-24,2019-11-22,2019-11-26,0.1784290122060353,3.7459373565691463,753.969276607662,753.7216864079237,754.4705419880338,0.7488555801101029,0.75,0.0328529322374571,11,unreviewed
2021-02-01,2021-01-26,2021-02-08,0.1781863830942408,11.003295460074508,649.1791896576971,648.9318892429583,649.6797516117804,0.7478623688220978,0.75,0.0305018470641724,2,unreviewed
2022-07-31,2022-07-29,2022-08-02,0.1781521405794913,28.00415280821774,1159.9985734285926,1159.749555551447,1160.498027032707,0.7484714812599123,0.75,0.0327265121197674,7,unreviewed
2022-09-27,2022-09-26,2022-09-28,0.1781371088016141,31.252268454796692,934.2452394755096,933.9956690128892,934.7440250944346,0.7483560815453529,0.75,0.0328180008030853,9,unreviewed
2023-01-05,2023-01-04,2023-01-06,0.1780741125540788,3.498154471667164,211.13664978338835,210.8879414256662,211.63641228107736,0.7484708554111421,0.75,0.0324870183987976,1,unreviewed
2025-03-28,2025-03-24,2025-04-01,0.1780378117460931,2.862214553043395,825.948565757859,825.5691692498513,826.5660245791078,0.9968553292565048,0.5,0.0296416084450782,3,unreviewed
2023-02-02,2023-02-02,2023-02-03,0.1779977685867686,21.24358650003417,761.2077059001799,760.962486023549,761.7113416031934,0.7488555796444416,0.75,0.0337581716598031,2,unreviewed
2022-07-23,2022-07-18,2022-07-29,0.1779698256967727,46.75058659387238,1000.3454598966316,1000.0954572092742,1000.843813790474,0.7483565811999142,0.75,0.0317282225834483,7,unreviewed
2023-12-24,2023-12-21,2023-12-28,0.1779009664321401,28.250001577711217,634.9781151756421,634.7282752813771,635.4761376497336,0.7478623683564365,0.75,0.0325597476081011,12,unreviewed
2022-08-06,2022-08-02,2022-08-10,0.1778772025011391,30.750720847365155,569.1613116644554,568.906606069766,569.6550771943294,0.7484711245633662,0.75,0.0324071735269369,8,unreviewed
2023-12-24,2023-12-21,2023-12-28,0.1778054741004801,24.25174211474928,618.2735330920137,618.032798924949,618.7806612947024,0.7478623697534204,0.75,0.0335694021289748,12,unreviewed
2022-09-27,2022-09-26,2022-09-28,0.1777731027614,36.25824350576788,1044.487905943514,1044.2451327499002,1044.9934893315658,0.7483565816655755,0.75,0.0361027192716423,9,unreviewed
2018-01-11,2017-12-21,2018-02-01,0.1777608777470268,9.495784893053898,498.29823523055273,498.05131826968864,498.79978880565614,0.748470535967499,0.75,0.0324305540921524,1,unreviewed
2022-07-31,2022-07-29,2022-08-02,0.177722768135894,43.74754630487518,1063.2027330017804,1062.9526221989654,1063.7009787810966,0.7483565821312368,0.75,0.0342838570314088,7,unreviewed
2021-02-22,2021-02-08,2021-03-08,0.1777030584188434,2.75,608.5637226193212,608.5637226193212,608.8132127085701,0.2494900892488658,0.25,0.012354867459758,2,unreviewed
2025-10-31,2025-10-27,2025-11-05,0.1776968835391345,1.0,35.96750980459333,35.69932999834418,36.415478290524334,0.7161482921801507,0.25,0.0325633500516842,10,unreviewed
2022-09-27,2022-09-26,2022-09-28,0.1776602084960149,27.74715837778268,802.4032165614146,802.1517280302942,802.8994616135024,0.7477335832081735,0.75,0.0321704569219182,9,unreviewed
2024-02-03,2024-01-30,2024-02-08,0.1775912244863376,18.496505596419304,1018.05619371229,1017.8052146751434,1018.5535707552916,0.7483560801483691,0.75,0.0313175700388255,2,unreviewed
2022-09-27,2022-09-26,2022-09-28,0.177550744719357,30.246303508233275,1156.7598119970576,1156.5061765001155,1157.2546479813757,0.7484714812599123,0.75,0.0339777273983829,9,unreviewed
2022-10-28,2022-10-25,2022-11-01,0.1775300370419493,29.503418402086087,1200.667661011047,1200.4133247835562,1201.1616813624278,0.7483565788716078,0.75,0.0361156754283883,10,unreviewed
2022-10-28,2022-10-25,2022-11-01,0.1775053375231137,38.744437241073975,1160.9981314338884,1160.7475183373317,1161.4959898176603,0.7484714803285897,0.75,0.0346089097168989,10,unreviewed
2019-01-13,2019-01-07,2019-01-19,0.177393129355474,3.996512945612499,472.85323343141926,472.6032980312593,473.35176906501874,0.7484710337594151,0.75,0.0322191772760521,1,unreviewed
2021-12-14,2021-12-13,2021-12-16,0.1773701762672631,29.750771347982905,950.705079525063,950.4582572504878,951.206613831222,0.7483565807342529,0.75,0.0335081494349869,12,unreviewed
2024-01-18,2024-01-10,2024-01-26,0.1773434808277135,3.9997618959692898,474.10132292526026,473.8507496477105,474.5992204323411,0.7484707846306264,0.75,0.0314871860202835,1,unreviewed
2021-10-24,2021-10-21,2021-10-27,0.1773319419110857,2.414286292123766,917.8975064768504,917.5330802751704,918.7803028477356,1.2472225725650787,0.5,0.0297626788039279,10,unreviewed
2025-02-03,2025-01-28,2025-02-10,0.1772882187729448,12.996592854863604,419.7089795525982,419.46184404799715,420.2103145844303,0.7484705364331603,0.75,0.0307704726199375,2,unreviewed
2024-01-18,2024-01-10,2024-01-26,0.1772446203798486,5.749554581572363,970.16640234099,969.9140434409492,970.6624000226147,0.7483565816655755,0.75,0.0323881947090923,1,unreviewed
2022-08-06,2022-08-02,2022-08-10,0.1770341131170449,35.99888244340432,1184.6987730840062,1184.4491364732385,1185.1976079554297,0.7484714821912348,0.75,0.0356146792495947,8,unreviewed
2022-11-10,2022-11-07,2022-11-14,0.176989579136114,10.750903485701578,1086.8980626362277,1086.6487755677665,1087.3972470504232,0.7484714826568961,0.75,0.0313466423905483,11,unreviewed
2022-09-27,2022-09-26,2022-09-28,0.1769719277122996,30.00152748808919,1069.9339021878782,1069.6873188409954,1070.435675422661,0.7483565816655755,0.75,0.0321909302519614,9,unreviewed
2023-12-24,2023-12-21,2023-12-28,0.1769671250280815,21.25278402304194,568.4077413414303,568.1581352637149,568.9066058914177,0.7484706277027726,0.75,0.0340173914547167,12,unreviewed
2022-10-28,2022-10-25,2022-11-01,0.1769447956650938,15.504016880379767,41.3044556804731,41.06589651526883,41.78204433852807,0.7161478232592344,0.75,0.0318199268929043,10,unreviewed
2021-02-01,2021-01-26,2021-02-08,0.1769269571237125,42.75374010661291,1033.7713712626562,1033.519505421631,1034.2678617532365,0.7483563316054642,0.75,0.0321603708234241,2,unreviewed
2025-01-12,2025-01-10,2025-01-14,0.1767991558254948,2.872698502911202,1010.961842279709,1010.5716515406966,1011.569441367872,0.9977898271754384,0.5,0.0321724310163894,1,unreviewed
2022-08-06,2022-08-02,2022-08-10,0.1767959748268568,12.004857176725348,839.5240679802719,839.2708643348888,840.0185979180969,0.7477335832081735,0.75,0.0326509648999005,8,unreviewed
2022-10-28,2022-10-25,2022-11-01,0.1767251820140324,22.251962760404354,837.2783926668575,837.0287686111405,837.7765021948144,0.7477335836738348,0.75,0.0326169666062297,10,unreviewed
2023-01-14,2023-01-09,2023-01-20,0.1766701070768308,5.751860636137913,808.6307292259208,808.3797707054764,809.1275042891502,0.7477335836738348,0.75,0.0312068943469089,1,unreviewed
2022-08-06,2022-08-02,2022-08-10,0.1766000627342742,30.99402181130305,1150.5146438007566,1150.2689080974087,1151.0173795791345,0.7484714817255735,0.75,0.0317238877545341,8,unreviewed
2019-11-29,2019-11-26,2019-12-02,0.1765766106658848,10.50122889438361,686.0629923894192,685.8114479151554,686.5593102849089,0.7478623697534204,0.75,0.0311511624255948,11,unreviewed
2022-09-27,2022-09-26,2022-09-28,0.1765433037389701,11.500226199502132,332.64183109934925,332.3897121977061,333.13818314345554,0.7484709457494318,0.75,0.0326463698325438,9,unreviewed
2022-07-31,2022-07-29,2022-08-02,0.1764488717401894,19.99911142005944,710.7794520683182,710.5265664625913,711.275422043167,0.7488555805757642,0.75,0.032435554387941,7,unreviewed
2022-08-06,2022-08-02,2022-08-10,0.1763530675459177,19.50313386852165,608.5608309164802,608.3145364788361,609.0623988485895,0.7478623697534204,0.75,0.0315133213952977,8,unreviewed
2021-11-10,2021-11-08,2021-11-12,0.1763274324392474,5.748424481032046,1165.4889591089957,1165.2383508691564,1165.9868223513477,0.7484714821912348,0.75,0.0314435142919347,11,unreviewed
2021-06-22,2021-06-01,2021-07-14,0.1763162053852313,39.750293261875065,1056.7188693808423,1056.467359803151,1057.2157161352225,0.7483563320711255,0.75,0.0375330083402558,6,unreviewed
2022-09-27,2022-09-26,2022-09-28,0.1762946244925112,17.75282268150586,387.0290398616864,386.77860557381064,387.5270765176974,0.7484709438867867,0.75,0.0327822849356939,9,unreviewed
2017-11-11,2017-10-02,2017-12-21,0.1762804659299464,3.4992306949274163,37.10390013761602,36.86597503628582,37.58212285861373,0.7161478223279119,0.75,0.0338841159129122,11,unreviewed
2022-09-27,2022-09-26,2022-09-28,0.1762797174596786,27.502880240177763,821.0888065427342,820.8358570560813,821.5835906388238,0.7477335827425122,0.75,0.0319212116947376,9,unreviewed
2022-08-06,2022-08-02,2022-08-10,0.1761479243200329,22.24609056179131,1259.2834235294692,1259.0301424362697,1259.7784990174696,0.7483565811999142,0.75,0.0325001269809171,8,unreviewed
2022-09-27,2022-09-26,2022-09-28,0.1761471758497652,38.75015199451864,1175.218041467716,1174.968489019666,1175.7169605013914,0.7484714817255735,0.75,0.0334925908938156,9,unreviewed
2022-08-06,2022-08-02,2022-08-10,0.1761271542701029,15.503121775171984,1262.0248095578825,1261.7739081350155,1262.5222647157498,0.7483565807342529,0.75,0.0326552551165102,8,unreviewed
2023-05-18,2023-05-15,2023-05-22,0.1759814520579816,2.495281517569994,684.317153847083,684.0671449345537,684.8150073038414,0.7478623692877591,0.75,0.0314408896013571,5,unreviewed
2022-08-06,2022-08-02,2022-08-10,0.1759435295644158,29.251542974635303,1046.4919155014688,1046.2405987177044,1046.9889552989043,0.7483565811999142,0.75,0.0317348326398886,8,unreviewed
2022-09-27,2022-09-26,2022-09-28,0.1759276869437485,28.75261770916501,1118.0838088827031,1117.8351155919954,1118.583587073255,0.7484714812599123,0.75,0.0334930258637838,9,unreviewed
2022-09-27,2022-09-26,2022-09-28,0.1759070416388631,42.25257706279375,1163.4935048013533,1163.242425298784,1163.9908967819065,0.7484714831225574,0.75,0.0350921501985277,9,unreviewed
2022-10-28,2022-10-25,2022-11-01,0.1758675598322395,17.247367652941946,213.38134367392323,213.1333538792096,213.8818247350864,0.7484708558768034,0.75,0.0324502838837883,10,unreviewed
2023-12-24,2023-12-21,2023-12-28,0.1758303858089414,13.754185029918029,607.319807657896,607.0686057782732,607.8164681484923,0.7478623702190816,0.75,0.0316220378635113,12,unreviewed
2023-02-02,2023-02-02,2023-02-03,0.1757571604677469,17.74511606672009,264.7754947433064,264.52834993228316,265.2768207886256,0.7484708563424647,0.75,0.0322231403357627,2,unreviewed
2023-01-14,2023-01-09,2023-01-20,0.1756693399563312,11.500049796659209,388.7768847559386,388.5250375727192,389.2735085180029,0.7484709452837706,0.75,0.0316242015602764,1,unreviewed
2022-10-28,2022-10-25,2022-11-01,0.1756360330294165,29.44481110969062,565.3732168409687,565.1642493070103,565.912720429711,0.748471122700721,0.75,0.0333176400242857,10,unreviewed
2019-05-07,2019-05-02,2019-05-13,0.175622747682164,18.24951894852696,942.9761422716869,942.725829623174,943.474185955245,0.7483563320711255,0.75,0.0324844569089847,5,unreviewed
2023-01-14,2023-01-09,2023-01-20,0.1755295631338296,12.253105930503484,1275.2471350631267,1274.9938718886117,1275.7422287184745,0.7483568298630416,0.75,0.0305519039285933,1,unreviewed
2022-08-06,2022-08-02,2022-08-10,0.1754882725240589,33.74770032602928,1242.8160271908766,1242.5675472444857,1243.315903824754,0.7483565802685916,0.75,0.034375776967003,8,unreviewed
2022-07-31,2022-07-29,2022-08-02,0.1754529073039079,34.24471273210227,1020.7961293197568,1020.5489793810992,1021.2973359618336,0.7483565807342529,0.75,0.0323766958876244,7,unreviewed
2022-09-27,2022-09-26,2022-09-28,0.1754163570058329,38.50113648566099,1132.559295899394,1132.3055769698694,1133.054048451595,0.7484714817255735,0.75,0.0338544970604601,9,unreviewed
2022-10-28,2022-10-25,2022-11-01,0.1752952295675026,36.74816506645185,1182.70531700986,1182.4532109037973,1183.2016823855229,0.7484714817255735,0.75,0.0368319519999201,10,unreviewed
2024-11-15,2024-11-12,2024-11-19,0.1752831916706963,3.501920727704133,1067.940531321524,1067.691852873657,1068.4402094543912,0.7483565807342529,0.75,0.0312393758222289,11,unreviewed
2022-07-09,2022-07-06,2022-07-12,0.1751900071223619,46.253527345965445,998.1007920207207,997.8505589952692,998.5989155769348,0.7483565816655755,0.75,0.0316937261190447,7,unreviewed
2022-10-28,2022-10-25,2022-11-01,0.1751368033608296,17.001472444332382,338.12663556456,337.878500118386,338.62697056587785,0.7484704474918544,0.75,0.0309704863103292,10,unreviewed
2023-01-14,2023-01-09,2023-01-20,0.1750840362069534,20.749191594794578,1050.981403261513,1050.7303961459547,1051.4787527276203,0.7483565816655755,0.75,0.0310812010380122,1,unreviewed
2022-08-06,2022-08-02,2022-08-10,0.1750168610004232,23.49626941335919,868.4186060210816,868.1689839875326,868.9167175702751,0.7477335827425122,0.75,0.0331282868158077,8,unreviewed
2023-12-17,2023-12-13,2023-12-21,0.1749923485991545,4.50222118263473,915.0388967798806,914.7893153182232,915.5376716502942,0.7483563320711255,0.75,0.032189450610531,12,unreviewed
2022-10-28,2022-10-25,2022-11-01,0.1749773168212772,5.498839364231103,36.398159628401395,36.16598820127547,36.88213625783101,0.7161480565555394,0.75,0.0333085762911015,10,unreviewed
2023-01-21,2023-01-20,2023-01-23,0.1748478938374794,9.0007413626304,997.1023749295028,996.8528260109016,997.6011825916356,0.7483565807342529,0.75,0.0310208740493413,1,unreviewed
2022-08-06,2022-08-02,2022-08-10,0.1747734210458386,12.751017722485718,781.4375791184808,781.1867903964594,781.9356462266296,0.7488558301702142,0.75,0.0320572234578807,8,unreviewed
2022-08-06,2022-08-02,2022-08-10,0.1747394903937008,16.748045097242734,945.218976218334,944.9707278385758,945.7190844202414,0.7483565816655755,0.75,0.0318047029440162,8,unreviewed
2022-08-06,2022-08-02,2022-08-10,0.1746449336498754,5.246194505058874,644.4443298878259,644.197351089213,644.9452139553614,0.7478628661483526,0.75,0.0316879711317727,8,unreviewed
2022-11-10,2022-11-07,2022-11-14,0.1746252239328247,6.500626849742511,927.7593587631512,927.5104066156782,928.2587631973438,0.7483565816655755,0.75,0.0321424812893461,11,unreviewed
2019-02-10,2019-02-06,2019-02-15,0.1746144334864648,16.74951215217066,1048.9871136977274,1048.7349301772192,1049.4832867588848,0.7483565816655755,0.75,0.0312686043170172,2,unreviewed
2022-08-06,2022-08-02,2022-08-10,0.174594100044191,32.24938438097824,554.6912298508091,554.4361600526609,555.1846311758272,0.7484711231663823,0.75,0.0322904714562297,8,unreviewed
2022-09-27,2022-09-26,2022-09-28,0.1745564894132367,32.24992862533284,1040.7504911849733,1040.503635060042,1041.2519916417075,0.7483565816655755,0.75,0.0330205146413713,9,unreviewed
2022-08-06,2022-08-02,2022-08-10,0.1745475077700237,19.751553260569715,1104.114485699729,1103.8636356047357,1104.612107086461,0.7484714817255735,0.75,0.0321465224205894,8,unreviewed
2019-08-24,2019-08-19,2019-08-29,0.1744671719612856,20.747681236102075,1086.8974965234984,1086.6487755677665,1087.3972470504232,0.7484714826568961,0.75,0.0310402060479294,8,unreviewed
2022-08-06,2022-08-02,2022-08-10,0.1742496166034606,30.502520410267124,779.1865710740647,778.9396456875838,779.6885012681596,0.7488555805757642,0.75,0.0330436312504522,8,unreviewed
2023-12-24,2023-12-21,2023-12-28,0.1741946664113035,16.24760501158152,632.7374896397341,632.4855990265496,633.2334613967687,0.7478623702190816,0.75,0.0317114557923651,12,unreviewed
2022-09-27,2022-09-26,2022-09-28,0.1741042262539508,17.50238145478138,368.0695365019934,367.817340020556,368.5658109658398,0.7484709452837706,0.75,0.0315274783665715,9,unreviewed
2022-09-27,2022-09-26,2022-09-28,0.1740886954958951,9.502403253613611,43.63344559253443,43.39918612269685,44.11533394595608,0.7161478232592344,0.75,0.0329279812865912,9,unreviewed
2022-10-28,2022-10-25,2022-11-01,0.1740288178744753,31.24844811322107,1199.6680230887182,1199.415591801051,1200.1639483813196,0.7483565802685916,0.75,0.0359630455818436,10,unreviewed
2022-09-27,2022-09-26,2022-09-28,0.1739920180863111,35.251596039091446,1114.5944532677386,1114.342244847212,1115.0907165780663,0.7484717308543622,0.75,0.0341813119319753,9,unreviewed
2022-10-28,2022-10-25,2022-11-01,0.1738298495282994,32.500124777445826,1041.0023898559275,1040.7530683060177,1041.501424886752,0.7483565807342529,0.75,0.0335120195523966,10,unreviewed
2023-01-14,2023-01-09,2023-01-20,0.1738110753990834,11.748938066022385,357.8355461973962,357.5882364572026,358.336707402952,0.7484709457494318,0.75,0.0309299541729049,1,unreviewed
2022-09-27,2022-09-26,2022-09-28,0.1737596180681758,31.000697187486985,1191.68739293136,1191.433726950083,1192.1820835303515,0.7483565802685916,0.75,0.0325707073642237,9,unreviewed
2019-03-25,2019-03-23,2019-03-27,0.1737169552629143,35.13614840410864,965.0159015782236,964.6759472754784,965.6737371021882,0.9977898267097772,0.5,0.0330782206571567,3,unreviewed
2022-08-06,2022-08-02,2022-08-10,0.1736974950359529,8.750220748768331,941.230961770924,940.9797969018108,941.7281534830108,0.7483565811999142,0.75,0.0320561044325778,8,unreviewed
2022-11-10,2022-11-07,2022-11-14,0.1734233678003907,17.249314588132474,603.0807895735055,602.8324404037558,603.5803027730435,0.7478623692877591,0.75,0.0323121307300324,11,unreviewed
2022-09-27,2022-09-26,2022-09-28,0.1733951130477832,8.000042176380365,52.50015065672093,52.265685877297074,52.98183416901156,0.7161482917144895,0.75,0.0317503465687555,9,unreviewed
2020-11-10,2020-11-09,2020-11-11,0.1733170226498483,32.50243176763569,1173.7209107361734,1173.47154484177,1174.2200163234957,0.7484714817255735,0.75,0.0375383580990958,11,unreviewed
2022-09-27,2022-09-26,2022-09-28,0.1732951298945168,26.748350302999327,267.51840837295714,267.27274315292016,268.0212140092626,0.7484708563424647,0.75,0.0313597955849723,9,unreviewed
2023-03-29,2023-03-22,2023-04-06,0.1731774329449136,3.750321447634469,1097.8751693169422,1097.6263672020286,1098.3748386837542,0.7484714817255735,0.75,0.0324255314902115,3,unreviewed
2019-01-13,2019-01-07,2019-01-19,0.1731696363796246,4.000233487743199,777.941452045502,777.6912319618277,778.4400875414722,0.7488555796444416,0.75,0.0317846125362528,1,unreviewed
2024-02-03,2024-01-30,2024-02-08,0.1731443755080881,19.749806374127697,1122.3264963614763,1122.076457427349,1122.8249289090743,0.7484714817255735,0.75,0.0308860835480321,2,unreviewed
2022-11-10,2022-11-07,2022-11-14,0.1730093389972821,18.751426378980224,1071.6812693838924,1071.4333508131094,1072.181707144715,0.7483563316054642,0.75,0.0310402599544639,11,unreviewed
2024-11-15,2024-11-12,2024-11-19,0.1728210987249439,2.6110591604052136,901.8743147890212,901.319924782496,902.5671478565782,1.2472230740822852,0.5,0.0332588967724223,11,unreviewed
2022-08-06,2022-08-02,2022-08-10,0.1727673336107108,19.749718945661744,658.6518382890537,658.4009652989917,659.1488279164769,0.7478626174852252,0.75,0.0321568501690658,8,unreviewed
2022-10-28,2022-10-25,2022-11-01,0.1727493079517625,27.50114301941264,1107.854771864162,1107.6059960471466,1108.3544675298035,0.7484714826568961,0.75,0.0332456432003133,10,unreviewed
2022-09-27,2022-09-26,2022-09-28,0.1726261222201959,2.9999570034357506,621.2719056085509,621.0230336003006,621.7708959695883,0.7478623692877591,0.75,0.0337214854747902,9,unreviewed
2022-09-27,2022-09-26,2022-09-28,0.1725606934442904,21.00200624301041,763.7099656785589,763.459314476233,764.2081700568087,0.7488555805757642,0.75,0.0315208831808993,9,unreviewed
2022-09-27,2022-09-26,2022-09-28,0.1723871107146955,16.747234545093388,522.250449684747,522.0024007763714,522.7508719004691,0.7484711240977049,0.75,0.0325088561218181,9,unreviewed
2022-09-27,2022-09-26,2022-09-28,0.1722689147849138,28.748037155821137,1120.5801569541338,1120.3300225539133,1121.078494034242,0.7484714803285897,0.75,0.0329366806859558,9,unreviewed
2022-07-31,2022-07-29,2022-08-02,0.1722413461300518,26.24882527356569,836.5302191159619,836.2814033702016,837.0291369534098,0.7477335832081735,0.75,0.031427412967726,7,unreviewed
2022-09-27,2022-09-26,2022-09-28,0.1720902798810117,17.249694553096113,213.38374670863897,213.1333538792096,213.8818247350864,0.7484708558768034,0.75,0.0320331737080987,9,unreviewed
2022-08-06,2022-08-02,2022-08-10,0.171973081911587,22.996885237993855,837.2790969373497,837.0287686111405,837.7765021948144,0.7477335836738348,0.75,0.0312492686007371,8,unreviewed
2025-10-19,2025-10-17,2025-10-22,0.1719224977959918,22.249644824266017,912.7942382248738,912.544416854158,913.2927734362892,0.7483565821312368,0.75,0.0319212600247341,10,unreviewed
2022-09-27,2022-09-26,2022-09-28,0.1718603123912465,28.498251061103986,1119.082730245406,1118.8330783764832,1119.581549857743,0.7484714812599123,0.75,0.0324242934987635,9,unreviewed
2021-11-16,2021-11-15,2021-11-18,0.1717816606406108,3.6148198120346064,39.388146870231786,39.19926464278251,39.915412466507405,0.7161478237248957,0.5,0.0341612438303641,11,unreviewed
2022-10-28,2022-10-25,2022-11-01,0.1716863554265178,33.999288217377334,1222.1149438774503,1221.8645858820528,1222.6129424604587,0.7483565784059465,0.75,0.0336513103199156,10,unreviewed
2022-09-27,2022-09-26,2022-09-28,0.1716195544551214,36.7498078338376,1037.0122498768922,1036.762137370184,1037.5104939509183,0.7483565807342529,0.75,0.0327211437724671,9,unreviewed
2019-01-13,2019-01-07,2019-01-19,0.171604896912378,3.1398546681738377,976.344980452016,975.9004393462092,977.14766241936,1.2472230731509626,0.5,0.0305419962793169,1,unreviewed
2022-09-27,2022-09-26,2022-09-28,0.1715288648076794,28.249790369048657,1046.2412632812627,1045.9911654712632,1046.7395220529288,0.7483565816655755,0.75,0.0326520058536706,9,unreviewed
2022-08-06,2022-08-02,2022-08-10,0.1715233760257159,16.7488149926745,1158.2516742805508,1158.00312067708,1158.75159215834,0.7484714812599123,0.75,0.0324925875014678,8,unreviewed
2019-09-20,2019-09-16,2019-09-24,0.1714417303940092,36.53042175972851,1046.4480908099606,1046.2405987177044,1046.9889552989043,0.7483565811999142,0.75,0.0364850913329459,9,unreviewed
2022-09-27,2022-09-26,2022-09-28,0.1714091095648399,17.499675054245564,50.16479300058327,49.9323967397213,50.64854503190145,0.7161482921801507,0.75,0.0315807603288338,9,unreviewed
2022-07-31,2022-07-29,2022-08-02,0.1713227236214375,31.249696552236333,1191.6841400333906,1191.433726950083,1192.1820835303515,0.7483565802685916,0.75,0.0317809245857529,7,unreviewed
2019-11-29,2019-11-26,2019-12-02,0.171316236879117,19.249266655307427,823.8253688117361,823.5761962728575,824.3239298560657,0.7477335832081735,0.75,0.0309727801263155,11,unreviewed
2020-12-02,2020-11-18,2020-12-17,0.1706258978021654,0.0,24.01153349063812,23.33289606682956,24.982359358575195,1.6494632917456329,0.25,0.0271864836601613,12,unreviewed
2023-12-24,2023-12-21,2023-12-28,0.17060444165449,6.000288364866101,575.8925120393609,575.6428482923657,576.3913191668689,0.7484708745032549,0.75,0.0305566718686297,12,unreviewed
2023-12-24,2023-12-21,2023-12-28,0.1705398237213746,6.750741529375536,549.44630097291,549.196860184893,549.9453313094564,0.7484711245633662,0.75,0.0304107208558279,12,unreviewed
2022-08-06,2022-08-02,2022-08-10,0.1704462025653839,4.000407836461422,455.8881456165858,455.63795087346807,456.38642190769315,0.7484710342250764,0.75,0.0317379778073511,8,unreviewed
2022-09-27,2022-09-26,2022-09-28,0.1703140351906044,40.99962672956873,1174.2203636746017,1173.9705262342468,1174.7189977169037,0.7484714826568961,0.75,0.0326358747879257,9,unreviewed
2023-02-04,2023-02-03,2023-02-06,0.1698196705787577,20.35600089691435,757.6507355713522,757.4669275875203,758.2157831676304,0.7488555801101029,0.5,0.0272132659135899,2,unreviewed
2021-02-01,2021-01-26,2021-02-08,0.1678852491717666,2.8358784227096057,1010.0528306038934,1009.82335180277,1010.5717083835044,0.7483565807342529,0.5,0.0262002561756536,2,unreviewed
2024-11-08,2024-11-04,2024-11-12,0.1674253141922364,6.75,31.966066955123097,31.966066955123097,32.21555704437196,0.2494900892488658,0.25,0.0139860280762006,11,unreviewed
2019-11-29,2019-11-26,2019-12-02,0.1653092016277498,32.611738511813336,223.00149279359647,222.8634745948948,223.3624548190273,0.4989802241325378,0.5,0.0499481405173431,11,unreviewed
2019-02-17,2019-02-15,2019-02-19,0.1627100138779551,2.0642909194339976,1017.9785550315476,1016.3086151988246,1019.5513032400048,3.242688041180372,0.5,0.0293823551909362,2,unreviewed
2023-01-05,2023-01-04,2023-01-06,0.1619623544529985,3.528377910527772,960.6987071462196,960.4355835928582,961.1839396744036,0.7483560815453529,0.75,0.0333142606422248,1,unreviewed
2019-09-20,2019-09-16,2019-09-24,0.1612997087759536,32.0,571.4015112421475,571.4015112421475,571.6510013313964,0.2494900892488658,0.25,0.022607491603826,9,unreviewed
2023-01-05,2023-01-04,2023-01-06,0.1612122624996718,3.636532138750508,460.9209974042776,460.62775883218274,461.3762293686159,0.7484705364331603,0.75,0.0318561558017968,1,unreviewed
2023-01-21,2023-01-20,2023-01-23,0.1609521690816299,2.75,650.349381755388,649.6794476616196,651.1748686991632,1.495421037543565,0.25,0.0280482651214505,1,unreviewed
2020-02-23,2020-02-23,2020-02-24,0.1607684820034204,33.88167760274958,1210.0702629301802,1209.8917891047895,1210.6401456855235,0.7483565807342529,0.75,0.0297396161013816,2,unreviewed
2020-02-20,2020-02-19,2020-02-22,0.1600170802271252,2.119600382926409,57.74864394984366,57.39892329275608,58.348400452174246,0.9494771594181656,0.5,0.0290984443443644,2,unreviewed
2019-02-17,2019-02-15,2019-02-19,0.1598080699048569,3.1228139007983517,1016.433648559396,1016.0591819523834,1017.0569717795588,0.9977898271754384,0.5,0.0300146788409073,2,unreviewed
2023-01-14,2023-01-09,2023-01-20,0.1591714959421384,3.31192414111724,1030.508379629342,1030.0274407286197,1031.274663801305,1.2472230726853013,0.5,0.0368298440685356,1,unreviewed
2022-05-07,2022-05-03,2022-05-12,0.1585692268666917,20.7322055325645,917.8541524343776,917.5330802751704,918.281436356716,0.7483560815453529,0.75,0.0284056115388127,5,unreviewed
2019-01-13,2019-01-07,2019-01-19,0.1582788827753283,2.8729635590261493,979.2592464479028,978.893637297675,979.8914271257818,0.997789828106761,0.5,0.0290328066326199,1,unreviewed
2019-06-28,2019-06-24,2019-07-02,0.1576895248120002,1.9434562645435136,499.90779928831654,499.79775071516633,500.2967313220725,0.498980606906116,0.75,0.0280521092150159,6,unreviewed
2022-09-27,2022-09-26,2022-09-28,0.1567980343505917,37.71725133020619,1204.1889356140368,1203.6559569719248,1204.653746796772,0.997789824847132,1.0,0.0331124903423461,9,unreviewed
2023-02-04,2023-02-03,2023-02-06,0.1563236913184073,16.4336967455096,453.88352922274487,453.64202808821574,454.3904991224408,0.7484710342250764,0.75,0.0400051099658558,2,unreviewed
2019-04-12,2019-04-09,2019-04-15,0.1563080358153069,0.25,36.63264616858214,36.63264616858214,36.88213625783101,0.2494900892488658,0.25,0.026411145974097,4,unreviewed
2023-12-24,2023-12-21,2023-12-28,0.1563014867004641,13.377250906348328,571.2765416254288,570.9025302072987,571.900491848588,0.9979616412892938,0.5,0.029704403981261,12,unreviewed
2020-07-27,2020-07-23,2020-07-31,0.1562400497659866,0.0,39.89925124309957,39.89925124309957,40.14874133234843,0.2494900892488658,0.25,0.0123058357489161,7,unreviewed
2023-02-25,2023-02-21,2023-03-02,0.1561733735396348,3.4240262416624425,1027.8769530698316,1027.5331092686392,1028.281465599779,0.7483563311398029,0.75,0.0293430443153458,2,unreviewed
2023-02-04,2023-02-03,2023-02-06,0.1560984017678155,13.000000000000002,551.191736688133,550.9432938070968,551.6917649297975,0.748471122700721,0.25,0.0182331547763896,2,unreviewed
2020-12-02,2020-11-18,2020-12-17,0.154972764857647,0.2249421644734512,25.973572005530343,25.66618520580232,26.38233349658549,0.7161482907831669,1.0,0.0283471564080821,12,unreviewed
2019-02-10,2019-02-06,2019-02-15,0.1543330722688129,35.14737048855954,1174.7744095107246,1174.4695076276548,1175.2179791089147,0.7484714812599123,0.75,0.0281644671625789,2,unreviewed
2022-06-23,2022-06-15,2022-07-01,0.1539619557610552,18.49751228110545,1012.1979069397488,1012.0682510165498,1012.5671743517742,0.49892333522439,0.75,0.0255253389280241,6,unreviewed
2022-10-28,2022-10-25,2022-11-01,0.1534433282380291,46.9707696116151,1015.24278544863,1015.0614489684812,1015.8098055501468,0.7483565816655755,0.75,0.0299872199675282,10,unreviewed
2022-07-31,2022-07-29,2022-08-02,0.1526242522750251,39.944831770113275,1041.819512119726,1041.5013680439442,1042.249724375084,0.7483563311398029,0.75,0.0333756694792782,7,unreviewed
2021-02-01,2021-01-26,2021-02-08,0.1515681607272346,3.3193938224240114,1010.0625387754116,1009.82335180277,1010.5717083835044,0.7483565807342529,0.75,0.0299586606573064,2,unreviewed
2025-05-09,2025-05-05,2025-05-14,0.1501132592717799,2.6405326998850303,624.3374102608127,624.2624544152059,624.7611306444742,0.4986762292683124,0.75,0.0254547548270255,5,unreviewed
2025-01-12,2025-01-10,2025-01-14,0.1496745309498358,3.3599351707118466,1010.8764868748192,1010.5716515406966,1011.569441367872,0.9977898271754384,0.5,0.0299383193053305,1,unreviewed
2019-07-26,2019-07-22,2019-07-31,0.1493772011359734,0.1041283216140831,36.82834869521595,36.39931730134413,37.58212285861373,1.182805557269603,0.5,0.0338653452858217,7,unreviewed
2019-01-13,2019-01-07,2019-01-19,0.1489621119999856,2.59727877769008,1037.9283193772646,1037.5104371081106,1038.5082264356315,0.9977893275208772,0.5,0.029524807855532,1,unreviewed
2023-01-05,2023-01-04,2023-01-06,0.1489035442015344,3.2850027604106025,474.6366206745054,474.1002398710698,475.3476918502711,1.247451979201287,0.5,0.0290364072173569,1,unreviewed
2023-02-04,2023-02-03,2023-02-06,0.1480339464954575,24.121048469189983,799.4213855552271,799.1622670665383,799.9100006502122,0.7477335836738348,0.5,0.0264078688285672,2,unreviewed
2022-08-20,2022-08-17,2022-08-24,0.147883004991462,4.169519338969296,33.979230794288,33.83269882807508,34.54884665179998,0.7161478237248957,0.5,0.0303691366115574,8,unreviewed
2018-02-15,2018-02-01,2018-03-01,0.1470976725630289,35.290794437521114,1224.7112574040218,1224.608351580333,1225.107274914626,0.4989233342930674,0.75,0.0393929176182605,2,unreviewed
2023-02-04,2023-02-03,2023-02-06,0.1463571236056159,21.500000000000004,615.6545511800576,615.540936530102,616.039612759836,0.4986762297339737,0.25,0.0286647012145051,2,unreviewed
2018-12-22,2018-12-18,2018-12-26,0.1460985271281095,3.3199735180933367,1062.7578478657977,1062.4537559570745,1063.4515455341898,0.9977895771153272,0.75,0.0319486854388849,12,unreviewed
2025-05-02,2025-04-29,2025-05-05,0.1459049228188523,0.25,36.86597503628582,36.86597503628582,37.11546512553468,0.2494900892488658,0.25,0.011793064710021,5,unreviewed
2025-10-19,2025-10-17,2025-10-22,0.1455086078120805,2.380725073042261,1008.31141511776,1008.0773200811818,1008.825676661916,0.7483565807342529,0.5,0.0259103263856752,10,unreviewed
2019-12-26,2019-12-22,2019-12-30,0.1452902416114654,2.7499999999999996,615.8703031851715,615.540936530102,616.5379855362698,0.9970490061677992,0.25,0.0261143049946234,12,unreviewed
2022-06-23,2022-06-15,2022-07-01,0.1450418118550959,18.550406444105388,1012.7181982556688,1012.567117509432,1013.0660408441908,0.4989233347587287,0.75,0.0231903364904878,6,unreviewed
2024-12-28,2024-12-27,2024-12-30,0.1446196746240868,3.1368162814127567,955.5027786681428,955.1974869254044,956.19527675258,0.9977898271754384,0.5,0.030739065557616,12,unreviewed
2019-07-05,2019-07-02,2019-07-08,0.143800848151172,1.75,39.89611481154581,39.66592237725854,40.382070200517774,0.7161478232592344,0.25,0.021883577034006,7,unreviewed
2024-01-18,2024-01-10,2024-01-26,0.1437457732139703,3.644434276520383,928.5792119052562,928.2587063550018,929.256496181246,0.9977898262441158,0.5,0.0295906407461084,1,unreviewed
2019-11-01,2019-10-29,2019-11-05,0.1432621990484837,36.0,1104.8615983896889,1104.8615983896889,1105.1110884789375,0.2494900892488658,0.25,0.0140217188491708,11,unreviewed
2024-02-12,2024-02-08,2024-02-16,0.142673527182901,3.141697909717492,908.0537380370766,907.8051871806384,908.5535437609068,0.7483565802685916,0.5,0.0295760952760169,2,unreviewed
2023-12-24,2023-12-21,2023-12-28,0.1426674770482367,13.825685784173356,571.6775965781962,571.4015112421475,572.1499823653139,0.7484711231663823,0.75,0.0281817693013152,12,unreviewed
2025-11-07,2025-11-05,2025-11-10,0.1416511791696815,4.522552553861626,156.6536662073148,156.4990717335604,156.99805191205814,0.4989801784977317,0.75,0.0333068141050764,11,unreviewed
2022-07-31,2022-07-29,2022-08-02,0.1410021307025005,3.1397626562330667,48.79865881329955,48.29909396870062,49.48189975973219,1.1828057910315692,0.5,0.0300324066553818,7,unreviewed
2024-08-17,2024-08-14,2024-08-21,0.1399929432914889,40.15446888233944,1234.297128914685,1234.0868159024976,1234.8351724827662,0.7483565802685916,0.5,0.0296142945616885,8,unreviewed
2019-10-20,2019-10-17,2019-10-24,0.1392705447380688,0.7499999999999999,37.01852069392351,36.39931730134413,37.81545196054503,1.4161346592009068,0.25,0.027292127455907,10,unreviewed
2023-02-04,2023-02-03,2023-02-06,0.1386740139346748,2.0,563.4173193435159,563.1683261645958,563.9167972886935,0.7484711240977049,0.25,0.0174776565538763,2,unreviewed
2019-07-12,2019-07-08,2019-07-16,0.1365479217666182,36.16265669878752,1047.7371971933171,1047.7371971933171,1047.986687282566,0.2494900892488658,0.75,0.0256727602880262,7,unreviewed
2024-02-19,2024-02-16,2024-02-23,0.1360805644569328,3.75,755.6170718739241,754.9701001350768,756.4680039505474,1.497903815470636,0.25,0.02582796277746,2,unreviewed
2021-06-22,2021-06-01,2021-07-14,0.1355724155176552,4.766569922046087,497.1902907205487,497.05335637927055,497.55233694054186,0.4989805612713098,0.75,0.0441556157088709,6,unreviewed
2023-02-19,2023-02-17,2023-02-21,0.1350926460760296,4.29222078581652,1020.405586531084,1019.8006796427072,1021.047902715858,1.2472230731509626,0.5,0.0297893049142909,2,unreviewed
2018-02-15,2018-02-01,2018-03-01,0.1330812569765052,36.59218689364526,1183.3854572467628,1183.201682991814,1183.9501544730738,0.7484714812599123,0.75,0.034404867907186,2,unreviewed
2021-10-11,2021-10-11,2021-10-12,0.132845675959732,4.5,69.29702415514106,68.59871312370524,70.24817735282704,1.6494642291218042,0.25,0.0266976164516358,10,unreviewed
2023-01-14,2023-01-09,2023-01-20,0.1316571675470727,2.75,608.8129087593406,608.8129087593406,609.0623988485895,0.2494900892488658,0.25,0.0114379647080716,1,unreviewed
2019-12-14,2019-12-14,2019-12-14,0.1312819344528424,3.64330538615472,753.7606094636673,753.4720036624931,754.2208592430688,0.7488555805757642,0.5,0.0251651856531746,12,unreviewed
2025-04-25,2025-04-21,2025-04-29,0.1305843601633026,3.3799754731040017,917.61199261075,917.034214282874,918.281436356716,1.24722207384184,0.5,0.0305194819363459,4,unreviewed
2019-11-24,2019-11-22,2019-11-26,0.1296608102254256,2.5,981.1283110070568,980.639669269789,981.8868920933456,1.2472228235565126,0.25,0.0282563183208704,11,unreviewed
2022-08-13,2022-08-10,2022-08-17,0.1296605607353363,2.7499999999999996,631.0885403671383,630.7412960459478,631.738344555255,0.9970485093072056,0.25,0.0275201074846407,8,unreviewed
2019-06-28,2019-06-24,2019-07-02,0.1293140190013697,2.0415589655483437,500.2423001155485,500.0472412328236,500.5462218387984,0.4989806059747934,0.75,0.0253728150357024,6,unreviewed
2025-06-07,2025-06-02,2025-06-13,0.1280214732214936,2.6429792743589617,444.1068548246432,443.91190264420584,444.66037343023345,0.7484707860276103,0.5,0.024420650904476,6,unreviewed
2023-12-24,2023-12-21,2023-12-28,0.1272120026269257,12.917013393137315,568.491528946937,568.1581352637149,568.9066058914177,0.7484706277027726,0.75,0.0250267332252098,12,unreviewed
2025-02-03,2025-01-28,2025-02-10,0.1268808669059701,2.75,1052.515467252726,1051.9775621257722,1053.2247844487429,1.2472223229706287,0.25,0.0239941256737049,2,unreviewed
2024-12-28,2024-12-27,2024-12-30,0.1264192478683374,3.093374446552815,1016.6332780597164,1016.3086151988246,1017.0569717795588,0.7483565807342529,0.5,0.0344704888893163,12,unreviewed
2024-07-26,2024-07-23,2024-07-29,0.1253536133246332,1.1088523388648477,29.632777349557728,29.632777349557728,29.882267438806593,0.2494900892488658,0.5,0.0236438521654415,7,unreviewed
2025-05-30,2025-05-27,2025-06-02,0.1243847185630352,40.190122418606144,1162.838170961193,1162.7434439067729,1163.242424692493,0.4989807857200503,0.75,0.028557782250391,5,unreviewed
2020-04-12,2020-04-08,2020-04-16,0.12433494529023,1.6441961699085743,29.935494241645205,29.86610621633008,30.34892540657893,0.482819190248847,0.5,0.0217575416974419,4,unreviewed
2021-12-28,2021-12-21,2022-01-04,0.1213690071092395,0.458424573443385,35.093168523718965,34.76601429656148,35.94882008759305,1.1828057910315692,0.75,0.04046752765439,12,unreviewed
2023-05-12,2023-05-10,2023-05-15,0.121337134750338,2.6245752718517164,612.0484303020497,611.8031434356235,612.5510063008405,0.74786286521703,0.5,0.0262024979439514,5,unreviewed
2022-07-31,2022-07-29,2022-08-02,0.1209710080443653,27.88180126548601,563.4178166817874,563.4178166817874,563.6673067710362,0.2494900892488658,1.0,0.0234083828461009,7,unreviewed
2017-11-11,2017-10-02,2017-12-21,0.1204751464919832,2.25,1006.7024226573436,1006.081854112912,1007.5785104320385,1.4966563191264868,0.25,0.0244701147970172,11,unreviewed
2022-08-06,2022-08-02,2022-08-10,0.1201410168899566,13.00167481316696,880.2483732582821,880.1268268437125,880.6254386794753,0.4986118357628584,0.75,0.0271110014999051,8,unreviewed
2025-11-07,2025-11-05,2025-11-10,0.1200863785604111,4.749202335832845,159.03667108359272,158.74448353564367,159.49295430304483,0.7484707674011588,0.75,0.0279036022889393,11,unreviewed
2024-02-03,2024-01-30,2024-02-08,0.1200099722205786,3.1923512694871956,904.0066685087396,903.5648234966212,904.5626128250732,0.9977893284521996,0.5,0.0255542551366814,2,unreviewed
2022-10-28,2022-10-25,2022-11-01,0.1195550270428333,4.249749320478509,686.9358735943983,686.8081927248277,687.3068692018278,0.4986764770001173,0.75,0.0269870833889556,10,unreviewed
2022-09-27,2022-09-26,2022-09-28,0.1191779227729337,29.499827946600902,950.0853210358176,949.9593907599336,950.4583140942268,0.4989233342930674,0.75,0.0275904536533491,9,unreviewed
2019-02-17,2019-02-15,2019-02-19,0.1190985225520302,2.7499999999999996,985.9985644209612,985.3788991961628,986.8755550151692,1.4966558190062642,0.25,0.0267506140104573,2,unreviewed
2023-02-25,2023-02-21,2023-03-02,0.1187095051303689,2.843400496208033,920.0762576911044,919.77797898883,920.5263353209012,0.7483563320711255,0.5,0.0247602546365956,2,unreviewed
2023-02-19,2023-02-17,2023-02-21,0.1180237192475461,3.371120931341126,1187.6908793652042,1187.442795024719,1188.1911516049877,0.7483565802685916,0.5,0.0254578516644916,2,unreviewed
2023-02-04,2023-02-03,2023-02-06,0.1180091240773251,15.93518410363609,765.8208175389025,765.7064591851085,766.2056320188567,0.4991728337481618,0.75,0.0298685307904276,2,unreviewed
2022-09-27,2022-09-26,2022-09-28,0.1175144476028669,4.4579171253358405,687.1418384743952,687.0573791125789,687.5560555919074,0.4986764793284237,1.0,0.0267711598354952,9,unreviewed
2025-05-09,2025-05-05,2025-05-14,0.1173359374440093,2.8005139771594054,624.659799129232,624.5116405552253,625.010316784028,0.4986762288026511,0.75,0.0273732493549821,5,unreviewed
2022-08-06,2022-08-02,2022-08-10,0.1169846553983469,24.882392513249236,868.0432577178627,867.9198622410186,868.4184740767814,0.4986118357628584,1.0,0.0267167681421601,8,unreviewed
2022-08-20,2022-08-17,2022-08-24,0.1168772499149253,0.5,36.056387308754,35.69932999834418,36.64880739059299,0.9494773922488092,0.25,0.0333582372213206,8,unreviewed
2021-11-16,2021-11-15,2021-11-18,0.1168373315006455,33.10971734202853,285.2360430308617,285.23604303086177,285.48553312011063,0.2494900892488658,0.5,0.0194056256199871,11,unreviewed
2019-12-10,2019-12-10,2019-12-11,0.1168299715430126,11.75,31.966066955123097,31.966066955123097,32.21555704437196,0.2494900892488658,0.25,0.0137078192397892,12,unreviewed
2025-10-11,2025-10-06,2025-10-17,0.1161794261352962,4.75,147.7669146116823,147.7669146116823,148.01640470093116,0.2494900892488658,0.25,0.012695430356423,10,unreviewed
2023-02-19,2023-02-17,2023-02-21,0.1159601243468464,3.0,1187.690060701646,1187.442795024719,1188.1911516049877,0.7483565802685916,0.25,0.017685691164836,2,unreviewed
2023-02-19,2023-02-17,2023-02-21,0.1157479330259403,4.028147349430312,1075.2743348047416,1075.1748492531478,1075.6737725883722,0.49892333522439,0.75,0.0243600599596706,2,unreviewed
2024-02-03,2024-01-30,2024-02-08,0.1153124480751564,3.624385266961277,433.68433710836945,433.4333057831973,434.1817768169567,0.7484710337594151,0.5,0.025626891403684,2,unreviewed
2025-07-06,2025-07-01,2025-07-11,0.1150967638930007,2.852899672250546,629.1933621118942,628.9969920706935,629.7448544404469,0.7478623697534204,0.5,0.0291210850888647,7,unreviewed
2025-06-07,2025-06-02,2025-06-13,0.115067448807514,2.314509318413176,444.23051547728306,443.91190264420584,444.66037343023345,0.7484707860276103,0.5,0.0215167133250312,6,unreviewed
2019-02-17,2019-02-15,2019-02-19,0.1147230901118283,3.1947856029480444,1022.139764089543,1021.7961456100456,1022.7939354376869,0.9977898276410996,0.5,0.0236142611956796,2,unreviewed
2022-09-03,2022-08-30,2022-09-08,0.1141954809455892,12.245183552883834,42.83934978042759,42.69919928722083,43.18201847746968,0.482819190248847,0.75,0.0252023737266124,9,unreviewed
2022-08-06,2022-08-02,2022-08-10,0.1140174073943878,34.3348979243515,573.9765908270676,573.6469249017537,574.3953960244544,0.748471122700721,0.75,0.026343803700554,8,unreviewed
2018-11-30,2018-11-27,2018-12-04,0.1131176837600341,2.350412746707897,1029.9382497156896,1029.528574236203,1030.5263640633784,0.9977898271754384,0.5,0.0235291632249718,11,unreviewed
2019-11-20,2019-11-18,2019-11-22,0.1129683639416187,2.850587018023529,1016.2561586759772,1016.0591819523834,1016.8075385345146,0.7483565821312368,0.5,0.0264132929412479,11,unreviewed
2025-02-03,2025-01-28,2025-02-10,0.1117454882691653,3.1045076362678348,652.7957023033589,652.6696823374368,653.1683585671708,0.4986762297339737,0.5,0.0212301666348058,2,unreviewed
2023-01-05,2023-01-04,2023-01-06,0.1106985654821548,2.83467602210281,924.2581650256526,924.0183421722612,924.7666987529956,0.7483565807342529,0.5,0.0273380483879377,1,unreviewed
2019-11-24,2019-11-22,2019-11-26,0.1100049206615206,2.25,954.3748287152426,953.9503216953016,954.9481107727624,0.9977890774607658,0.25,0.0236563696345273,11,unreviewed
2019-02-17,2019-02-15,2019-02-19,0.1099325061631162,2.4999999999999996,1001.0922827590256,1000.5943237012252,1001.8415467739104,1.2472230726853013,0.25,0.025757341499541,2,unreviewed
2022-01-09,2022-01-04,2022-01-14,0.10992208995189,2.25,622.0137370843081,621.5214058803394,622.7676405296661,1.2462346493266525,0.25,0.0237230947711923,1,unreviewed
2023-02-25,2023-02-21,2023-03-02,0.1098015238662605,3.5860921998506035,1027.5929735876175,1027.5331092686392,1028.032032603398,0.4989233347587287,0.5,0.020612581774912,2,unreviewed
2021-11-20,2021-11-18,2021-11-22,0.1096401661510388,0.3343131409899034,32.04803950400073,31.966066955123097,32.448885911144316,0.4828189560212195,0.5,0.0229669663998789,11,unreviewed
2024-02-03,2024-01-30,2024-02-08,0.1090737612759215,3.689370875260973,719.5492160017678,719.2654635501094,720.2640018751845,0.99853832507506,0.5,0.023260777460343,2,unreviewed
2021-10-24,2021-10-21,2021-10-27,0.1090012844049948,2.639463030410538,1022.3818467608654,1022.0455788569524,1023.0433686831966,0.9977898262441158,0.5,0.0245690258524854,10,unreviewed
2019-03-19,2019-03-15,2019-03-23,0.1086969064961111,36.90117991857486,1048.0568538487605,1047.986630440224,1048.4855537754484,0.49892333522439,0.5,0.0255280342547504,3,unreviewed
2023-12-24,2023-12-21,2023-12-28,0.1068326541767213,12.372807995721663,663.1317542437422,662.8863170640543,663.6341794324107,0.7478623683564365,0.5,0.0256706690862559,12,unreviewed
2018-12-22,2018-12-18,2018-12-26,0.1061790525154116,2.8012805337603544,1050.8379112161535,1050.4809628985822,1051.4787527276203,0.9977898290380836,0.5,0.0257196385257562,12,unreviewed
2022-07-31,2022-07-29,2022-08-02,0.1040272628681624,40.05846446117669,1041.354540634852,1041.251934797503,1041.750858133193,0.4989233356900513,0.75,0.0303826169628805,7,unreviewed
2021-11-16,2021-11-15,2021-11-18,0.1034995913294011,1.2041799698441222,30.56609351979569,30.56609351979569,30.815583609044552,0.2494900892488658,0.75,0.0225654091888227,11,unreviewed
2019-02-02,2019-01-30,2019-02-06,0.1029682398118233,2.25,919.5301083470124,919.279112496879,920.0274690780788,0.7483565811999142,0.25,0.0178393117763084,2,unreviewed
2023-01-14,2023-01-09,2023-01-20,0.1027079592762144,4.064437755589105,1025.1978870949188,1025.0387768084183,1025.7871333891526,0.7483565807342529,0.5,0.0237933219737555,1,unreviewed
2022-06-23,2022-06-15,2022-07-01,0.1024899049382109,18.06764190385774,1012.3931589236688,1012.0682510165498,1012.816607598681,0.7483565821312368,0.5,0.0207797756800085,6,unreviewed
2022-01-04,2022-01-04,2022-01-04,0.102170682369017,38.13011790690519,1109.3524309215136,1109.3524309215136,1109.6019210107625,0.2494900892488658,0.5,0.0218013119446297,1,unreviewed
2023-05-18,2023-05-15,2023-05-22,0.1020121314172993,2.6042966194444617,918.3408594432484,918.031946267467,918.7803028477356,0.7483565802685916,0.5,0.024079569389772,5,unreviewed
2021-10-11,2021-10-11,2021-10-12,0.1019917979750256,20.542871867974885,35.3728836147644,35.232672029640526,35.715490986127406,0.4828189564868808,0.75,0.0249858125889678,10,unreviewed
2018-11-30,2018-11-27,2018-12-04,0.1018116037580656,2.4999999999999996,1034.8905019588694,1034.517238155939,1035.515027983114,0.9977898271754384,0.25,0.0222148642890407,11,unreviewed
2020-12-02,2020-11-18,2020-12-17,0.1016708913477292,2.7499999999999996,1022.0453069380952,1021.54671236407,1022.7939354376869,1.247223073616624,0.25,0.0230015688185055,12,unreviewed
2023-01-05,2023-01-04,2023-01-06,0.1015041695955887,2.8174875229355543,952.4492111077312,952.2042889730074,952.9526455542072,0.7483565811999142,0.5,0.0316131339910847,1,unreviewed
2022-09-27,2022-09-26,2022-09-28,0.1011228239941718,14.69847995894582,41.62687050618939,41.5325542492792,42.01537320576608,0.4828189564868808,0.75,0.0238932869949159,9,unreviewed
2025-07-06,2025-07-01,2025-07-11,0.1009143750246043,33.060175347511944,567.4721860921694,567.409663962666,567.9086445686407,0.4989806059747934,0.75,0.0231373593789725,7,unreviewed
2019-03-01,2019-02-27,2019-03-04,0.1003805909786564,0.0,36.53226424235721,36.16598820127547,37.11546512553468,0.9494769242592156,0.25,0.0248922234096493,3,unreviewed
2024-01-03,2023-12-28,2024-01-10,0.0990675246389396,3.0000000000000004,1099.2251565885374,1098.873820683919,1099.87178286165,0.9979621777310967,0.25,0.0226365119078603,1,unreviewed
2024-02-03,2024-01-30,2024-02-08,0.0987916509727527,3.0,935.9878837367232,935.4922674889676,936.73949056305,1.2472230740822852,0.25,0.0245189448230662,2,unreviewed
2023-02-02,2023-02-02,2023-02-03,0.0982873691298584,21.59855839402162,789.2788268131708,788.9269565031864,789.9254948263988,0.998538323212415,0.5,0.0248849571805647,2,unreviewed
2019-11-15,2019-11-12,2019-11-18,0.0975684634376878,0.25,33.12502509020394,32.6660535573028,33.84886005008593,1.1828064927831292,0.25,0.02262105560322,11,unreviewed
2024-11-01,2024-10-29,2024-11-04,0.0974433441579295,31.0,567.9086449965835,567.9086449965835,568.1581350858323,0.2494900892488658,0.25,0.0130158136207156,11,unreviewed
2020-07-05,2020-07-02,2020-07-08,0.0974237591859235,36.825885774722366,1045.4057796903253,1045.242865734268,1045.9912223145366,0.7483565802685916,0.5,0.0300123255418484,7,unreviewed
2019-11-24,2019-11-22,2019-11-26,0.0972155597064453,2.25,955.1664899682004,954.948053679429,955.6964102606288,0.7483565811999142,0.25,0.0206233128929744,11,unreviewed
2022-06-23,2022-06-15,2022-07-01,0.0970248869057368,15.568424874210177,1012.892365379717,1012.567117509432,1013.3154740897008,0.7483565802685916,0.5,0.0207954959407834,6,unreviewed
2022-09-27,2022-09-26,2022-09-28,0.0969273362808405,29.437105817412665,565.4785118617655,565.4137398237363,565.912720429711,0.4989806059747934,0.75,0.024601674623947,9,unreviewed
2022-10-28,2022-10-25,2022-11-01,0.0965371337812553,5.748240511555154,39.758656728717256,39.66592237725854,40.14874133234843,0.4828189550898969,0.75,0.0241474953409648,10,unreviewed
2019-02-17,2019-02-15,2019-02-19,0.0958665044213543,2.8496241702174174,1003.886445204948,1003.587522652466,1004.3358789840712,0.7483563316054642,0.5,0.0242839662390744,2,unreviewed
2019-01-13,2019-01-07,2019-01-19,0.0956126482555436,3.0,1013.2005782634444,1012.816550754942,1013.8143405821174,0.9977898271754384,0.25,0.0228766562249364,1,unreviewed
2021-02-01,2021-01-26,2021-02-08,0.0945918595553819,1.800084302465509,48.346935092172565,48.06576486630365,49.01524202525616,0.9494771589525044,0.5,0.0231462744044752,2,unreviewed
2023-01-05,2023-01-04,2023-01-06,0.0945400279893404,2.9999999999999996,913.4067777679816,913.0432833470404,914.0410731732844,0.9977898262441158,0.25,0.0249574484575778,1,unreviewed
2024-02-12,2024-02-08,2024-02-16,0.0932502266004461,3.75,738.1138454882162,737.7419887059368,738.7405270305462,0.9985383246093988,0.25,0.0204076031068061,2,unreviewed
2023-02-04,2023-02-03,2023-02-06,0.0922150922201526,3.3638622902120248,403.2449685563333,403.24496855633333,403.4944586455822,0.2494900892488658,0.5,0.0274237802251377,2,unreviewed
2023-12-24,2023-12-21,2023-12-28,0.0921126765385159,3.2499999999999996,392.5176989769794,392.26739299623296,393.0158634441905,0.7484704479575157,0.25,0.0178810019748019,12,unreviewed
2024-11-15,2024-11-12,2024-11-19,0.0909261016740483,3.0000000000000004,428.55681832067785,428.1940078497864,429.1919693578966,0.9979615081101656,0.25,0.0224621986225147,11,unreviewed
2022-06-23,2022-06-15,2022-07-01,0.0894098256566383,17.75,1029.6478934767767,1029.528574236203,1030.0274975714274,0.49892333522439,0.25,0.015155925347486,6,unreviewed
2020-02-20,2020-02-19,2020-02-22,0.0887906536276449,2.4999999999999996,57.759628636078226,57.39892329275608,58.348400452174246,0.9494771594181656,0.25,0.0246212947436678,2,unreviewed
2018-11-30,2018-11-27,2018-12-04,0.0887462443917586,2.5,1033.147930299361,1032.7712064338848,1033.76899551088,0.9977890769951046,0.25,0.0214727609109337,11,unreviewed
2019-02-17,2019-02-15,2019-02-19,0.0884239655689714,2.0731036732678505,989.7830425207576,989.6192631274462,990.1181862126105,0.4989230851642787,0.5,0.02023468581482,2,unreviewed
2021-10-11,2021-10-11,2021-10-12,0.0881684253450583,2.3174175744104675,43.10272295480951,42.93252838822082,43.64867621194571,0.7161478237248957,0.5,0.0226980936175934,10,unreviewed
2022-08-06,2022-08-02,2022-08-10,0.0878864391716847,2.25,501.1858358949203,500.795712783467,501.793674425222,0.997961641754955,0.25,0.0226288311561136,8,unreviewed
2024-04-06,2024-04-04,2024-04-09,0.0869078142966061,43.6283507862609,1073.6782497772947,1073.6782497772947,1073.9277398665436,0.2494900892488658,0.5,0.0208321375134918,4,unreviewed
2021-10-24,2021-10-21,2021-10-27,0.0854826645342942,2.9999999999999996,1025.1748882222112,1024.7893435629085,1025.7871333891526,0.9977898262441158,0.25,0.027210815954538,10,unreviewed
2022-07-15,2022-07-12,2022-07-18,0.0843172963274128,2.2500000000000004,38.61703556193031,38.26594917429611,39.21542586479336,0.9494766904972494,0.25,0.0277058656849198,7,unreviewed
2024-02-03,2024-01-30,2024-02-08,0.0841894950291951,3.119064332467764,997.6094060341376,997.3516925023868,998.100049084518,0.7483565821312368,0.5,0.0235044684556216,2,unreviewed
2024-01-03,2023-12-28,2024-01-10,0.0841835696395754,3.310642258592713,999.6620984302576,999.3471579710022,1000.095514052082,0.7483560810796916,0.5,0.0231894535386292,1,unreviewed
2022-09-03,2022-08-30,2022-09-08,0.0836114888649278,12.25802022054161,42.524602188104545,42.46587018668651,42.9486893764697,0.4828191897831857,0.75,0.0226342868691767,9,unreviewed
2022-09-27,2022-09-26,2022-09-28,0.0831554833543031,16.933476196869652,373.1184884973429,373.056637016125,373.5556175331585,0.4989805170334875,0.75,0.0233040105010316,9,unreviewed
2023-02-25,2023-02-21,2023-03-02,0.0831042131409625,3.5000000000000004,937.0003270068496,936.7394337197766,937.4877900509164,0.7483563311398029,0.25,0.018297554496686,2,unreviewed
2022-08-06,2022-08-02,2022-08-10,0.0830881210302059,27.107361948222657,206.89609703514728,206.89609703514725,207.14558712439612,0.2494900892488658,1.0,0.0246949310698281,8,unreviewed
2019-12-14,2019-12-14,2019-12-14,0.0820080160613253,3.25,753.8485874389684,753.7216864079237,754.2208592430688,0.4991728351451456,0.25,0.0175956226398758,12,unreviewed
2023-05-18,2023-05-15,2023-05-22,0.0814252695853623,2.9330825673877623,918.210467985208,918.031946267467,918.7803028477356,0.7483565802685916,0.5,0.0218015944892245,5,unreviewed
2022-07-15,2022-07-12,2022-07-18,0.081038060966848,0.25,29.755814005158783,29.399448483251035,30.34892540657893,0.949476923327893,0.25,0.0239270789566787,7,unreviewed
2020-04-05,2020-04-02,2020-04-08,0.0799704305024298,1.8584045292955071,568.1581352637149,568.1581352637149,568.4076253529638,0.2494900892488658,0.5,0.0167940715072645,4,unreviewed
2021-10-11,2021-10-11,2021-10-12,0.0796728511984782,20.444929859844947,35.05573554115035,34.999343163799495,35.48216211888939,0.4828189550898969,0.75,0.0224500566403245,10,unreviewed
2022-08-06,2022-08-02,2022-08-10,0.0794704523635751,12.682037333827266,879.1918034925536,879.1303398557939,879.6289516920224,0.4986118362285197,0.75,0.0232800090812461,8,unreviewed
2025-05-30,2025-05-27,2025-06-02,0.0792555790242095,3.492555566660712,421.2082766084932,421.2082766084932,421.4577666977421,0.2494900892488658,0.75,0.028847362577318,5,unreviewed
2023-12-24,2023-12-21,2023-12-28,0.0781576355139475,3.060712302027488,988.8738663186824,988.6215308932588,989.3698872243986,0.7483563311398029,0.5,0.0216837752520604,12,unreviewed
2022-10-28,2022-10-25,2022-11-01,0.0778908682360182,5.7517154454552815,40.07514497088515,39.89925124309957,40.382070200517774,0.4828189574182033,0.75,0.0219417143020675,10,unreviewed
2022-07-31,2022-07-29,2022-08-02,0.0777371823410409,30.18341909130516,1149.833310834659,1149.7699267053977,1150.268907490652,0.498980785254389,0.75,0.0228012725835191,7,unreviewed
2019-02-17,2019-02-15,2019-02-19,0.0777325044018675,2.2499999999999996,1016.6770865507068,1016.3086151988246,1017.306405026,0.9977898271754384,0.25,0.0210401219356091,2,unreviewed
2023-02-02,2023-02-02,2023-02-03,0.077412969970062,14.43941331309386,230.3493422751947,230.09869247395545,230.84716283110905,0.7484703571535647,0.5,0.0209240016837055,2,unreviewed
2022-09-27,2022-09-26,2022-09-28,0.0767339203196489,22.37402682539837,873.2753692736118,873.1514189271256,873.6500307633542,0.4986118362285197,0.5,0.0214761477283786,9,unreviewed
2021-11-24,2021-11-22,2021-11-27,0.0764986511654872,39.5,1176.7461466421812,1176.4654331966303,1177.2139046788216,0.7484714821912348,0.25,0.023706718337773,11,unreviewed
2024-12-22,2024-12-17,2024-12-27,0.0762479136257921,2.25,630.2429232676513,630.2429232676513,630.4924133569002,0.2494900892488658,0.25,0.0142409046773929,12,unreviewed
2025-04-18,2025-04-15,2025-04-21,0.07564576929539,18.563285678006206,924.828992509547,924.7666419106536,925.2655652454124,0.4989233347587287,0.75,0.0207333268357086,4,unreviewed
2023-02-02,2023-02-02,2023-02-03,0.0753619119463471,16.125238256824925,513.1453140388089,513.020745142363,513.5197254996747,0.498980357311666,0.5,0.0207599622403017,2,unreviewed
2023-02-04,2023-02-03,2023-02-06,0.0743650742947532,16.56516858974413,668.0218319486322,667.8700408586301,668.3687170883641,0.4986762297339737,0.5,0.0224478576254852,2,unreviewed
2021-10-11,2021-10-11,2021-10-12,0.0728353881850461,2.5,43.53603186391924,43.16585725545883,44.34866281179711,1.1828055563382804,0.25,0.0192759172036913,10,unreviewed
2024-02-03,2024-01-30,2024-02-08,0.0724728790853675,3.643528559232178,374.3753437816257,374.30408915504813,374.8030694229528,0.4989802679046988,0.5,0.0189220208045387,2,unreviewed
2024-03-03,2024-02-27,2024-03-08,0.0721796658579778,32.32592083716791,948.3045107275434,948.2133587868884,948.712281871587,0.4989230846986174,0.5,0.0193484512341629,3,unreviewed
2020-08-09,2020-08-05,2020-08-14,0.0703023153089024,35.83371594022371,1104.7774980743736,1104.6121076936834,1105.1110884789375,0.498980785254389,0.5,0.0250152827337384,8,unreviewed
2023-03-19,2023-03-17,2023-03-22,0.0693950445993489,2.5,919.0296792513692,919.0296792513692,919.279169340618,0.2494900892488658,0.25,0.0116795933136931,3,unreviewed
2024-01-18,2024-01-10,2024-01-26,0.0692499661124507,3.658541572094565,1202.488007632866,1202.408790744841,1202.9077140795998,0.4989233347587287,0.5,0.0183911418171584,1,unreviewed
2022-07-09,2022-07-06,2022-07-12,0.0688594517502539,2.861576689556097,628.0002475110814,628.0002475110814,628.2497376003303,0.2494900892488658,0.5,0.0207560252044354,7,unreviewed
2024-01-18,2024-01-10,2024-01-26,0.0688174750427377,3.5,688.0551173822023,688.0551173822023,688.3046074714512,0.2494900892488658,0.25,0.0160534905240463,1,unreviewed
2021-01-06,2020-12-17,2021-01-26,0.068642520117652,28.90019422548329,1009.149553731983,1009.0750528140924,1009.573975900188,0.4989230860956013,0.5,0.02120531572239,1,unreviewed
2025-10-31,2025-10-27,2025-11-05,0.0685612487210792,3.0000000000000004,612.3049955023799,612.0523298238404,612.8001926895231,0.7478628656826913,0.25,0.0217704922776499,10,unreviewed
2022-07-31,2022-07-29,2022-08-02,0.0678992891417796,3.081778214216491,35.77844368483861,35.69932999834418,36.18214918859303,0.482819190248847,0.5,0.0186245794178013,7,unreviewed
2025-01-12,2025-01-10,2025-01-14,0.0663700396397287,3.0000000000000004,709.653340779718,709.5278354813345,710.027008316014,0.4991728346794843,0.25,0.0165200683099691,1,unreviewed
2019-09-20,2019-09-16,2019-09-24,0.0661402592675305,39.4903129175873,1219.12082018191,1219.12082018191,1219.3703102711588,0.2494900892488658,0.75,0.030156611028618,9,unreviewed
2023-01-05,2023-01-04,2023-01-06,0.0661399474049189,2.4999999999999996,618.2892230583324,618.032798924949,618.7806612947024,0.7478623697534204,0.25,0.0228525674393881,1,unreviewed
2021-06-22,2021-06-01,2021-07-14,0.0661227325887608,35.91109853923024,1046.2405987177044,1046.2405987177044,1046.4900888069533,0.2494900892488658,0.5,0.0270412464442305,6,unreviewed
2024-11-15,2024-11-12,2024-11-19,0.0651754810924051,2.75,450.90422440018426,450.64814341347665,451.3966144477017,0.7484710342250764,0.25,0.020114719610505,11,unreviewed
2023-02-19,2023-02-17,2023-02-21,0.0651706784081871,2.75,1019.5629183108514,1019.301813150756,1020.050169731956,0.7483565811999142,0.25,0.0214775753221205,2,unreviewed
2023-02-04,2023-02-03,2023-02-06,0.0651164766862978,16.081933499554115,284.3139032167514,284.23808224638924,284.73706271871924,0.498980472330004,0.5,0.0234928432326245,2,unreviewed
2024-11-15,2024-11-12,2024-11-19,0.0650709447450098,3.0,918.5469558438684,918.2813795125112,919.0297360946424,0.7483565821312368,0.25,0.0218765543137497,11,unreviewed
2023-02-02,2023-02-02,2023-02-03,0.0628368233683086,4.337487741254105,671.6078339545056,671.6078339545056,671.8573240437545,0.2494900892488658,0.5,0.0220147093263516,2,unreviewed
2019-09-20,2019-09-16,2019-09-24,0.0625964396673173,36.25,1046.7394652096557,1046.7394652096557,1046.9889552989043,0.2494900892488658,0.25,0.0173422879514554,9,unreviewed
2022-09-27,2022-09-26,2022-09-28,0.0611923094450247,16.9940109247175,374.80306951329106,374.8030695132911,375.05255960254,0.2494900892488658,0.75,0.0194993077416064,9,unreviewed
2023-05-12,2023-05-10,2023-05-15,0.0608877444185741,2.9999999999999996,612.0536120093424,611.8031434356235,612.5510063008405,0.74786286521703,0.25,0.0213898563785272,5,unreviewed
2024-11-15,2024-11-12,2024-11-19,0.060589853252011,2.7499999999999996,907.5568249304196,907.3063206872904,908.0546772698872,0.7483565825968981,0.25,0.0194821468751675,11,unreviewed
2025-10-19,2025-10-17,2025-10-22,0.0605228651630476,2.75,1008.313729314798,1008.0773200811818,1008.825676661916,0.7483565807342529,0.25,0.0193846857195934,10,unreviewed
2022-09-27,2022-09-26,2022-09-28,0.0597380940873153,29.331900741623972,867.8373396199657,867.6707404931076,868.1693523302674,0.4986118371598422,0.5,0.0196655053052371,9,unreviewed
2024-01-18,2024-01-10,2024-01-26,0.0591671983905916,2.75,59.032225830480456,59.032225830480456,59.28171591972932,0.2494900892488658,0.25,0.0125257428093933,1,unreviewed
2023-05-06,2023-05-02,2023-05-10,0.0587292809114375,3.0000000000000004,632.7367980514084,632.4855990265496,633.2334613967687,0.7478623702190816,0.25,0.0218752902984574,5,unreviewed
2020-05-25,2020-05-22,2020-05-29,0.0584426167988906,0.7500000000000001,37.099886855744,36.86597503628582,37.58212285861373,0.7161478223279119,0.25,0.0190990888996832,5,unreviewed
2021-11-16,2021-11-15,2021-11-18,0.0582889932764356,31.25,525.9942480563186,525.9942480563186,526.2437381455675,0.2494900892488658,0.25,0.0146618078283824,11,unreviewed
2022-08-06,2022-08-02,2022-08-10,0.0577132325229715,21.75,778.8143651503909,778.6899629426189,779.1891357768327,0.4991728342138231,0.25,0.017020791238398,8,unreviewed
2022-07-31,2022-07-29,2022-08-02,0.0567761477477528,20.25,763.458857420182,763.2096314812079,763.9584873113781,0.7488558301702142,0.25,0.0182464696904171,7,unreviewed
2023-02-04,2023-02-03,2023-02-06,0.0547215344902661,31.870679809513817,840.5164730693213,840.5164730693214,840.7659631585702,0.2494900892488658,0.5,0.0179848780079844,2,unreviewed
2019-08-30,2019-08-29,2019-09-01,0.054688352308396,2.75,609.8096543140709,609.8096543140709,610.0591444033198,0.2494900892488658,0.25,0.0158599642062578,8,unreviewed
2018-02-15,2018-02-01,2018-03-01,0.0543294608150115,37.87858935443282,1125.0703457822092,1125.0703457822092,1125.319835871458,0.2494900892488658,0.5,0.0225150344617326,2,unreviewed
2020-04-05,2020-04-02,2020-04-08,0.0541599322993669,2.1759901189639885,526.9922101260163,526.9922101260163,527.2417002152652,0.2494900892488658,0.75,0.0161489757263032,4,unreviewed
2018-05-05,2018-03-26,2018-06-15,0.0530526952832804,36.628256021199704,1183.4511736887507,1183.4511736887507,1183.7006637779996,0.2494900892488658,0.5,0.0265962647313458,5,unreviewed
2025-02-24,2025-02-20,2025-02-28,0.0518248921815644,3.75,419.35192329605024,419.2123538237065,419.711334137246,0.498980313539505,0.25,0.0168661129435413,2,unreviewed
2023-01-05,2023-01-04,2023-01-06,0.0516384607123732,2.5,617.6849645652189,617.5344266458414,618.0331028737128,0.4986762278713286,0.25,0.0186838338523197,1,unreviewed
2022-05-07,2022-05-03,2022-05-12,0.0505864857510554,20.882302678789404,917.5330802751706,917.5330802751704,917.7825703644194,0.2494900892488658,0.5,0.0148944544900445,5,unreviewed
2021-10-11,2021-10-11,2021-10-12,0.0489546958223232,2.7499999999999996,43.04741894500984,42.93252838822082,43.4153473447077,0.4828189564868808,0.25,0.0197273435357207,10,unreviewed
2023-01-05,2023-01-04,2023-01-06,0.047749222083595,3.5,1113.7127534648614,1113.5937727591954,1114.0927535444498,0.498980785254389,0.25,0.0183645826252521,1,unreviewed
2021-10-08,2021-10-05,2021-10-11,0.0476952698517949,29.87995498794273,259.03956448705867,259.03956448705867,259.28905457630754,0.2494900892488658,0.5,0.0182028946220612,10,unreviewed
2023-02-04,2023-02-03,2023-02-06,0.0472986429824115,5.5,498.79978894023225,498.79978894023225,499.0492790294811,0.2494900892488658,0.25,0.0135228947319493,2,unreviewed
2024-10-03,2024-10-03,2024-10-03,0.0463720991634635,2.5,609.0620951480232,609.0620951480232,609.3115852372721,0.2494900892488658,0.25,0.0143800541726146,10,unreviewed
2022-06-23,2022-06-15,2022-07-01,0.045169556933284,14.62935624628896,1012.0682510165498,1012.0682510165498,1012.3177411057986,0.2494900892488658,0.5,0.0149001369823218,6,unreviewed
2023-12-24,2023-12-21,2023-12-28,0.0449455148331385,3.25,998.965717231578,998.8482919787056,999.34721506387,0.4989230851642787,0.25,0.0162143606349892,12,unreviewed
2022-07-31,2022-07-29,2022-08-02,0.0434383452039861,1.25,31.266080355271693,31.266080355271697,31.515570444520563,0.2494900892488658,0.25,0.0136641382172103,7,unreviewed
2021-12-14,2021-12-13,2021-12-16,0.0433114794936031,38.25,1190.5607105917295,1190.4359939694405,1190.934917303268,0.4989233338274061,0.25,0.0175866853082209,12,unreviewed
2023-01-14,2023-01-09,2023-01-20,0.042827219230371,3.0,997.9694153702122,997.8505589952692,998.349482330028,0.4989233347587287,0.25,0.0180370279330217,1,unreviewed
2022-07-31,2022-07-29,2022-08-02,0.041436187237764,39.12336528011512,1176.2159425006248,1176.2159425006248,1176.4654325898737,0.2494900892488658,0.5,0.0158035389353789,7,unreviewed
2018-08-22,2018-08-08,2018-09-06,0.0407444759653215,36.75000000000001,1183.327352600569,1183.201682991814,1183.7006637779996,0.4989807861857116,0.25,0.0239283225246648,8,unreviewed
2023-02-04,2023-02-03,2023-02-06,0.0384530966131376,21.25,633.7315297266468,633.7315297266468,633.9810198158957,0.2494900892488658,0.25,0.0180723850431316,2,unreviewed
2022-10-28,2022-10-25,2022-11-01,0.0380444942194703,39.87406304717062,1057.465092036873,1057.465092036873,1057.714582126122,0.2494900892488658,0.5,0.0175841870191726,10,unreviewed
2023-02-04,2023-02-03,2023-02-06,0.0379112041392891,8.75,197.7888608230825,197.66495744232088,198.16393762128428,0.498980178963393,0.25,0.0146472837350201,2,unreviewed
2023-02-04,2023-02-03,2023-02-06,0.0354749957902962,31.500000000000004,232.8430851963349,232.84308519633487,233.0925752855837,0.2494900892488658,0.25,0.0112314850218061,2,unreviewed
2020-02-07,2020-02-05,2020-02-10,0.0341301818367225,39.25,1219.3702534274198,1219.3702534274198,1219.619743516669,0.2494900892488658,0.25,0.0197594346533768,2,unreviewed
2023-09-09,2023-09-05,2023-09-14,0.0309136932336038,37.5,1218.1230872021988,1218.1230872021988,1218.3725772914477,0.2494900892488658,0.25,0.0122427762565986,9,unreviewed
2023-02-04,2023-02-03,2023-02-06,0.0285772809203105,17.5,569.904568138998,569.904568138998,570.1540582282469,0.2494900892488658,0.25,0.0154255202914496,2,unreviewed
2023-02-04,2023-02-03,2023-02-06,0.028410372050603,4.750000000000001,469.858903828077,469.858903828077,470.1083939173259,0.2494900892488658,0.25,0.0118970392620424,2,unreviewed
2021-04-27,2021-04-21,2021-05-04,0.0276220457410989,35.75,1104.8615983896889,1104.8615983896889,1105.1110884789375,0.2494900892488658,0.25,0.0143687300826724,4,unreviewed
2021-01-06,2020-12-17,2021-01-26,0.027516386688302,3.25,222.8634745948948,222.8634745948948,223.1129646841437,0.2494900892488658,0.25,0.0120604829452973,1,unreviewed
2023-02-04,2023-02-03,2023-02-06,0.0238536850605617,23.499999999999996,793.6709296642803,793.6709296642803,793.9204197535291,0.2494900892488658,0.25,0.0116022049068453,2,unreviewed
2023-12-02,2023-11-27,2023-12-08,0.0232481726139547,2.75,102.35969538614152,102.35969538614154,102.6091854753904,0.2494900892488658,0.25,0.0102559384665182,12,unreviewed
2019-01-13,2019-01-07,2019-01-19,0.0230417195651013,4.0,1079.6646466804668,1079.6646466804668,1079.9141367697157,0.2494900892488658,0.25,0.0111985295407515,1,unreviewed
2021-02-01,2021-01-26,2021-02-08,0.0227507517485148,2.5,624.5116405552253,624.5116405552253,624.7611306444742,0.2494900892488658,0.25,0.0129009499487202,2,unreviewed
2023-03-29,2023-03-22,2023-04-06,0.0226517665556053,3.25,909.8006523982622,909.8006523982622,910.050142487511,0.2494900892488658,0.25,0.0108007402105739,3,unreviewed
2019-11-15,2019-11-12,2019-11-18,0.0225585820072708,0.75,36.86597503628582,36.86597503628582,37.11546512553468,0.2494900892488658,0.25,0.0110837969174004,11,unreviewed
2023-02-04,2023-02-03,2023-02-06,0.0217070099601421,17.25,295.2156541310251,295.2156541310251,295.46514422027394,0.2494900892488658,0.25,0.0136132346484281,2,unreviewed
2024-01-18,2024-01-10,2024-01-26,0.0215729090371709,4.0,156.74856182280928,156.74856182280928,156.99805191205814,0.2494900892488658,0.25,0.0124447789122297,1,unreviewed
2019-02-02,2019-01-30,2019-02-06,0.0208012985636465,6.25,752.4732716819271,752.4732716819271,752.722761771176,0.2494900892488658,0.25,0.0159787054310468,2,unreviewed
2023-02-04,2023-02-03,2023-02-06,0.0205934109467798,17.75,387.77656678762287,387.77656678762287,388.02605687687173,0.2494900892488658,0.25,0.0112789831846831,2,unreviewed
2023-02-04,2023-02-03,2023-02-06,0.0204273129198624,17.0,293.21973206009716,293.21973206009716,293.469222149346,0.2494900892488658,0.25,0.0152709191387027,2,unreviewed
2020-03-26,2020-03-19,2020-04-02,0.0199249022526375,35.5,1151.7658522757702,1151.7658522757702,1152.015342365019,0.2494900892488658,0.25,0.0131624970188485,3,unreviewed
2020-04-05,2020-04-02,2020-04-08,0.0197056004641877,2.5,509.7773686670699,509.7773686670698,510.0268587563187,0.2494900892488658,0.25,0.0122022757195567,4,unreviewed
2024-01-18,2024-01-10,2024-01-26,0.0194181255088507,2.75,920.526278227102,920.526278227102,920.7757683163508,0.2494900892488658,0.25,0.0121844596098964,1,unreviewed
2022-10-01,2022-09-28,2022-10-05,0.0190267379313416,22.75,946.7167598111556,946.7167598111556,946.9662499004044,0.2494900892488658,0.25,0.0113640068015502,10,unreviewed
2025-03-28,2025-03-24,2025-04-01,0.0189406638505507,3.5,936.24056722736,936.24056722736,936.4900573166088,0.2494900892488658,0.25,0.0101249269991637,3,unreviewed
2022-09-27,2022-09-26,2022-09-28,0.0188113656117975,38.0,965.9231135048902,965.9231135048904,966.1726035941392,0.2494900892488658,0.25,0.0108103643858325,9,unreviewed
